1490
1601
2634
2729
2893
5409
5923
7919
8442
8802
9063
10982
16898
19913
23412
23924
25219
25785
27494
27510
28079
29457
32597
38702
40700
44152
44698
47815
52710
57256
58080
58977
63193
63996
67576
67960
69565
71043
71314
73794
75657
76015
80218
80638
83771
84215
84678
87177
87624
87719
88514
90361
90383
90684
91173
95251
96305
99992
100384
103754
103804
104272
108463
109280
112157
112398
114467
114680
117475
117645
119579
120181
122792
122993
123704
124626
129421
130584
131667
132384
132563
133864
135029
136687
139635
141584
145121
145439
146097
146188
147635
148581
149189
149476
149680
152731
155062
156034
156476
157684
158154
158899
158990
159052
159913
161120
161456
162997
165035
165058
168716
171617
172397
172400
172762
173679
175021
175943
175960
180771
184113
184872
185002
185138
185737
188501
194439
195846
196734
203365
207058
207815
208315
208771
208816
208832
208991
209760
210488
212235
213394
214863
215149
215463
216346
216425
219707
220449
223185
223880
224678
227293
229810
230014
230384
230440
230634
230673
232365
232608
239290
240522
240942
241378
242548
243980
245067
245973
247115
248558
255519
257535
257593
258418
260216
261678
264274
268649
268772
270148
270460
270898
273354
273578
273969
274139
275220
275341
275402
275431
275515
275696
277371
279560
280598
280638
283214
283747
286063
286276
287658
287973
288311
288736
288737
289838
290098
290758
292959
293112
294011
294209
294583
294641
294714
297898
300992
301030
304495
304648
304797
305228
305977
306180
309396
310464
311107
311230
312475
312944
313319
315684
315950
316593
318129
319020
320045
321325
324041
326190
326369
327648
328279
329185
330044
331979
333852
334432
334628
335963
337194
340903
342979
343101
344685
345290
346206
349949
350023
352928
352976
353216
355589
355855
361762
361770
363868
367854
367946
368151
369677
370900
371552
373402
377285
380633
382213
383031
385654
387383
389932
391658
394942
395415
397657
397679
399582
400815
403281
404055
404138
406530
409666
410532
411273
412977
413472
413737
418494
418835
419411
421455
424026
424235
425631
427240
429569
432117
432871
433648
435684
436727
437255
437352
438422
439437
440696
443589
445632
447014
448938
451018
452038
452912
454028
454770
454832
456745
457453
459218
460205
461954
463039
463354
464683
468184
469788
472514
473084
473692
474107
479091
479455
479624
480739
481198
481763
483131
483434
484628
484817
488242
488888
491663
493999
495367
495796
499868
502343
504099
504374
505125
505545
506991
507071
510812
512322
512802
515931
518565
518775
520057
520580
520662
521991
522905
523377
525464
527574
528269
530373
530726
530926
535771
536205
536927
537248
537912
538613
538997
539639
540596
542121
542405
542994
548939
551054
555795
555843
557365
560578
563761
565938
567715
567732
568948
571008
571032
571430
571444
571821
574660
576183
577091
583181
583765
584627
589076
589573
590283
591515
591665
593538
596826
599607
599732
600956
602389
602667
602703
604471
609598
610965
612218
614349
614483
618311
618607
621396
625887
627144
631115
633253
634006
634252
635469
637905
638448
638606
638858
640338
645486
648469
651379
651782
654244
655363
665923
665931
666583
667330
667501
667766
667861
670124
672492
674425
675858
677798
678019
679519
679766
685751
685925
690073
692876
694698
697106
697170
697307
703584
705018
706233
706621
706681
707849
708172
708263
710011
710843
711860
712718
715361
716431
718754
721621
722613
722908
723475
725004
725122
728367
734517
734768
742654
743306
744278
744768
744860
748729
749087
753405
757523
758098
762591
763972
765830
767030
767888
769116
770253
771898
772072
772932
773505
777356
778043
783630
784816
787434
788564
788822
789532
790480
794066
795307
795811
797151
798362
798750
798931
799489
803525
807465
809343
811459
811509
818000
820274
821257
823732
825074
825595
826842
827694
830337
832057
832391
836275
837443
837714
837981
839105
839895
842658
842722
843800
844295
844386
844965
1127646
1127721
1128336
1131512
1136016
1136078
1136441
1140893
1142616
1145580
1150788
1150858
1150943
1152469
1153946
1154133
1154599
1157412
1157761
1159717
1159721
1160493
1161567
1161865
1161951
1163292
1165966
1166113
1166539
1168457
1168685
1170084
1171477
1171533
1172803
1173499
1177864
1182608
1184544
1185791
1186260
1188557
1189269
1189661
1189843
1191874
1193238
1193354
1197077
1201778
1203424
1203427
1203834
1205408
1206121
1206907
1207461
1210141
1210978
1213126
1214465
1216246
1217781
1219136
1222206
1222276
1223384
1224525
1225632
1228977
1229813
1232004
1232123
1232241
1232302
1232379
1232645
1234529
1237967
1238660
1241392
1241948
1243603
1244338
1245411
1245824
1248684
1248717
1248780
1251871
1254342
1255321
1256210
1257255
1257635
1257890
1259049
1262578
1263939
1265479
1266371
1266651
1266933
1268808
1269308
1269363
1269892
1270193
1270996
1271820
1272834
1273620
1275274
1276962
1277705
1278424
1279923
1280913
1282977
1284400
1284881
1287574
1288746
1290308
1294865
1297061
1298044
1298703
1299401
1299430
1300164
1302198
1304082
1304726
1312235
1312450
1312932
1315974
1316878
1317057
1318030
1319333
1320755
1321159
1330680
1332140
1332341
1332703
1334949
1335626
1337176
1337399
1341397
1342610
1343664
1346547
1348434
1353560
1353942
1354260
1356226
1356248
1360921
1364425
1365095
1366623
1367375
1369447
1371825
1374145
1374183
1374195
1375279
1375954
1377454
1378232
1378299
1378855
1380224
1380577
1381351
1384422
1385906
1387863
1390099
1394039
1395768
1396271
1396455
1397724
1397857
1398901
1400283
1401147
1401370
1403684
1406560
1408195
1409750
1414570
1415310
1417125
1417150
1417557
1419737
1419754
1420598
1420961
1424561
1432089
1432670
1433661
1433697
1434930
1440305
1440835
1442105
1442235
1443415
1443960
1444142
1446750
1449060
1452019
1452625
1452899
1453272
1454971
1455145
1455435
1456621
1457988
1460107
1463151
1463360
1467452
1468127
1468905
1469643
1469748
1471280
1471708
1473541
1473854
1473946
1474164
1474244
1475073
1475379
1477510
1477710
1477809
1478728
1478765
1479699
1481268
1482020
1482182
1483005
1483266
1484202
1486158
1486850
1486959
1488724
1489936
1490675
1494795
1495048
1497768
1498406
1499256
1501517
1501719
1503298
1507547
1510605
1513400
1514239
1515996
1516411
1517412
1518190
1519500
1522590
1523637
1525417
1526183
1529165
1530529
1531005
1531599
1534922
1536400
1537334
1537951
1538935
1539231
1539877
1540180
1541746
1545057
1545185
1549027
1550846
1551582
1554391
1555640
1557931
1558666
1560777
1561698
1566083
1566502
1567509
1567581
1569645
1572284
1572543
1573582
1574307
1577937
1579275
1580843
1582149
1582785
1583394
1583515
1584838
1588671
1590161
1591227
1591480
1591785
1592015
1599009
1600311
1600671
1605132
1606742
1609123
1614757
1617251
1617701
1617724
1618757
1619508
1620324
1626210
1627032
1630267
1630304
1631412
1633508
1640215
1640714
1641790
1642170
1644870
1646257
1646577
1647018
1649179
1650282
1650483
1652890
1654505
1658323
1658778
1663002
1663622
1664574
1666489
1667145
1670412
1670534
1671420
1672230
1672436
1674109
1674211
1674498
1675618
1675811
1676095
1676160
1680382
1681272
1682689
1683790
1684170
1684806
845697
846331
846359
847681
847989
849377
849793
851556
854530
855689
856741
857717
861305
862838
867722
870885
871773
872225
873690
875104
875311
876226
881752
885051
886995
887252
887279
888690
888707
890597
894905
896193
897039
898839
899794
902010
902096
903400
903592
906617
906733
906859
907181
908905
909002
911494
912010
913397
915652
916752
921967
925073
928696
929536
930028
930541
930979
933834
933838
936298
936300
938279
941922
942468
944268
947671
948209
949504
952802
956493
961111
964241
964530
965943
970062
972354
972451
974343
974861
974931
975024
975581
978961
980471
981704
981987
984180
985272
985986
987756
990273
992987
998306
998992
1003090
1003853
1004613
1004713
1004740
1007855
1010471
1010913
1012376
1012870
1013630
1013656
1013826
1015353
1015887
1016655
1019740
1021310
1022331
1023838
1024299
1028713
1028818
1030026
1030162
1031932
1032154
1033168
1034270
1034460
1036666
1038124
1038634
1045196
1046321
1048948
1049580
1050201
1053595
1054068
1055205
1055761
1055911
1057646
1058692
1059081
1060027
1062586
1062708
1066842
1067301
1067631
1072314
1073678
1075229
1075855
1075993
1076516
1076977
1078662
1078993
1082872
1083915
1085874
1089065
1090269
1093454
1093777
1096778
1097365
1097808
1099390
1102361
1102639
1103027
1104500
1106267
1107122
1107558
1109487
1110393
1112505
1115123
1118059
1118249
1120005
1120454
1123460
1124529
1125774
1685299
1687732
1687891
1689176
1691895
1695161
1695346
1695348
1695432
1697608
1700759
1702582
1702955
1705573
1709038
1710312
1710568
1711257
1714315
1715537
1715791
1716527
1718217
1721185
1722212
1723530
1724659
1726511
1733309
1735536
1736086
1742455
1743307
1744113
1745679
1745908
1746801
1747603
1747669
1749166
1749535
1751964
1752322
1752393
1753106
1757732
1758971
1762432
1763132
1764541
1765235
1767126
1768687
1768771
1772645
1773310
1774799
1775099
1776813
1777030
1778320
1779486
1782646
1782655
1783476
1786634
1787093
1787283
1787407
1789792
1790387
1792968
1794257
1795472
1796275
1798324
1798898
1801237
1801366
1805229
1806009
1806524
1809577
1813488
1814458
1815762
1816547
1816607
1818022
1818631
1819495
1822357
1823706
1825166
1825338
1829423
1830537
1831069
1832824
1834013
1834083
1835978
1836714
1836776
1837762
1840069
1841538
1843811
1846124
1847042
1848215
1851141
1853539
1853880
1855022
1856621
1856667
1859042
1860649
1861891
1867374
1868153
1868923
1869944
1870356
1871673
1871737
1873342
1874286
1875328
1879265
1885741
1887686
1890765
1893232
1893626
1893996
1898200
1901541
1901977
1903566
1904823
1905417
1905598
1906257
1909457
1910277
1910289
1910957
1910980
1912593
1914176
1915158
1919039
1919599
1920052
1920474
1922365
1923034
1923521
1924329
1925005
1925214
1926107
1926542
1926884
1927158
1927228
1928315
1929057
1929802
1930307
1933125
1933365
1933982
1935217
1935300
1935341
1935815
1937050
1938654
1939283
1944599
1944999
1947009
1948082
1949789
1950615
1950924
1950954
1952993
1953503
1955168
1955211
1955540
1955549
1956412
1956650
1957528
1960821
1963030
1965263
1967078
1967148
1968373
1971201
1973257
1976164
1976499
1976822
1977813
1977895
1978451
1979234
1979740
1981488
1983737
1985713
1989465
1989700
1989986
1991527
1992780
1993998
1994640
1996256
1998250
2000090
2001989
2002612
2005769
2008991
2009471
2010678
2012453
2015716
2016974
2019223
2021812
2023667
2023813
2024144
2024239
2024341
2026113
2026772
2027521
2028777
2029327
2029396
2031180
2032160
2032197
2032388
2033021
2033777
2034820
2035102
2035884
2036440
2036747
2037853
2039888
2041460
2041993
2043335
2043899
2043960
2044093
2045803
2047850
2050579
2050608
2052808
2059079
2061967
2064823
2070228
2070416
2077636
2078150
2078680
2078702
2080682
2080718
2080904
2080981
2082569
2082836
2083536
2083918
2089102
2089700
2092064
2092413
2097805
2097956
2099026
2099082
2099189
2100338
2103778
2103837
2106949
2107769
2108493
2109089
2109442
2112408
2115015
2115583
2115801
2115812
2117450
2120909
2122365
2123858
2124686
2127508
2127653
2130488
2131116
2132730
2135963
2136685
2137821
2139287
2140110
2140566
2140657
2140853
2143083
2143455
2144841
2145160
2147510
2148999
2150465
2151245
2152700
2153108
2153490
2157048
2160990
2161378
2161937
2167300
2170156
2175237
2176083
2177842
2178079
2181864
2183844
2184953
2185063
2185189
2185291
2187560
2188207
2189278
2192757
2193912
2196853
2199594
2199846
2201278
2205904
2206902
2213145
2213667
2213822
2213884
2214198
2214405
2214453
2215867
2216009
2217882
2218065
2221415
2222897
2223019
2224520
2228593
2228848
2229158
2229160
2233196
2235398
2235981
2236205
2236603
2237718
2239553
2240246
2240415
2242287
2242660
2243048
2243867
2244789
2246864
2247607
2252657
2252895
2261586
2263466
2263934
2267954
2271212
2272313
2272807
2273705
2275945
2277259
2278114
2278854
2279473
2280289
2280494
2283404
2284939
2285631
2287197
2288304
2289019
2290943
2291012
2291680
2292165
2292309
2292650
2295978
2297022
2297850
2298964
2299354
2301578
2304213
2304266
2305339
2305345
2306168
2306925
2306934
2307125
2307306
2307332
2313451
2317059
2317482
2318715
2321077
2321555
2322795
2322929
2328320
2328671
2330522
2331021
2331177
2331782
2333964
2334243
2335490
2337082
2337857
2340245
2340292
2340588
2344137
2345913
2346694
2347740
2350389
2353393
2353740
2354489
2357779
2357807
2357889
2361361
2362014
2363007
2365030
2367982
2369337
2370444
2370953
2371081
2372016
2372023
2373261
2374815
2376138
2377115
2378042
2380740
2381841
2382761
2384529
2385669
2388125
2390340
2392585
2393207
2396102
2398709
2399906
2399922
2400924
2403288
2404449
2405940
2406236
2406759
2410064
2410210
2410473
2410927
2411991
2415416
2415809
2416661
2417700
2418639
2418870
2420042
2421603
2421691
2424024
2425137
2425527
2425843
2427639
2427666
2428664
2428860
2428910
2429089
2430744
2430839
2431222
2431232
2432964
2433142
2434022
2434439
2436272
2438729
2438987
2439192
2443767
2444129
2445124
2445323
2447190
2447323
2449674
2450088
2451181
2453141
2453965
2454106
2457388
2458393
2460301
2462932
2464500
2465339
2465796
2466983
2469081
2469333
2469809
2470691
2472688
2473605
2474489
2476004
2476694
2478067
2478147
2478492
2480571
2486817
2488016
2488442
2489431
2490913
2494040
2494154
2495533
2498483
2502571
2506211
2507188
2508823
2510630
2510693
2511776
2512226
2513037
2513406
2514367
2515250
2515800
2516477
2517653
2520109
2521317
2525453
2529602
2530367
2531750
2532107
2534365
2537954
2539356
2540072
2540103
2541845
2542877
2547622
2548217
2550536
2551525
2551594
2552557
2556121
2558433
2559070
2559595
2559624
2559970
2561429
2562268
2564250
2565056
2565680
2565976
2568149
2568495
2568921
2569868
2573057
2575585
2576361
2577071
2578803
2579171
2579630
2579702
2580129
2581739
2582555
2584421
2584874
2585754
2588217
2588346
2589988
2591142
2591999
2593120
2593895
2594213
2595518
2598166
2598772
2599064
2599430
2599883
2603322
2604373
2608189
2608796
2609474
2609580
2610666
2610920
2613064
2615032
2616217
2616716
2617606
2623464
2625520
2626544
2634053
2634097
2634314
2634743
2635528
2637013
2638109
2643570
2643795
2644209
2644929
2646654
2650594
2651480
2651820
2654096
2658500
2662392
2664010
2669145
2669916
2671327
2672041
2673348
2674362
2674463
2676027
2676144
2676613
2677687
2678311
2679755
2680372
2682471
2683658
2686274
2686544
2690085
2690845
2691285
2692337
2693967
2695459
2697151
2702388
2703114
2703483
2703917
2704774
2705638
2706884
2707113
2707360
2707576
2707987
2708533
2708807
2716077
2717955
2719521
2719682
2720812
2722413
2725092
2725607
2726115
2726276
2727288
2730885
2730899
2730903
2731318
2733415
2734296
2735679
2736161
2736808
2737035
2737267
2737503
2740516
2740947
2742462
2747043
2747614
2747969
2750636
2750688
2751104
2753389
2756073
2761088
2761836
2764150
2765235
2766685
2766770
2767542
2767735
2768301
2768985
2773271
2773399
2774966
2775505
2778314
2780307
2781822
2783969
2784489
2785595
2786200
2788021
2788057
2789910
2794533
2794786
2796653
2801278
2801572
2802201
2803481
2806294
2806595
2806920
2806983
2810885
2815144
2817039
2817166
2817807
2818467
2823676
2826004
2826108
2827981
2831921
2832790
2837358
2838465
2840482
2845204
2848184
2849737
2849887
2850909
2851400
2852440
2854469
2856957
2858646
2859181
2859752
2860240
2862859
2863174
2863549
2864077
2866377
2866641
2867126
2867490
2869852
2873316
2876786
2876967
2877846
2878054
2878931
2881313
2885555
2885646
2886484
2887096
2889352
2890384
2893452
2893891
2897332
2897624
2899512
2909780
2910675
2911073
2913266
2913885
2918154
2918721
2920028
2922624
2923394
2925555
2928305
2928366
2929270
2930032
2933384
2935197
2935963
2936130
2939166
2940133
2940850
2940867
2942736
2944580
2945304
2949548
2953651
2953879
2954026
2955814
2956931
2959982
2960836
2961635
2963540
2967167
2968940
2970056
2970194
2970900
2972617
2973273
2973609
2977619
2978057
2978942
2979418
2979796
2980775
2981054
2982406
2982426
2984362
2984375
2984400
2984414
2985483
2986512
2987140
2989165
2990120
2991909
2992612
2993727
2994130
2994759
2996864
2997527
2997989
3001267
3003985
3004017
3004349
3005157
3005306
3008328
3008796
3010209
3010749
3012907
3013091
3013223
3016674
3018628
3021746
3023010
3023085
3023888
3025912
3026986
3032395
3036184
3038776
3039590
3039851
3040463
3043568
3044846
3045314
3047056
3049830
3052919
3054850
3058648
3060631
3060776
3061169
3065115
3065947
3066393
3067268
3067473
3067899
3068723
3070092
3070182
3070919
3071028
3071229
3076608
3078282
3078959
3082317
3082790
3082810
3082926
3090327
3090628
3092080
3093787
3094524
3096218
3097910
3098417
3100389
3100836
3101364
3101794
3104226
3105339
3105861
3106569
3108004
3120297
3123640
3124632
3126711
3127294
3128165
3129442
3131344
3133919
3134509
3135315
3136106
3136772
3138034
3142183
3142928
3144120
3145437
3145458
3145731
3145817
3146145
3146831
3156381
3156547
3157014
3158211
3158285
3159302
3159425
3159552
3160386
3160614
3162526
3165963
3167451
3168978
3169618
3171151
3175315
3179633
3180069
3180495
3180774
3181881
3182807
3183523
3184310
3185274
3187553
3190677
3199275
3200208
3202440
3204350
3204793
3206130
3208303
3211484
3216453
3216607
3219973
3220155
3220653
3220735
3223502
3224045
3224764
3225989
3227508
3230277
3233264
3233945
3234120
3236975
3236986
3238417
3238588
3238639
3239192
3239319
3241803
3242903
3245575
3249292
3251836
3254834
3257735
3257738
3261744
3262267
3262515
3262644
3263551
3265239
3266196
3266873
3269805
3270075
3271969
3272125
3274051
3274820
3276256
3277210
3280887
3290680
3292079
3292895
3293900
3295619
3297350
3300523
3301237
3302444
3302679
3303013
3303628
3304406
3305278
3306868
3307560
3307976
3308004
3313169
3318244
3318279
3318452
3320406
3320667
3323994
3324819
3327585
3328022
3329518
3330667
3339319
3339987
3340047
3340849
3342484
3343104
3344194
3344784
3345727
3347305
3347672
3347841
3348667
3348933
3349111
3349202
3353292
3353774
3355329
3358255
3359872
3360823
3362972
3363270
3364563
3364583
3365924
3370273
3370863
3371786
3375442
3378456
3379181
3380122
3380135
3381650
3382182
3383147
3384482
3387907
3390126
3394367
3395409
3398785
3399663
3400517
3400581
3401008
3402043
3402162
3408299
3409104
3409819
3411064
3412424
3413087
3415121
3416205
3416241
3416332
3418697
3421098
3421258
3421526
3424102
3425172
3426866
3429470
3429566
3431344
3431652
3432316
3432614
3433677
3434475
3435433
3435839
3436016
3436645
3440264
3440804
3441700
3442192
3443892
3447201
3447409
3447829
3448351
3449954
3450152
3451065
3452367
3453210
3453283
3456939
3457291
3459364
3459641
3460596
3464010
3464864
3466194
3467195
3467340
3467928
3468176
3468500
3469595
3471970
3474175
3474303
3475090
3481651
3482629
3482888
3485721
3490176
3493415
3496987
3500235
3500628
3501420
3504119
3505207
3505593
3505626
3505917
3507810
3508409
3509790
3509853
3511684
3513726
3519485
3523032
3523164
3523183
3524330
3524534
3525779
3526721
3527298
3527347
3527403
3529184
3530639
3531370
3532147
3532374
3536220
3538045
3538113
3539132
3543940
3544280
3544812
3547655
3549497
3550425
3554087
3555662
3559014
3561358
3564001
3564915
3566452
3567282
3568858
3569663
3571869
3573604
3574938
3574941
3575735
3581146
3582045
3582495
3582958
3586317
3589210
3590640
3591228
3592049
3597919
3598485
3598505
3600376
3601609
3603182
3603491
3611110
3611221
3612546
3619202
3619505
3620760
3622855
3623094
3623515
3624154
3626001
3628217
3629576
3630432
3632260
3633257
3633493
3634171
3638358
3638379
3639871
3641564
3642676
3643808
3645883
3648215
3648856
3650173
3651332
3653935
3660000
3669776
3670569
3673048
3674688
3676371
3676892
3678001
3678675
3680089
3682518
3682693
3683689
3685520
3687484
3687895
3687950
3687964
3689279
3689497
3690404
3691747
3692928
3693296
3698899
3699420
3702016
3704859
3705002
3707023
3707260
3707642
3707805
3708641
3709609
3709849
3711000
3714356
3715094
3718053
3719102
3720291
3721929
3722075
3722844
3723428
3723550
3723712
3725146
3726295
3726380
3728924
3731175
3731182
3731249
3734065
3736400
3736432
3737253
3738312
3738806
3741172
3741223
3742383
3743169
3743685
3744046
3748993
3750380
3751810
3752358
3753441
3754768
3755664
3757443
3758011
3759696
3760073
3760598
3762176
3767220
3774512
3775115
3779539
3779583
3779665
3780300
3780844
3783070
3783567
3784303
3785188
3785462
3787040
3787669
3787747
3788483
3789326
3790253
3792223
3792813
3792900
3793354
3793473
3793888
3798353
3805595
3805752
3809207
3812904
3814190
3816265
3820017
3822253
3824070
3825067
3825569
3826270
3826690
3827834
3829438
3829615
3830496
3830814
3832847
3834564
3838136
3841781
3842385
3842922
3843851
3846138
3848721
3849129
3849374
3852957
3853436
3855755
3857488
3857589
3860518
3861554
3861989
3862147
3863853
3865457
3866395
3868685
3869460
3869531
3871372
3871544
3871970
3873129
3873508
3875192
3876909
3878745
3878945
3879150
3883670
3885169
3886028
3886482
3886692
3887245
3890003
3891360
3893173
3894519
3896720
3897461
3898547
3902047
3906801
3907349
3908882
3909318
3911055
3912846
3913891
3914662
3917173
3918941
3920503
3924907
3926332
3928425
3928481
3930125
3933753
3934903
3937330
3938106
3940090
3940676
3942043
3942139
3942975
3945144
3946689
3948130
3949145
3949253
3951237
3951403
3951453
3951764
3953855
3953966
3955149
3956409
3957694
3958358
3962750
3962931
3963608
3964760
3965986
3967383
3967881
3968211
3974865
3977414
3978327
3983035
3983041
3984096
3984842
3990929
3991832
3992667
3992944
3995593
3995874
3997314
3997602
3998092
3998222
3999102
4002303
4005807
4006071
4007028
4007829
4009872
4010338
4011005
4011646
4015650
4018416
4020223
4022026
4025311
4029663
4030084
4030201
4030276
4030449
4031166
4032319
4032342
4033365
4036630
4040797
4041737
4043804
4046041
4046698
4048740
4049452
4050048
4050133
4052826
4053554
4053863
4056370
4058942
4059129
4059374
4062653
4064055
4064124
4065933
4068280
4068597
4069339
4069915
4071322
4074950
4075029
4075674
4076178
4077117
4080034
4081046
4081823
4082617
4082680
4092032
4093449
4094740
4095296
4096186
4096310
4101096
4102005
4105211
4105569
4106025
4107369
4108352
4112103
4112388
4112442
4113529
4117449
4118195
4119483
4120778
4121740
4122276
4125579
4126970
4127769
4129349
4136706
4136938
4138045
4138983
4139057
4141155
4142842
4145402
4146541
4148831
4149744
4150337
4153217
4153991
4156411
4156441
4161457
4162645
4163198
4163944
4167072
4167357
4170612
4170792
4172406
4173041
4173713
4174094
4174566
4174948
4180458
4183418
4185058
4187303
4188053
4190276
4194052
4195500
4197032
4198431
4198535
4201665
4202502
4203159
4205373
4210541
4213350
4218999
4220957
4222375
4222601
4223351
4226134
4226416
4227085
4227218
4227282
4228312
4228450
4229854
4230147
4230231
4230360
4230542
4232649
4233561
4233606
4234199
4235512
4236552
4237425
4241270
4243836
4244708
4245534
4245808
4246163
4248160
4248808
4249189
4253202
4256903
4259045
4262495
4265640
4266815
4267481
4271182
4273227
4275393
4276910
4286128
4287110
4288435
4288837
4289080
4289641
4290450
4290509
4291987
4292877
4294655
4295328
4296401
4302561
4302661
4305023
4310710
4311654
4313354
4314327
4314686
4316199
4316260
4318008
4319638
4321971
4322687
4323326
4325346
4325769
4325781
4328009
4329600
4330241
4331037
4339510
4342123
4344018
4345766
4346183
4346209
4348070
4348220
4349615
4351380
4352654
4353092
4354930
4355173
4355432
4357336
4358420
4361644
4362701
4363143
4363649
4371845
4373617
4377126
4378465
4381856
4381960
4384046
4392847
4394372
4394844
4395777
4398020
4398328
4400519
4402355
4408087
4408279
4410839
4414150
4414194
4416593
4419020
4421212
4424771
4428195
4429019
4432294
4433684
4433778
4435326
4435818
4438147
4438438
4439174
4439570
4442370
4442860
4444576
4447163
4449656
4449951
4452829
4458929
4458988
4459688
4459913
4460270
4461432
4461507
4461765
4461967
4463254
4467791
4469063
4469583
4470780
4473430
4474432
4475480
4476066
4479063
4479346
4479535
4480654
4482582
4486488
4487155
4487462
4488073
4490276
4499458
4499840
4500273
4500919
4507451
4507672
4508025
4508608
4508959
4516160
4516672
4521736
4522501
4523851
4524338
4525233
4526650
4526836
4526977
4530058
4531966
4532717
4533457
4534050
4534200
4543396
4548072
4548106
4548327
4550029
4551321
4552646
4553625
4553755
4554113
4554788
4556647
4557958
4559639
4560573
4568786
4568800
4572291
4573472
4573958
4574870
4578143
4578793
4580035
4580427
4580573
4583746
4583783
4583965
4586041
4589874
4590606
4591578
4593971
4594233
4596946
4597580
4600304
4602809
4606394
4607526
4612832
4612986
4621260
4624532
4627897
4630475
4635820
4640057
4640560
4641494
4641600
4643310
4643735
4646682
4648452
4648716
4649023
4649557
4650985
4653234
4653389
4654040
4657478
4658649
4660482
4661944
4663294
4663396
4663866
4664077
4665627
4665709
4669843
4670104
4670723
4670946
4671242
4671991
4672055
4673665
4674908
4676271
4676874
4678202
4681060
4681727
4684034
4684590
4685217
4685575
4685671
4689625
4690721
4690844
4690928
4691911
4691998
4693265
4693661
4696650
4699561
4700458
4700992
4703221
4704740
4710303
4712696
4713232
4714256
4715083
4722035
4722449
4723232
4726306
4727524
4728680
4733155
4733881
4736048
4739716
4739859
4742263
4745812
4750679
4752309
4753482
4756467
4759456
4761257
4761409
4762319
4764077
4765101
4765173
4766270
4766310
4767290
4768291
4769006
4769933
4770424
4771715
4773430
4775182
4778997
4779560
4779748
4780509
4780887
4784693
4785183
4785532
4786521
4787015
4787291
4787758
4788036
4791496
4792597
4793303
4797363
4797612
4799107
4799181
4802582
4803030
4806060
4806853
4809038
4810174
4810365
4811830
4812760
4818288
4821025
4822238
4822750
4823093
4823418
4826447
4827476
4827769
4828628
4829639
4829648
4830040
4831291
4831804
4831988
4832899
4835257
4838405
4838751
4839104
4840887
4841031
4842203
4844262
4846983
4847314
4847548
4848737
4849496
4852033
4853446
4853806
4855320
4856028
4857024
4858189
4859361
4860514
4867023
4868760
4869368
4872842
4873623
4873883
4874486
4875320
4876798
4878628
4878867
4879668
4880625
4881307
4883537
4884444
4886748
4887285
4888580
4890267
4892685
4893611
4893980
4900072
4900900
4903084
4903930
4905235
4905617
4907836
4911707
4912925
4913423
4913997
4916178
4918104
4919024
4919566
4919581
4921120
4921422
4921504
4925097
4926172
4926780
4926934
4928804
4930360
4931743
4936885
4936916
4940237
4941411
4942509
4942526
4943819
4945707
4945712
4946454
4947669
4948428
4952543
4952705
4952967
4955295
4956932
4960956
4961825
4965680
4966310
4966804
4971132
4971286
4972739
4974035
4977631
4981744
4982967
4984332
4985496
4985871
4986882
4986937
4986998
4987235
4988043
4989126
4991299
4997001
4997754
4998968
5002949
5003483
5005435
5010988
5012347
5013699
5015713
5022497
5025912
5026687
5026790
5027837
5028975
5030055
5030885
5031498
5038481
5039238
5039336
5041024
5041454
5041954
5043254
5043577
5046135
5046726
5049251
5052089
5052211
5056767
5057502
5057678
5058417
5058896
5060851
5061401
5063321
5064408
5065931
5066628
5068228
5074559
5075619
5077621
5078269
5078495
5079780
5080910
5081979
5082471
5083841
5085793
5086845
5087337
5090108
5090736
5091636
5091963
5094573
5094733
5096491
5096717
5098566
5101102
5102601
5103944
5105252
5111960
5112856
5112879
5112890
5116952
5122553
5124518
5126381
5131700
5133341
5133543
5134181
5134280
5135770
5136010
5139531
5144211
5152273
5152404
5154281
5155274
5157642
5158028
5158663
5159246
5161251
5161298
5162184
5162204
5169047
5169233
5169684
5172111
5172168
5174372
5175506
5175775
5177602
5177711
5178557
5179193
5179324
5180640
5181881
5182019
5184574
5188463
5189493
5190271
5191122
5193761
5195752
5196423
5197678
5201509
5201654
5202806
5203536
5203575
5203681
5203811
5209535
5210928
5211207
5217414
5218476
5218624
5218966
5219112
5219383
5220454
5222847
5224962
5225408
5225825
5226334
5226821
5227709
5227810
5229050
5230315
5230824
5231195
5233662
5234172
5234675
5235373
5236393
5236674
5237960
5240364
5243522
5245664
5245964
5246337
5249456
5252155
5253365
5255977
5256109
5256311
5257348
5257702
5258444
5259110
5260877
5262888
5263231
5263253
5263444
5264126
5268020
5268215
5268502
5268536
5270893
5272944
5273599
5275311
5278620
5279380
5280589
5281701
5284031
5291464
5293924
5297222
5302115
5303772
5312305
5316509
5317906
5318024
5321694
5321848
5325760
5326679
5328307
5330407
5333064
5334111
5334728
5335609
5336383
5341838
5345740
5346760
5350668
5351994
5352431
5352568
5352828
5355498
5356139
5356351
5356433
5356838
5363104
5364720
5366064
5368270
5369054
5369303
5370027
5370712
5371230
5372854
5375071
5378059
5378372
5380668
5380744
5381242
5382803
5383362
5386224
5387620
5388912
5389307
5391784
5392428
5393943
5395227
5397611
5402508
5407052
5407279
5407371
5408650
5409247
5412437
5412716
5413452
5416524
5416686
5418759
5419412
5420073
5423900
5426041
5426927
5427696
5429238
5429396
5436705
5436953
5437095
5438490
5441025
5441183
5442820
5445104
5447777
5448592
5448969
5450667
5452721
5453939
5454074
5456516
5457959
5461465
5461635
5462639
5462860
5462896
5463296
5464447
5468382
5469245
5469755
5470472
5470687
5472455
5472643
5474515
5477212
5477709
5478201
5483183
5483583
5489934
5490349
5492280
5494291
5495742
5497065
5498778
5505634
5506505
5506644
5507903
5512899
5518715
5521217
5526554
5527964
5534248
5534262
5539701
5544613
5547270
5547482
5548514
5549892
5550121
5551315
5554187
5554936
5556710
5558295
5558826
5563271
5564651
5571819
5579163
5579437
5580737
5582254
5582961
5585069
5588532
5590899
5591040
5592460
5593836
5594189
5594742
5597339
5600130
5600459
5603800
5604767
5608760
5609560
5611304
5612685
5613894
5614846
5616825
5618561
5619241
5620042
5620788
5621426
5621991
5622081
5622863
5625224
5625353
5627365
5629251
5629683
5631112
5631434
5632871
5634398
5635559
5635637
5637667
5637928
5638142
5638544
5640515
5641599
5644374
5644485
5645712
5646407
5647220
5647495
5647522
5648568
5649338
5649359
5650224
5654077
5654571
5655754
5657575
5669011
5669349
5671950
5672223
5672817
5674606
5674992
5676324
5677087
5677294
5677697
5678413
5682777
5682826
5683449
5683580
5684341
5684828
5685987
5689431
5689979
5691540
5691847
5693678
5694216
5694965
5695489
5696938
5698623
5701445
5701513
5704450
5708533
5708757
5710251
5710354
5710661
5717800
5720032
5723832
5725121
5725278
5726773
5727191
5727248
5730406
5731485
5732503
5735131
5743334
5746363
5749360
5749485
5749942
5750846
5752588
5752607
5754200
5755955
5758150
5759663
5764508
5768577
5770546
5771851
5772653
5776543
5778036
5779400
5779779
5780287
5784693
5785674
5797480
5798250
5799971
5800662
5801592
5804275
5804798
5806816
5809331
5810098
5810620
5811161
5811379
5812260
5813361
5813998
5814392
5816556
5816646
5818490
5827306
5828333
5831949
5834739
5836739
5840396
5845127
5846879
5847479
5848275
5849747
5849963
5852264
5853002
5853402
5854050
5855220
5856741
5857237
5859595
5860385
5864404
5865251
5865913
5866255
5867368
5869014
5869741
5869807
5875662
5876787
5877936
5878755
5879059
5879603
5880528
5883549
5884532
5889489
5889739
5889849
5900029
5901099
5901615
5903113
5903426
5904531
5905575
5906334
5910092
5910184
5912976
5913481
5913596
5913631
5915178
5915197
5918639
5918769
5920194
5923228
5927371
5930906
5931178
5931877
5932379
5932831
5936619
5936758
5939530
5939850
5940208
5941950
5942199
5944576
5944816
5944876
5948709
5949263
5949718
5951321
5951448
5955224
5957230
5958617
5961203
5962808
5968322
5969467
5973917
5976056
5980490
5982157
5984779
5987427
5987925
5989061
5991341
5994115
5995001
5996569
5996812
5998480
6000276
6001041
6001593
6001672
6003410
6005569
6005725
6007572
6007941
6009243
6009826
6010289
6012838
6015528
6015676
6015931
6018175
6024060
6025762
6029780
6031484
6033925
6034557
6037532
6037867
6039316
6039646
6039900
6040138
6041263
6043000
6043896
6048993
6049523
6049903
6056469
6056671
6056876
6057856
6060027
6062602
6064308
6065769
6066310
6066934
6066958
6069894
6070896
6070978
6071003
6071138
6072084
6073199
6075538
6075655
6076250
6076256
6076683
6077971
6079940
6080054
6080132
6082394
6083195
6083749
6084376
6085334
6087737
6088709
6090085
6094096
6096558
6096587
6096646
6096810
6097579
6097670
6100189
6101073
6102439
6102922
6105510
6106571
6107663
6112487
6114947
6115035
6116539
6116540
6116879
6117201
6118592
6120510
6122210
6122780
6125152
6128083
6128373
6133157
6133626
6134863
6135288
6135357
6142037
6143717
6145059
6146989
6148734
6153011
6154161
6157755
6157984
6158962
6159537
6160369
6163100
6163468
6164543
6168735
6171636
6174985
6175595
6177670
6180890
6181312
6181419
6182415
6183721
6185441
6188430
6190871
6190960
6190969
6192374
6192587
6192855
6193993
6196041
6196253
6197781
6204218
6207420
6207639
6208762
6209760
6212200
6214171
6214485
6214966
6216011
6220663
6221451
6222248
6222943
6223454
6223997
6225090
6225966
6226648
6231641
6236990
6236998
6237396
6247348
6247802
6247911
6248050
6251575
6253577
6254017
6254393
6254535
6255154
6255797
6257708
6257851
6259324
6259739
6260710
6261667
6261710
6266745
6268390
6269450
6270011
6270384
6271065
6272910
6277132
6279406
6283146
6285841
6286659
6289714
6289771
6290527
6291645
6292747
6295412
6297945
6298863
6300367
6300789
6303407
6304493
6304771
6311656
6311760
6312910
6314215
6315717
6318603
6320584
6321748
6323919
6334409
6338141
6340572
6340968
6344976
6345856
6347660
6349995
6351063
6352200
6352673
6354843
6354994
6355464
6357249
6357286
6359847
6363229
6363420
6363606
6363986
6365808
6365846
6367338
6367902
6369953
6370259
6370302
6370937
6371448
6373300
6375326
6375908
6376124
6377356
6377576
6381395
6382103
6382582
6389710
6390835
6392093
6392126
6392883
6394413
6395288
6398180
6399076
6403985
6404487
6406755
6408325
6408866
6410344
6410915
6413475
6413687
6416414
6417828
6418929
6419564
6420218
6424175
6426398
6426883
6427790
6430723
6433599
6433760
6433875
6436919
6437329
6440053
6443378
6443411
6445021
6449973
6450224
6450790
6453642
6454275
6456801
6464125
6466517
6466813
6469712
6470511
6471475
6471699
6475163
6475741
6478250
6478597
6479725
6482756
6491619
6494983
6496206
6496325
6498030
6498244
6498703
6499218
6499463
6500252
6501927
6502108
6504486
6505713
6509534
6510093
6512913
6517405
6517683
6519434
6521772
6525508
6530342
6531097
6532843
6536798
6536916
6537151
6537614
6540301
6542865
6544746
6545191
6546642
6546897
6553144
6553169
6553871
6556685
6557399
6558658
6559229
6560316
6561340
6561752
6561839
6565147
6565601
6566324
6566851
6567258
6568292
6569475
6569584
6569888
6571100
6571134
6578038
6579430
6579633
6581815
6584214
6585589
6586243
6591293
6592796
6593055
6593285
6594018
6594112
6596398
6597405
6598675
6599159
6602846
6606463
6607510
6607542
6608757
6608822
6609142
6611967
6613492
6614422
6617747
6618890
6620367
6621275
6621786
6622252
6622787
6622883
6623574
6624794
6624935
6625385
6625904
6629099
6632237
6637947
6638584
6638737
6641435
6641912
6642113
6645914
6649042
6649252
6649275
6651827
6654203
6655189
6655626
6655869
6657384
6658954
6659928
6661187
6664767
6665642
6667422
6667901
6669547
6670956
6677704
6679464
6680818
6682424
6683441
6683795
6684125
6684349
6691067
6691745