93
125
146
569
2879
5956
6963
6972
7707
9211
9326
9483
9709
11508
14017
14944
15053
18181
18188
18390
18423
19746
20416
20459
21171
21176
22355
22597
22641
22644
22780
22866
24960
25838
27156
28021
29811
30289
30642
31199
32351
32384
32626
33536
35446
36917
37637
38192
39548
39688
40083
42084
43063
43816
45355
46703
47399
47568
50237
50981
51354
51551
51628
52148
52215
53101
53953
54264
54461
54658
54865
55484
55934
56526
57163
57490
58278
58444
58596
59714
60925
61654
63409
64116
64973
65961
66108
67001
67857
69822
70724
71193
71949
73415
73696
74862
75038
75173
75242
76951
76981
77747
78054
78242
78827
79112
79175
79704
79796
82669
83418
84211
85945
87962
89626
90441
90905
90969
91024
91613
93163
94013
94264
94290
94612
95971
96686
97009
98935
99190
99629
101977
102019
102050
102416
103340
104183
105603
106798
106848
107259
107551
107754
107973
108008
108672
109000
109971
111800
112457
113539
114368
115141
117381
117384
117603
118991
119038
119647
121529
122577
122814
123295
124693
125741
126723
126874
127576
127806
128316
129354
130420
130573
130875
131054
132408
133489
133978
133995
134197
134520
135304
137115
137125
138461
138595
139884
140556
141293
141589
141737
141818
141911
142202
146186
146711
146800
147233
147403
148026
148533
148903
151930
152733
153268
153928
154547
155416
156234
157722
158511
158906
159645
160234
160981
161768
162108
162716
162925
162977
163847
166903
167065
167442
168162
168454
170504
170769
171857
172033
172171
172915
173334
174259
174477
174590
175916
176492
176965
177233
178163
178589
179974
180037
181863
181988
182663
183138
183936
183997
184142
184454
184887
186140
186786
187681
189015
189094
189561
189930
190028
190698
191508
191780
191921
192184
192762
194968
196236
196876
199367
199396
200386
201552
201798
202356
204115
204144
204204
204670
205537
205548
205645
206906
209017
209790
210504
210574
211850
212082
212192
216070
216294
216732
217037
217048
217419
219495
222065
222358
223763
224747
225144
225403
225441
225600
226732
226846
227321
227430
227839
227878
228000
228019
228648
230179
230896
231664
232116
232495
232552
233750
233813
234062
234476
234920
235190
235655
235716
236262
236437
236984
237361
237865
238711
240786
241126
241158
241241
241543
241702
242488
243488
246617
247697
248106
249376
249813
251536
251610
252484
255283
255495
255745
256881
257297
258019
259221
259299
259327
260269
260711
261770
263736
264325
264799
265331
265391
265543
267804
268806
269473
269853
270202
270316
270486
270591
271953
272167
272182
272214
273805
274170
274270
274345
274770
275482
276876
276988
278052
278586
279449
279980
281163
281263
282330
282594
282847
283896
285161
286069
286095
286993
287166
287295
288104
288246
289165
290230
291465
292405
292818
295490
295772
295948
296582
298590
298945
300563
301059
302033
303448
303826
304751
305266
307166
307467
307571
308013
308663
309227
310582
312092
312462
312755
312925
313505
313741
313860
314001
314188
314230
315441
315555
316342
316788
321530
321609
322507
322554
322654
322820
323965
324366
326367
326486
327027
328007
328420
328756
330044
331295
331941
333717
333834
334008
334360
335364
336685
336937
337168
337514
340335
340430
340521
340621
342594
344210
344935
345539
347458
347991
349125
349525
351526
352904
352950
354883
355669
355719
355817
355928
356120
357244
357327
358737
359248
359969
361715
362645
362657
363596
363784
364577
365205
365270
366523
366580
367294
368554
370552
371285
371357
371432
371691
372030
372160
372173
372262
373615
375318
375999
376089
376595
377448
378006
381753
382112
382221
383121
384116
384915
385510
386319
386489
386568
387662
387933
389444
389556
389902
390286
391131
392319
392666
394371
395555
396063
396696
398413
401201
401227
403993
404526
405101
407239
409916
413574
414343
414447
414592
414838
415671
416039
416134
416541
416821
417641
417732
418522
419574
419750
423197
423974
424803
425229
426070
427624
428490
428648
428659
429333
429343
430467
431316
435197
436076
436962
437249
438172
438849
439111
439279
439726
439822
439847
440767
442007
442782
442901
443814
444122
444302
444825
445055
445541
446218
446978
447394
449456
450746
451339
451639
452158
452258
452608
452945
453355
453730
454889
455379
455641
457604
457847
458002
459638
459855
461552
461863
461954
462592
463071
463630
465891
466372
467127
467499
467850
469377
469777
471120
471174
471455
471561
471799
472008
472620
472751
472766
473876
475178
475204
475453
478282
479375
479754
479865
481111
483701
484944
485576
486076
486254
487053
487569
488559
490310
491340
491517
491822
493029
493359
493405
493513
493959
494763
495436
497488
497878
498467
498625
499567
501011
501025
501145
502392
503419
503496
504628
505631
505887
506092
506149
506218
506388
506401
507133
507881
508252
508414
508862
509431
510224
510902
511246
511980
512023
512527
512673
512805
514854
515585
516886
516991
517526
518618
518854
519611
519774
520926
522474
523260
524146
525194
525658
526027
526209
526749
527953
528697
529155
529990
531291
532357
532495
533837
537912
537956
538481
539478
539788
539989
540219
541205
541955
542742
544034
544218
544233
544344
545836
545939
546274
546285
547301
547607
548427
548836
549053
549483
550241
550259
550712
551501
551502
554016
554661
555045
555062
555393
555452
555635
556023
557276
558160
559719
560061
560815
562975
563706
565909
566543
568958
569441
569855
569892
570174
570934
571525
571777
573064
574226
575307
576476
578098
579347
580184
580198
580228
581064
582011
584823
587405
588124
588381
588763
589734
589747
590612
591234
591481
593361
593687
594203
594759
595479
595578
595584
596722
597478
598858
599336
600533
601133
603944
604162
604251
604375
604760
605408
605698
606313
606463
606501
606733
606945
608565
610938
611582
612365
612681
613059
616105
619703
619950
620771
622156
622843
623182
623984
624127
624519
625785
627998
628654
629805
631682
633055
634687
635233
635799
636420
637497
638055
640606
641346
641625
642222
642906
643507
643525
643927
644863
645321
645958
646769
646890
646891
647361
647850
648783
648854
650495
650501
650598
650746
651565
651763
651960
652716
652956
653668
653777
655996
656866
657630
658203
658313
659841
660037
660679
661687
665149
666669
666714
666823
667639
667934
668355
668374
670089
671577
672013
672891
674679
674699
676975
677571
677955
678881
678927
680001
680013
680681
680725
681051
681539
681671
681845
682088
683309
683678
684162
684607
685111
685634
686812
688516
688645
688877
691007
691684
691690
691781
692480
692809
693212
693996
694818
696230
697375
697901
698464
699225
701139
701740
701948
701999
702264
702272
702811
705546
705898
706142
706621
707051
707158
707331
707419
708426
709481
711699
712012
712027
715793
715974
717152
717484
717918
718830
719914
720610
720668
722614
722837
724380
726244
726900
728241
729848
731039
731399
732870
733516
733890
735178
735952
735990
736395
736905
737503
737809
738071
739080
739083
740697
742176
742409
743061
743136
744183
745165
746163
746602
747213
748143
748400
748775
750190
750336
750599
751223
751629
754324
755091
755701
757565
759172
760132
763002
763169
764413
765476
765785
768565
770452
771331
772079
774362
774484
776127
778508
778913
779591
780144
780829
780884
781572
782047
782835
783165
783491
785004
785979
786546
787176
787281
787877
788021
789055
791104
791600
793939
794207
794242
794771
795864
796114
796687
799296
799364
799740
799999
800732
801341
802296
803073
803909
804837
806893
806968
807958
808089
808675
809662
809679
809927
809942
810533
811020
811084
813146
815553
815690
815935
815985
816164
816624
817457
817529
817616
818088
818205
818424
819009
820677
821575
822021
822502
823093
823153
823642
824472
824869
825342
825929
826557
826666
829293
830477
834492
834790
839846
840973
842414
844078
1126892
1127915
1130550
1131259
1131382
1131738
1131909
1132064
1132196
1132365
1132372
1133096
1133585
1134387
1136830
1137672
1137922
1138637
1139611
1140563
1141725
1142407
1144163
1144353
1146020
1146346
1146381
1147488
1149171
1150156
1150716
1150721
1150787
1151906
1152061
1153172
1154350
1154539
1154784
1156952
1157867
1157946
1159430
1160266
1160728
1160928
1161724
1162056
1162237
1162414
1162471
1163215
1164009
1164031
1164381
1165110
1166262
1166886
1167269
1167803
1169873
1172369
1173220
1173248
1173619
1173654
1176672
1177324
1179429
1179808
1182319
1182938
1182951
1183072
1184271
1184360
1184493
1184630
1184867
1185084
1186307
1187571
1188340
1188345
1189554
1189568
1189755
1192288
1192444
1193412
1193452
1195653
1195903
1198594
1200617
1200722
1201386
1201825
1202041
1204389
1204738
1205148
1205270
1206013
1206309
1207273
1207324
1207388
1208758
1208808
1209817
1210638
1212026
1212912
1213598
1214347
1215645
1215983
1218891
1220278
1221157
1222082
1222632
1222661
1223160
1223350
1223399
1223877
1223931
1223962
1224130
1224637
1225077
1225276
1228410
1229705
1230362
1230420
1230862
1231255
1231705
1234052
1234884
1235518
1235928
1236381
1238270
1238950
1239406
1240288
1240417
1240731
1240968
1241769
1241775
1242629
1243352
1244709
1244930
1245700
1246012
1246438
1247807
1248193
1248228
1249160
1250564
1251653
1252064
1252304
1254856
1255278
1256731
1257313
1258497
1258827
1258834
1259825
1261115
1262512
1263478
1263488
1264382
1264829
1265038
1265182
1265489
1265699
1266303
1267403
1268726
1268883
1269818
1270352
1270825
1270967
1272472
1273393
1273928
1275724
1276334
1277231
1277505
1277544
1278425
1278569
1278592
1278627
1279085
1279147
1280099
1280604
1281085
1281178
1281857
1282287
1282607
1282882
1282962
1283844
1284421
1285340
1285564
1287439
1287527
1287949
1289104
1289832
1290653
1292682
1293051
1293062
1293153
1293642
1293847
1295289
1295800
1296405
1296911
1298700
1298961
1299220
1299452
1301115
1301372
1302154
1303884
1304112
1304811
1304947
1306095
1307340
1309115
1309612
1310484
1313383
1315154
1315245
1316764
1317778
1318264
1318619
1319006
1320339
1320498
1321960
1323693
1325090
1325577
1325605
1325939
1326245
1327190
1328027
1328455
1330366
1331774
1333205
1335097
1335602
1336875
1338574
1338744
1340203
1342113
1342483
1343426
1345228
1346252
1346822
1347622
1348155
1348336
1348545
1348848
1349209
1350016
1351828
1351918
1352357
1353017
1353434
1353599
1354340
1354556
1354957
1355380
1356653
1357782
1359653
1360520
1360791
1361880
1361989
1362130
1362458
1362579
1362839
1362848
1363088
1363542
1365455
1365461
1367340
1368299
1368866
1369590
1370565
1370850
1371538
1372377
1372575
1373002
1373449
1373884
1374461
1374771
1375842
1376119
1376461
1377727
1377968
1378226
1378411
1378688
1379130
1380533
1380932
1381665
1382034
1382842
1383666
1384831
1386686
1387045
1387160
1387418
1387589
1388698
1390503
1390510
1390642
1391634
1392117
1393858
1394057
1394754
1394926
1396782
1397112
1398332
1400062
1401869
1402492
1402940
1403003
1403809
1405914
1405980
1406240
1407119
1407693
1408532
1408929
1409208
1411018
1411564
1411918
1412094
1413344
1415194
1417004
1417359
1417426
1417585
1418138
1420598
1420612
1420946
1421696
1422486
1422958
1424139
1425074
1425642
1426655
1427572
1427867
1428627
1429078
1430465
1431174
1431833
1433297
1433524
1433704
1433922
1434514
1435753
1437475
1437847
1438124
1438527
1438619
1440248
1441306
1441323
1441497
1441559
1442948
1443817
1447762
1447874
1448041
1448301
1449238
1452275
1453560
1455947
1456621
1457416
1457991
1458345
1458874
1459226
1460150
1460508
1461652
1463109
1463784
1465644
1466042
1466239
1467946
1468607
1469199
1469630
1470260
1470323
1470880
1470920
1471282
1471305
1472046
1474119
1475774
1475911
1476710
1477318
1478529
1478800
1479614
1482054
1482115
1482142
1482691
1483060
1483242
1483537
1485599
1485714
1485989
1487480
1487888
1488439
1490704
1496403
1498334
1498735
1499162
1500254
1501377
1502808
1504419
1504912
1506585
1507592
1507775
1509083
1509655
1509861
1509930
1511026
1512712
1513883
1514510
1514734
1516320
1518143
1518898
1518937
1518992
1519786
1520769
1520876
1522488
1522748
1522847
1522966
1523224
1524785
1525008
1525857
1526714
1527450
1528632
1530331
1531163
1531285
1532263
1532297
1533275
1535148
1536271
1536355
1536915
1537658
1538258
1538678
1539549
1540255
1540399
1540589
1540900
1541839
1542168
1542322
1543029
1543081
1543283
1543568
1544358
1545695
1546152
1547569
1547861
1548673
1548958
1549163
1550736
1550737
1550786
1551508
1551973
1551975
1552709
1553517
1553576
1554374
1554993
1555981
1556629
1556665
1557161
1558851
1559552
1560755
1560997
1562457
1562710
1563341
1563960
1564894
1565061
1566212
1566660
1566727
1568214
1568948
1569147
1569195
1569972
1570077
1570706
1571510
1573453
1573628
1573658
1573701
1574272
1575764
1577476
1580219
1581102
1581743
1582028
1582101
1582412
1582488
1582873
1583017
1583864
1584506
1585747
1587209
1588405
1589336
1589972
1590969
1592516
1594626
1595839
1596622
1597595
1597819
1598504
1598731
1601783
1603044
1603582
1603785
1604735
1605442
1606467
1606549
1606700
1607670
1607874
1608164
1613073
1614558
1614590
1615790
1620069
1620742
1621688
1622143
1622484
1622876
1623591
1624173
1624783
1625066
1625307
1626590
1626628
1627466
1627495
1627675
1627704
1628784
1628845
1629990
1631119
1632492
1633951
1634014
1634036
1635882
1636997
1637731
1639054
1639278
1640719
1641266
1641751
1643242
1644097
1645237
1646564
1646734
1647753
1648148
1648260
1649647
1651277
1651977
1655893
1655985
1656695
1656893
1657266
1658991
1660130
1660478
1662076
1663225
1665210
1665319
1667777
1668200
1668804
1671857
1672683
1672931
1674065
1674472
1677950
1678102
1678825
1679105
1679501
1679936
1680364
1681361
1681557
1681625
1682411
1682814
1683043
845934
846635
848041
849922
850080
853373
855672
857201
857282
857988
860305
860635
861968
861984
865001
866245
866661
867138
867567
871400
872099
872197
872977
873224
873443
873784
873948
875475
876657
876731
876825
876937
877325
878615
879902
880201
880440
881068
882146
883800
883824
884108
884810
885910
887558
888149
888762
890396
890699
890840
891015
891207
891519
892039
893726
894103
896194
896567
897739
897803
898750
899012
899137
899512
899702
899979
901304
903504
903597
903742
903795
905716
906743
909102
909419
910236
910250
910773
910984
911642
911761
911951
912665
912738
914304
916805
917027
917312
918080
918583
919551
920045
920124
920262
920393
921720
922727
923010
924756
925322
926042
927524
928374
928683
928694
929452
931009
931788
932544
932957
933465
935893
937053
937152
937787
937800
938020
939394
939421
939635
940503
940923
941109
941198
941980
942320
942701
943522
943979
944521
944829
945368
948832
949519
949927
951127
952153
953039
953518
954252
956214
957017
957230
961353
961585
961630
961920
962285
963082
964682
965882
968944
970456
970594
974875
975305
976052
976624
977546
978290
979159
980055
981336
981709
983282
984368
985341
985730
986381
986583
986847
987852
989054
989603
989770
990165
991724
992832
993027
993047
993932
994372
994620
995299
995307
997957
998363
1000001
1000232
1000435
1001704
1001981
1002874
1004057
1004623
1005937
1006502
1006962
1008092
1008171
1009882
1011771
1013637
1015302
1017105
1017180
1017192
1017498
1019602
1020426
1022376
1022436
1022467
1022491
1022967
1022973
1023241
1024764
1024808
1025631
1026138
1026406
1027093
1030441
1030657
1031928
1032130
1033774
1034806
1035186
1035283
1035834
1036543
1038367
1038391
1039675
1039735
1040492
1042947
1043753
1044280
1044505
1044543
1045755
1045778
1045788
1047853
1048867
1049720
1049820
1050419
1050805
1051923
1052320
1053876
1054340
1055040
1055436
1055909
1056792
1059582
1060082
1060355
1060640
1061701
1062501
1064121
1064133
1065070
1066166
1067651
1069320
1069485
1070122
1071579
1071702
1074119
1074814
1076311
1078573
1080284
1080805
1081741
1081913
1083191
1084348
1084586
1084752
1085407
1085437
1085748
1086265
1087245
1088026
1088381
1089176
1092456
1092669
1092788
1094389
1094401
1095238
1095976
1096068
1096612
1096831
1097570
1097698
1098401
1098874
1099562
1099906
1100615
1100724
1101143
1102248
1102679
1103370
1103803
1104544
1106684
1106977
1108614
1109891
1110060
1111083
1114389
1114413
1115996
1116106
1117267
1119070
1119253
1119595
1119676
1119823
1120529
1120788
1120886
1121224
1121386
1122614
1122998
1123244
1123854
1123898
1125579
1125659
1125757
1685531
1685692
1685828
1686302
1687963
1688499
1688642
1688720
1690025
1690275
1691546
1694365
1695288
1695311
1695492
1696058
1696364
1696757
1696798
1697375
1697948
1698498
1699124
1699169
1699858
1700736
1700923
1701053
1702085
1702352
1702389
1702829
1703330
1703984
1704343
1705887
1707847
1708656
1709974
1711164
1711288
1711353
1711394
1712727
1712814
1713042
1713490
1713981
1714793
1716437
1717593
1718793
1718980
1719550
1719854
1719931
1720900
1721208
1721505
1721640
1721991
1722122
1722441
1722477
1723206
1723234
1723236
1723587
1724389
1725197
1726824
1727741
1728440
1730031
1730416
1732331
1732494
1732660
1733651
1734451
1734768
1734877
1735297
1737361
1737464
1737703
1738199
1739375
1741332
1741368
1741823
1743705
1744944
1745071
1745181
1746344
1746689
1746769
1748922
1750026
1750158
1750490
1751000
1751312
1751834
1752943
1753959
1754821
1755296
1756526
1756962
1757149
1757492
1758680
1758940
1759786
1760247
1762353
1762929
1763791
1764543
1764570
1766109
1768350
1768709
1769048
1769152
1770286
1771427
1773363
1774051
1774409
1774626
1774664
1774898
1775577
1776625
1776782
1777642
1777957
1778033
1778071
1778320
1779434
1780311
1780615
1784436
1786966
1788032
1788773
1791146
1791954
1792457
1792729
1792867
1795239
1795294
1796358
1796873
1798663
1798918
1800353
1801036
1801075
1801526
1801846
1802133
1802478
1803135
1803544
1805661
1806116
1807675
1808474
1808503
1809121
1809434
1809820
1810113
1810321
1813854
1813999
1814688
1814775
1815070
1815718
1817321
1818928
1819115
1819764
1819848
1820481
1820877
1821214
1822430
1822507
1822574
1823152
1823340
1823549
1824109
1824257
1825856
1826759
1827075
1827402
1827456
1827805
1828217
1830318
1831125
1831461
1835132
1835978
1836801
1836842
1838856
1838874
1839946
1840263
1840302
1841985
1842379
1842677
1843780
1844283
1844819
1845120
1845126
1845852
1848831
1848950
1849048
1849982
1850213
1850359
1850732
1851063
1851078
1851812
1851901
1853562
1854884
1855041
1855330
1855570
1856170
1856481
1856781
1857460
1857476
1859847
1861532
1861730
1861968
1862992
1864864
1864886
1865158
1868918
1871137
1871779
1872406
1872750
1874286
1874622
1874759
1874924
1875557
1876216
1878831
1879603
1879852
1880267
1880742
1881155
1881237
1881401
1882116
1883449
1883464
1884254
1884522
1884982
1885010
1885318
1887836
1889388
1889778
1889964
1890110
1890700
1890914
1891368
1893650
1894603
1894964
1895364
1895584
1896466
1896524
1897360
1897905
1898481
1898721
1898790
1899361
1899916
1900603
1901970
1902675
1903279
1903354
1904292
1905416
1907628
1907729
1910195
1911512
1911646
1912095
1912755
1912849
1914092
1914293
1914696
1915253
1915785
1916134
1916153
1917154
1918299
1918444
1918520
1919533
1919931
1920005
1920797
1921080
1922848
1922957
1923095
1923684
1924049
1925431
1925526
1926069
1927391
1927591
1928626
1929046
1930304
1931359
1932359
1932712
1932959
1933160
1933714
1936042
1936519
1936584
1938909
1939686
1941087
1942096
1942233
1942416
1942915
1943716
1944651
1946183
1947409
1947446
1947883
1948552
1950100
1952240
1952762
1954014
1954326
1955627
1957225
1958452
1959904
1960010
1960824
1961466
1961557
1962480
1963857
1965707
1965993
1966744
1966867
1968655
1970428
1971174
1972150
1972250
1973288
1974754
1975141
1976071
1976077
1977134
1977609
1978758
1979374
1979963
1980687
1980888
1980999
1981553
1982102
1982172
1982489
1983248
1983563
1984975
1985362
1986866
1987390
1988293
1988523
1989007
1990296
1990349
1990842
1991011
1991198
1991351
1991727
1991809
1991857
1991924
1995269
1997169
1997779
1999846
2000845
2001049
2001575
2001739
2001778
2002318
2002458
2003260
2003287
2003302
2003472
2004153
2004326
2004403
2005026
2005365
2005416
2005841
2007164
2007504
2009004
2009101
2011044
2013144
2013473
2014852
2015140
2015194
2016842
2018049
2019746
2019915
2021010
2021405
2021672
2022403
2024551
2024579
2025185
2026113
2027783
2028065
2028900
2029022
2030647
2031718
2031934
2031948
2032125
2033225
2033934
2034878
2035207
2035678
2038523
2039341
2039502
2039845
2042863
2043035
2043338
2043967
2044399
2044792
2044799
2045566
2046044
2047458
2047850
2048346
2049183
2050889
2050959
2051625
2052376
2052882
2053304
2053935
2054629
2056693
2059152
2060025
2061017
2061847
2061883
2062951
2064845
2066316
2066321
2067942
2069087
2069309
2069805
2069937
2070714
2070983
2072335
2073216
2073420
2073734
2074467
2074513
2076365
2077155
2077310
2078393
2078441
2082822
2082926
2083023
2083147
2084332
2084796
2084855
2084970
2085862
2085962
2086520
2087014
2087482
2088019
2088142
2088454
2088704
2089402
2089786
2089862
2091047
2091357
2091474
2091680
2091701
2093406
2094626
2095096
2095755
2096085
2096264
2097163
2098202
2099197
2099239
2099385
2100306
2100693
2100814
2100866
2101362
2102934
2105143
2105464
2105551
2106508
2106630
2108051
2108871
2109074
2109687
2110176
2110552
2110677
2111839
2112077
2112651
2113134
2113372
2113640
2114476
2115149
2115306
2116538
2116655
2117937
2118838
2119093
2119162
2119624
2120003
2121101
2121448
2121802
2121982
2122408
2122938
2123355
2125396
2125405
2125836
2126201
2126335
2127928
2128111
2128621
2130157
2130300
2130320
2131691
2131786
2132334
2133284
2133331
2133420
2133663
2134968
2135341
2135568
2135833
2136052
2136058
2136384
2138088
2138801
2138833
2138919
2139834
2142094
2142889
2145065
2147379
2148209
2149007
2149488
2150228
2150316
2150548
2152626
2154839
2155169
2155555
2157094
2159781
2160424
2160427
2161582
2161849
2162231
2162501
2162877
2163694
2164215
2165544
2165880
2166353
2167207
2167349
2168022
2168943
2169189
2169492
2170101
2171834
2171922
2172840
2172959
2174159
2175504
2175634
2175638
2177188
2177730
2177927
2178849
2179276
2182226
2182275
2182495
2184090
2184097
2184614
2185219
2185651
2186282
2186367
2187184
2187733
2187810
2187850
2187854
2188301
2188973
2189850
2190246
2190478
2192569
2194429
2194555
2195460
2195522
2195624
2196459
2196972
2197282
2198288
2199597
2200592
2200776
2202912
2203305
2203861
2203921
2204660
2204984
2205437
2206601
2207209
2208074
2211869
2212066
2212261
2212873
2213280
2214493
2215517
2216488
2217795
2219124
2219945
2220785
2220787
2222040
2222177
2222645
2224220
2224797
2225443
2227864
2227889
2228705
2228975
2229886
2230360
2230795
2233220
2233902
2234518
2234622
2234974
2235150
2235822
2236555
2236942
2239261
2239638
2242599
2242711
2242833
2243218
2244337
2244384
2244829
2246083
2246279
2247035
2247382
2248289
2248621
2249865
2250424
2250703
2251380
2251603
2255092
2255468
2259321
2261511
2262050
2262089
2262436
2263077
2263533
2263874
2263946
2264113
2264129
2264488
2264577
2266529
2266863
2267854
2268527
2269289
2269850
2270237
2270614
2270646
2272028
2274195
2274208
2275318
2275549
2275767
2276754
2278845
2280574
2280687
2281560
2282178
2282900
2283004
2283347
2284811
2284839
2284842
2286324
2288076
2289421
2290375
2291718
2291824
2292685
2293147
2294167
2295798
2295909
2296148
2297634
2300477
2300716
2301279
2301340
2301414
2302963
2303513
2304090
2304226
2306051
2306210
2306488
2306551
2306743
2307197
2307824
2308763
2308967
2309202
2309333
2310019
2311470
2312051
2312954
2316866
2317923
2319338
2319411
2319575
2320188
2320575
2321421
2322581
2322992
2324410
2324458
2325203
2326088
2326205
2326961
2327572
2327692
2330265
2330386
2334458
2335888
2336353
2338194
2340192
2340505
2342070
2342667
2342759
2343832
2346040
2346890
2347187
2347737
2348782
2352331
2352584
2353394
2354084
2355531
2356765
2358914
2358956
2359264
2359537
2359953
2360505
2360524
2361686
2361900
2362526
2362568
2364922
2365301
2366195
2366311
2366691
2368266
2369042
2369263
2369447
2369470
2370980
2371286
2371608
2371633
2373002
2373059
2374071
2374320
2375457
2376903
2378169
2378539
2379549
2380177
2380463
2383766
2385505
2386007
2386366
2387314
2388444
2389344
2389805
2389892
2391019
2394057
2394397
2397842
2398111
2398302
2399289
2399650
2399719
2401077
2403467
2404237
2404525
2404889
2405001
2406672
2407000
2408481
2409638
2409905
2410197
2410489
2410594
2414344
2414727
2414977
2415320
2416494
2416576
2416789
2416805
2418270
2419551
2420789
2422536
2423597
2423801
2424710
2425875
2426314
2426595
2426642
2426647
2428173
2429657
2430023
2430268
2430535
2432756
2432872
2433518
2433596
2433634
2435815
2436491
2439075
2440470
2440517
2440614
2440880
2441076
2441187
2441482
2441966
2442437
2443517
2443866
2443969
2444286
2444663
2444764
2445152
2445835
2446091
2446656
2447202
2447701
2449668
2449708
2450017
2451410
2451772
2452389
2452544
2453400
2454104
2454222
2454514
2454743
2455600
2456065
2456704
2456807
2457611
2458648
2458869
2459175
2459384
2460247
2460899
2463831
2464471
2465029
2465083
2466030
2466060
2466423
2466897
2467394
2467455
2468363
2468699
2469373
2469579
2470745
2470948
2472533
2472895
2473944
2474545
2475052
2476696
2477165
2477167
2479363
2480323
2480788
2480839
2480884
2481095
2481487
2481766
2482167
2482447
2482868
2483417
2483842
2485663
2485764
2485914
2486278
2486707
2487614
2487646
2488744
2489076
2490217
2490375
2490695
2492228
2492584
2492880
2493553
2493583
2494072
2494909
2494933
2495503
2496228
2496594
2497218
2497226
2498227
2498866
2499255
2500768
2500796
2500879
2502979
2503190
2503344
2503911
2503947
2504199
2504278
2504500
2505464
2506305
2506923
2508389
2509130
2509669
2509983
2511005
2511405
2513021
2513424
2515385
2515702
2515954
2516613
2518181
2518807
2519003
2519128
2519541
2520155
2522794
2525271
2526311
2526491
2526887
2528031
2528305
2529066
2529830
2530332
2530788
2532091
2532494
2532881
2532925
2533156
2534653
2536133
2536563
2537401
2537592
2537781
2538146
2538841
2538854
2538902
2538991
2540397
2542583
2543147
2543160
2543249
2543721
2544254
2545295
2548447
2549220
2550707
2550960
2552136
2552409
2553247
2554609
2554942
2555000
2555800
2557257
2557624
2558331
2559701
2559906
2560226
2561887
2562885
2562954
2563306
2563571
2564505
2564586
2564801
2565013
2566004
2568833
2569016
2569260
2569593
2569707
2571382
2571513
2572618
2573371
2573412
2573984
2574281
2574985
2575959
2577423
2578092
2579371
2580333
2580483
2581504
2582240
2582380
2582448
2582904
2584355
2584828
2585554
2586069
2587030
2587120
2587257
2587532
2587569
2587998
2588081
2588393
2588684
2590102
2590956
2591592
2591879
2592820
2593941
2594093
2594861
2595917
2596292
2601341
2601805
2602226
2602377
2603543
2605710
2605922
2608148
2609471
2610277
2611736
2612626
2614294
2614977
2615164
2615261
2615644
2615666
2615745
2616493
2619291
2619639
2619842
2621162
2621798
2625192
2625353
2626948
2627557
2628817
2630414
2632738
2633916
2634091
2636156
2637210
2637242
2637417
2638180
2639339
2639399
2639641
2643077
2644546
2645364
2646176
2648004
2648419
2648432
2651454
2652028
2652069
2652141
2652532
2652843
2654469
2655051
2655830
2656794
2657466
2657788
2660111
2661563
2662636
2663125
2664714
2665735
2666149
2667711
2667969
2670000
2670945
2671021
2672690
2673555
2674141
2675453
2675817
2676510
2676914
2677121
2677312
2679367
2680334
2680682
2682932
2683143
2683919
2684316
2686505
2686952
2687764
2688304
2690206
2694609
2695106
2695440
2696652
2698206
2699515
2700013
2700382
2701761
2702271
2703337
2703712
2705036
2705104
2705942
2705952
2706213
2707995
2707997
2708039
2708172
2708949
2709065
2710577
2711269
2711654
2712635
2713368
2714545
2715051
2715891
2716430
2716655
2717209
2717736
2718027
2718038
2718780
2718995
2719874
2719903
2720928
2720987
2722055
2722953
2723844
2724056
2724272
2724344
2726821
2727536
2727936
2728238
2728676
2730003
2730105
2730806
2731480
2731935
2732336
2732679
2732956
2733290
2733314
2734099
2734763
2734834
2735290
2735315
2735586
2735619
2735873
2735990
2736129
2738136
2738654
2738852
2739480
2740156
2741206
2741860
2745071
2745598
2746888
2747000
2747978
2749408
2750070
2750205
2750304
2751115
2751320
2751495
2752389
2752719
2753895
2754874
2756769
2756918
2757017
2757276
2757410
2757831
2757930
2759638
2760065
2760074
2760246
2760284
2760900
2761849
2763333
2763724
2764480
2764617
2765035
2765120
2767187
2768461
2769438
2769695
2769751
2769804
2769872
2772253
2773427
2774016
2774224
2775372
2775536
2776661
2777696
2777832
2779511
2779900
2779953
2781097
2781860
2781975
2783038
2783505
2783703
2784001
2785188
2785599
2785665
2787797
2790072
2791421
2791527
2791950
2792221
2792805
2793280
2793382
2793609
2793659
2793705
2795793
2797126
2797301
2798690
2799025
2802312
2803054
2805382
2805975
2807043
2807132
2809044
2809196
2810520
2811448
2812097
2812205
2812358
2813210
2813309
2813655
2814459
2814921
2815166
2815636
2815752
2816949
2822545
2822781
2823274
2824260
2824360
2824562
2824787
2826065
2826269
2826784
2827147
2828471
2828815
2830169
2831129
2831427
2831861
2831906
2832166
2834083
2834409
2834582
2836193
2836303
2836397
2837625
2838497
2839217
2839285
2839875
2841348
2841377
2841849
2843026
2843595
2843800
2844027
2844048
2844478
2845783
2846238
2847101
2848264
2849218
2849259
2850907
2851754
2852189
2854121
2854131
2854258
2854685
2854790
2855027
2855822
2856151
2858094
2858962
2859820
2859977
2860171
2861597
2862217
2862502
2862994
2863004
2863056
2863718
2863861
2864409
2864617
2864798
2865023
2865330
2865630
2866120
2867126
2867676
2868633
2868990
2870169
2872228
2872720
2873058
2873673
2874069
2874129
2874130
2874212
2874536
2876828
2877010
2879036
2880625
2881741
2882173
2882773
2883516
2883802
2884673
2884885
2885292
2887103
2888139
2888307
2890693
2890774
2891161
2892497
2893604
2894163
2894171
2895829
2895888
2896354
2896660
2897486
2897636
2897924
2898014
2898122
2898570
2899781
2900828
2901845
2902309
2902402
2902769
2904442
2904443
2904501
2904555
2905006
2907050
2907073
2907926
2908191
2908528
2909556
2909960
2910415
2910985
2911173
2913629
2913922
2913960
2914520
2914859
2915964
2916639
2916792
2917570
2917769
2918619
2918891
2920325
2920614
2920783
2921362
2922559
2923714
2923925
2925423
2925506
2925746
2925817
2925865
2926112
2926220
2926810
2927422
2928623
2929324
2929582
2929704
2931636
2932554
2933007
2933320
2934812
2934848
2935031
2935245
2935312
2937934
2938227
2938857
2940532
2940621
2940761
2943178
2944580
2944896
2947642
2947723
2948793
2949065
2949495
2950693
2952865
2953156
2953356
2954632
2954889
2955114
2956306
2956474
2957159
2957424
2958462
2959742
2959828
2961184
2962286
2962676
2963212
2963322
2963394
2964357
2964849
2965273
2966315
2967043
2970211
2970396
2971961
2972854
2972973
2973656
2974014
2974351
2974575
2975395
2977338
2980253
2981472
2982095
2983972
2984454
2985372
2987254
2987815
2988495
2988506
2988799
2988974
2989037
2989679
2989815
2989927
2991465
2991617
2991782
2993329
2993956
2995075
2995345
2996356
2996515
2997014
2998114
2998597
2998836
2999498
2999748
2999905
3001714
3003414
3003421
3003747
3004155
3004178
3004387
3004996
3005448
3006387
3007318
3011483
3011662
3012542
3012566
3012764
3013725
3014039
3014258
3016454
3017826
3018392
3019252
3021253
3021507
3022204
3022756
3023363
3023586
3023736
3023814
3024341
3025460
3025525
3025887
3026189
3028460
3029168
3029170
3029434
3030511
3032765
3032950
3033429
3033912
3034500
3035052
3035221
3035780
3036124
3038231
3039302
3039342
3040726
3042972
3043212
3043603
3044558
3045112
3045472
3046237
3048094
3048500
3051135
3052340
3053093
3053746
3053751
3053783
3055296
3056152
3057891
3059642
3060794
3062228
3062457
3064318
3064332
3064495
3064594
3064735
3065736
3066239
3067300
3069244
3071033
3071247
3071596
3071709
3072261
3072634
3072690
3074149
3076860
3076946
3077065
3077091
3077340
3077533
3078546
3079700
3079911
3080558
3081469
3081875
3083019
3083737
3083767
3083963
3084057
3086114
3088945
3089075
3089979
3091768
3091947
3093647
3093839
3093844
3094294
3094572
3094625
3094895
3095371
3098313
3099705
3099708
3102079
3102734
3103189
3104077
3104445
3105021
3105935
3106337
3107557
3107643
3109084
3109320
3109346
3109661
3110839
3111609
3111628
3112007
3112044
3112713
3113251
3113864
3114093
3114250
3114802
3114977
3116653
3116683
3116728
3116810
3118740
3123476
3124551
3125668
3126249
3126606
3127060
3127346
3127696
3128866
3130664
3130859
3130991
3133379
3134659
3134845
3135142
3136464
3136570
3137568
3137815
3137972
3138116
3139893
3141008
3141986
3142849
3142944
3143756
3143965
3144907
3147361
3147948
3149079
3149289
3149828
3150175
3150606
3150659
3152020
3152488
3152857
3153785
3154399
3154667
3154744
3157582
3158062
3159364
3159563
3160418
3160613
3162434
3162496
3163431
3163765
3164859
3166328
3166729
3167050
3167582
3167761
3168208
3168885
3170783
3171725
3171859
3171996
3173359
3174586
3175517
3175788
3176025
3176749
3176890
3177373
3177822
3177926
3180811
3181483
3181941
3182804
3185152
3185872
3186086
3186764
3191458
3192026
3192341
3192470
3192849
3193042
3193585
3193593
3194269
3194544
3195139
3195228
3197143
3197269
3197883
3202233
3203431
3204170
3204440
3204603
3204881
3205271
3206615
3207007
3207239
3207344
3207854
3208030
3208044
3208358
3208444
3208889
3208994
3209641
3211106
3212681
3212865
3213150
3214477
3214507
3214603
3216678
3217542
3219665
3220566
3222738
3223532
3223783
3225311
3226633
3227144
3227274
3228110
3228364
3228396
3230080
3231221
3231406
3231508
3232077
3233670
3236657
3236796
3236894
3236987
3237677
3239146
3239593
3239708
3239927
3240427
3240439
3240642
3241626
3242868
3242871
3243044
3245383
3245510
3245637
3245693
3246211
3246243
3247021
3247980
3249217
3249534
3250375
3252444
3252599
3253220
3253669
3253674
3253918
3254974
3255197
3256621
3257480
3259655
3259944
3260556
3260836
3261368
3263422
3263599
3266206
3266340
3268511
3270332
3270650
3271384
3273556
3274371
3275104
3275249
3275251
3275443
3279765
3280724
3281097
3281620
3283274
3283319
3286042
3287077
3287618
3288106
3288401
3288722
3289497
3291207
3291629
3292875
3293979
3296144
3296276
3296584
3297360
3297475
3297691
3297821
3299186
3299256
3299370
3300400
3300826
3302274
3302958
3303853
3305869
3305930
3306646
3307569
3310441
3312412
3312807
3313648
3314487
3316210
3317202
3318853
3319938
3324067
3326397
3326870
3327593
3327860
3328748
3329818
3330344
3330725
3331226
3331609
3333760
3333987
3334370
3334636
3335239
3336863
3338250
3338812
3339305
3339407
3339704
3339969
3340627
3341570
3343334
3343538
3344508
3345515
3345585
3345832
3345835
3346015
3348522
3349454
3349559
3350796
3351404
3352457
3354983
3355081
3355343
3355365
3356373
3356872
3357503
3357840
3357844
3360605
3361406
3362155
3362278
3363480
3363631
3364759
3364882
3365836
3365996
3367782
3369242
3370983
3371283
3371380
3372444
3372757
3373295
3373654
3376283
3376643
3376666
3376863
3376889
3377006
3377729
3377923
3378326
3380063
3380087
3380330
3380782
3380874
3380938
3380940
3381979
3382236
3382431
3382575
3382771
3382929
3382963
3384917
3385287
3386097
3391072
3391085
3392675
3392776
3392975
3392977
3395711
3396119
3397275
3398872
3399383
3399615
3400476
3400534
3400593
3402346
3402716
3403000
3405491
3406126
3406260
3406689
3407782
3409382
3409795
3410594
3412291
3412514
3412650
3413991
3414491
3414519
3414693
3415048
3416178
3416827
3417277
3418787
3419232
3419517
3419792
3419797
3419878
3421164
3421902
3422021
3422268
3423650
3424837
3425088
3425246
3425314
3425412
3425759
3426036
3428443
3428732
3429264
3429656
3430236
3430723
3431615
3431934
3432367
3432615
3432651
3434808
3435665
3435885
3436474
3437876
3438367
3441727
3442475
3443446
3444133
3444210
3444456
3444583
3444904
3446185
3446535
3447203
3447816
3447838
3448356
3448492
3452245
3452812
3453347
3454790
3455336
3456005
3456198
3459198
3459595
3462637
3462791
3468967
3469584
3469675
3471277
3473154
3473765
3474492
3475276
3476978
3477237
3478855
3478923
3480280
3484252
3487079
3488222
3488351
3488386
3490531
3492371
3493725
3493770
3495455
3495970
3496692
3496961
3497354
3499520
3499884
3500040
3500109
3500253
3500764
3501080
3501149
3501402
3503822
3504652
3504908
3505425
3506085
3507685
3507753
3509347
3509613
3509891
3510104
3512766
3513208
3513932
3514165
3514224
3516849
3517224
3517919
3518383
3519680
3520615
3521223
3521995
3522047
3522491
3525978
3526006
3527399
3527578
3528013
3528751
3529069
3529810
3529918
3530361
3531403
3531879
3532918
3533481
3535325
3535582
3535643
3537654
3537916
3538103
3538867
3539089
3539301
3539367
3539865
3540376
3540716
3542376
3544241
3544455
3544623
3546006
3546883
3547374
3548572
3553425
3554001
3554136
3554934
3554995
3555118
3556572
3556781
3557008
3557442
3558030
3559443
3559726
3560939
3563783
3564061
3564359
3566294
3566682
3569014
3569299
3571333
3572903
3573788
3573910
3574367
3574435
3576147
3577010
3577305
3577929
3579241
3579481
3580078
3580202
3580677
3581028
3582466
3582512
3582542
3582855
3582990
3583924
3584287
3585292
3588998
3589478
3589648
3590275
3592136
3595802
3597640
3597671
3597911
3598403
3598939
3599140
3599174
3602221
3602539
3603007
3604362
3605355
3605647
3606091
3607228
3607314
3608126
3608618
3608795
3609228
3609629
3611991
3612077
3612167
3612171
3612805
3613283
3614602
3614662
3615245
3615540
3615752
3617699
3618840
3619107
3619852
3620186
3620638
3621598
3623610
3623618
3625537
3626178
3626288
3626730
3627132
3627266
3627782
3628024
3628792
3629103
3629176
3629876
3631912
3631946
3632305
3632639
3633226
3634160
3635114
3636711
3636717
3637079
3637190
3637675
3637988
3638013
3638280
3640103
3643675
3645351
3645551
3645709
3647859
3649615
3650708
3652286
3653736
3653855
3654456
3654469
3656215
3656398
3656451
3656616
3657242
3658689
3659391
3661381
3661403
3661590
3661799
3663475
3663538
3664641
3664651
3665314
3666266
3666627
3666745
3667154
3667235
3667816
3668157
3669356
3671392
3671780
3671881
3672440
3674290
3674427
3675056
3675186
3675309
3676029
3676190
3676234
3676900
3676921
3678359
3679019
3679323
3679818
3680361
3680656
3681642
3682798
3683014
3683897
3684541
3685979
3687686
3687895
3688148
3689428
3689967
3690150
3690771
3690783
3691527
3691936
3692612
3693061
3693895
3694050
3694396
3694408
3694467
3694483
3694941
3696623
3696764
3696769
3697338
3697680
3697740
3697908
3698464
3699441
3699684
3700064
3700982
3701919
3702224
3702886
3703699
3704329
3704758
3705263
3705578
3706900
3709480
3709628
3710835
3712447
3712517
3713079
3713628
3713644
3715242
3715621
3715735
3715744
3715955
3716508
3716538
3716686
3717264
3717504
3718151
3719662
3719915
3720684
3721884
3724231
3724698
3725375
3725961
3726386
3726707
3726856
3727180
3727940
3728788
3730794
3731548
3732221
3732459
3733547
3734049
3734392
3734393
3734562
3736812
3736995
3737434
3737616
3737686
3737698
3738249
3738486
3738628
3739333
3740736
3741340
3742186
3742206
3742269
3742892
3743064
3744495
3745208
3745820
3746125
3748716
3749043
3749325
3749933
3750077
3750927
3751077
3751898
3752988
3754535
3755779
3756361
3757208
3757363
3757914
3758864
3760010
3760507
3763388
3764197
3765188
3766159
3766351
3768347
3768568
3769118
3769489
3770233
3770544
3770708
3771635
3771798
3772016
3772756
3773200
3773959
3774411
3774756
3775754
3775783
3775916
3776524
3780479
3780494
3781079
3782390
3784772
3784936
3785444
3787612
3788756
3789122
3790596
3790886
3791474
3791920
3792032
3792516
3792794
3793720
3794200
3797780
3800544
3800683
3801070
3802053
3802726
3803169
3803965
3804048
3804352
3804749
3806020
3807734
3809291
3809454
3810125
3810155
3810310
3810567
3811520
3812059
3812176
3812620
3813145
3813624
3813796
3816502
3817046
3817566
3817897
3818137
3819515
3821424
3822335
3822526
3822892
3823196
3823945
3825254
3826442
3827108
3827247
3827656
3827695
3828524
3828665
3828899
3828971
3828992
3830521
3830627
3830807
3831667
3833212
3834088
3834225
3834682
3835417
3836597
3837386
3837524
3837574
3837907
3838707
3839988
3841170
3844591
3845210
3847568
3849041
3851200
3852495
3854189
3856398
3857568
3857749
3857884
3858143
3858179
3858856
3859626
3861009
3861652
3861738
3862453
3862869
3863266
3864461
3864938
3867271
3867341
3868881
3869096
3869354
3871889
3872451
3873650
3873694
3874642
3876526
3876588
3877531
3878284
3880084
3881326
3881340
3882344
3882619
3887100
3887572
3888693
3890186
3890370
3890515
3890523
3890637
3891789
3891916
3892582
3892623
3893334
3893915
3894096
3894198
3894303
3897903
3900892
3901350
3901505
3902724
3903476
3903516
3903545
3903641
3905328
3906488
3907147
3908875
3908994
3909072
3909848
3911139
3911371
3912639
3913015
3913185
3913241
3913687
3914832
3916725
3917341
3918399
3918504
3918814
3920264
3920346
3920418
3921011
3921498
3922482
3922979
3923030
3923405
3924265
3924461
3924997
3925645
3926137
3926503
3928910
3929253
3929922
3930693
3933251
3934459
3934566
3934627
3935009
3935921
3936086
3936350
3936614
3936788
3937046
3937347
3938395
3938525
3939236
3939321
3940593
3940891
3940942
3941606
3941884
3942207
3942322
3942535
3943107
3944812
3948376
3948590
3948624
3950252
3950278
3950966
3951931
3952163
3952908
3953313
3954098
3954948
3955322
3955824
3957478
3959558
3960767
3960829
3961506
3961523
3961642
3961823
3962064
3962901
3963195
3964775
3964935
3965130
3970357
3970944
3971739
3971946
3972533
3973098
3974102
3974499
3976139
3977917
3979370
3979500
3979517
3980139
3980245
3981086
3981633
3982756
3983496
3984109
3984170
3984225
3984279
3984285
3984891
3984950
3985563
3986711
3986870
3987421
3988265
3989765
3991186
3991711
3991910
3992585
3992667
3995620
3995930
3996514
3998396
3998732
3999241
3999452
4000109
4000301
4000438
4002062
4002702
4002960
4003004
4004123
4004827
4007902
4009446
4009453
4010262
4010342
4011926
4011988
4014194
4014247
4014602
4014890
4014979
4015025
4016220
4018869
4020649
4020673
4021242
4021729
4022208
4022478
4022540
4023471
4025568
4027601
4028144
4028178
4028226
4031181
4031248
4032699
4033407
4033813
4034100
4034721
4034896
4036713
4037197
4038738
4038874
4039500
4039796
4039889
4040353
4040747
4041210
4042169
4042697
4043227
4043439
4043457
4044849
4045023
4045318
4046334
4046501
4047989
4048816
4048973
4049476
4049698
4050852
4052488
4053549
4054547
4054624
4054657
4055173
4055318
4056291
4057858
4059138
4060301
4060632
4061720
4061828
4062922
4064023
4065354
4066587
4066899
4066961
4067294
4067606
4069218
4070587
4070624
4070674
4070812
4071283
4072655
4074830
4075537
4075559
4075837
4076950
4077461
4077560
4078138
4079211
4080580
4081243
4083077
4083346
4083686
4084540
4084606
4084800
4085940
4086230
4086929
4088880
4089344
4089922
4090284
4091177
4091703
4091709
4091758
4093177
4095510
4095902
4096116
4096784
4098687
4102619
4105485
4105648
4105681
4105795
4107261
4107438
4107447
4108199
4110293
4111826
4111942
4113150
4113488
4114791
4115586
4115989
4116199
4117224
4119779
4120217
4120498
4120925
4121135
4122184
4122219
4122221
4122782
4123117
4123746
4124165
4124715
4125900
4126558
4126794
4130591
4130604
4131449
4131845
4132132
4132312
4134666
4135552
4136849
4137371
4137722
4138052
4138450
4138957
4140319
4140937
4141125
4141277
4141349
4141471
4141894
4142527
4142541
4143655
4144171
4144942
4145464
4145537
4145855
4145942
4146138
4148258
4150193
4150732
4153234
4153636
4154741
4155763
4156205
4156554
4156698
4156730
4157046
4157853
4158300
4159138
4159507
4159665
4163863
4163872
4164439
4165849
4167344
4171871
4175282
4176441
4176538
4178074
4178879
4179044
4181226
4181319
4181800
4183412
4183671
4185064
4185499
4186212
4186739
4187096
4188702
4188886
4189453
4189924
4191470
4192486
4193221
4194647
4194650
4195425
4196052
4196241
4196875
4197528
4198009
4198042
4198160
4199778
4201050
4202438
4204147
4204381
4205521
4205618
4205621
4206312
4207295
4207491
4210035
4211572
4211760
4212214
4212236
4212649
4213093
4213341
4213532
4214286
4214298
4214727
4214832
4215010
4216697
4216771
4218984
4220313
4220738
4222209
4222754
4226229
4227002
4227191
4227964
4230422
4231505
4232070
4232284
4232285
4234042
4234155
4234365
4234525
4235412
4236182
4237313
4238682
4239034
4239459
4241742
4242550
4243327
4244830
4245112
4246364
4246532
4246754
4247501
4247605
4247917
4249016
4249152
4249979
4250865
4251286
4252331
4252874
4252982
4254245
4256479
4258634
4260009
4261699
4261812
4263650
4264281
4264736
4265694
4265761
4266159
4267261
4267727
4267787
4269948
4270537
4273128
4276757
4277461
4277853
4277974
4278633
4279556
4279775
4280071
4280377
4281082
4281591
4281782
4283797
4284508
4285467
4286335
4287501
4287537
4291996
4293120
4294964
4295138
4295782
4298164
4298555
4298838
4300864
4301144
4302018
4305103
4305370
4305823
4305910
4306503
4307004
4309162
4309883
4309899
4310072
4311626
4313079
4313168
4313277
4313588
4314127
4314355
4314699
4314986
4315549
4315975
4315999
4318168
4318747
4319689
4321556
4321945
4322248
4322431
4322804
4323151
4323945
4324575
4326282
4326322
4326833
4326898
4327682
4328070
4328108
4329165
4329201
4329632
4330142
4330681
4331897
4332968
4333035
4333628
4334864
4334966
4335859
4335983
4336446
4337527
4339407
4339485
4340987
4344285
4345685
4346441
4346751
4346784
4346895
4347217
4348390
4348582
4349344
4349619
4350568
4350858
4351852
4351922
4352399
4353004
4353052
4353629
4355719
4356089
4359951
4360839
4361560
4362168
4362338
4363063
4363682
4363743
4363894
4363975
4364138
4364770
4366386
4366967
4369025
4369380
4370287
4370649
4371123
4371251
4371634
4371764
4371790
4371798
4371817
4372454
4373170
4373485
4373513
4373850
4373872
4373987
4374295
4374702
4375349
4376770
4376842
4377031
4377923
4377960
4378481
4378932
4380694
4381826
4382231
4383710
4384589
4385402
4385893
4387149
4388151
4388508
4389941
4390599
4391852
4393117
4393237
4394498
4395068
4395824
4396113
4396335
4396571
4398051
4398239
4402443
4402689
4406483
4407102
4407134
4407524
4408841
4409964
4410418
4410979
4411216
4411795
4412269
4412382
4412839
4413108
4415538
4416775
4418393
4418505
4418563
4419928
4422111
4424488
4426975
4427561
4429062
4429077
4432003
4432105
4432255
4432712
4432781
4433579
4435733
4436342
4436820
4438944
4439460
4439511
4439613
4440225
4440444
4441961
4442066
4442340
4442931
4444765
4445007
4445300
4446605
4447182
4447407
4448142
4448167
4448250
4448561
4448817
4449665
4450520
4451003
4451257
4451412
4451724
4452271
4452293
4452377
4453133
4453801
4455047
4456732
4457249
4457407
4458112
4460062
4461425
4461980
4462293
4462774
4463931
4464139
4464838
4465367
4465914
4467565
4468482
4469044
4469718
4471216
4471339
4471799
4471935
4473613
4474059
4474997
4475637
4475744
4477694
4478458
4481447
4482013
4482537
4483410
4483643
4483854
4486128
4486360
4486768
4487635
4487754
4487893
4488273
4488533
4489075
4489889
4492488
4492808
4494706
4496297
4497389
4497506
4500231
4500541
4500614
4500961
4503118
4504723
4505208
4505289
4507169
4507560
4507711
4509001
4509872
4511057
4512561
4512761
4513973
4514191
4515248
4515356
4515611
4515680
4516125
4516366
4517503
4523981
4524692
4524761
4526632
4526843
4527167
4527505
4529069
4529396
4529950
4531087
4531881
4532541
4533427
4535545
4536018
4536561
4536850
4537230
4537934
4540427
4542252
4542571
4543259
4543473
4543630
4544150
4546415
4547766
4548036
4548571
4548822
4550055
4550338
4552095
4552959
4553461
4553625
4554518
4554776
4555340
4556067
4556554
4557298
4557621
4558107
4559146
4559539
4559729
4560845
4561410
4562407
4562643
4563199
4564016
4564251
4564841
4566901
4567171
4567815
4568369
4568586
4570523
4570971
4570991
4574084
4574086
4575608
4576032
4576154
4577094
4577480
4577896
4578015
4578407
4579009
4579350
4579978
4581710
4583935
4586167
4586524
4586700
4587123
4587174
4587905
4588021
4588067
4588897
4589405
4592869
4595068
4595308
4595373
4595762
4596487
4596527
4597302
4599164
4600310
4601016
4602059
4603091
4603151
4603246
4603821
4603991
4606582
4609027
4609558
4610384
4611244
4611284
4611610
4611670
4613448
4613854
4614424
4615686
4615911
4616022
4616706
4617594
4618009
4618698
4619201
4620356
4621432
4622048
4624132
4624697
4625214
4626516
4626822
4627148
4627574
4628245
4629090
4629358
4629916
4630100
4631468
4633028
4633732
4634737
4635513
4636685
4638033
4638188
4640778
4640936
4641490
4642782
4644619
4645253
4645496
4646508
4647634
4649252
4649337
4649414
4649642
4649702
4649725
4649863
4649922
4650654
4650897
4651143
4651285
4651532
4652923
4653422
4655303
4655697
4657242
4657529
4657843
4659070
4659505
4659513
4661125
4661151
4661444
4661505
4661651
4662464
4664071
4664453
4666132
4666949
4667458
4668156
4668747
4669077
4669627
4670931
4670992
4671592
4671929
4672042
4672266
4672680
4673133
4673425
4675702
4677959
4679082
4679992
4680064
4682292
4682810
4683290
4683861
4684177
4684739
4684982
4685760
4686777
4687215
4687258
4687529
4689363
4689888
4690101
4690346
4692499
4692786
4692787
4693893
4693948
4694787
4695136
4695145
4695856
4697396
4697831
4697843
4698720
4699278
4699487
4700348
4702381
4703717
4705074
4705492
4705640
4709077
4709227
4712238
4715016
4715673
4716192
4716217
4716273
4718911
4720338
4720928
4721864
4722011
4722668
4723150
4723475
4723814
4724676
4724777
4725438
4726270
4726553
4727177
4727323
4727567
4728825
4730482
4731321
4731772
4732290
4733243
4733348
4733926
4734324
4734619
4734634
4734648
4734994
4735485
4735825
4737111
4738394
4738942
4739758
4739877
4740625
4740878
4741997
4742098
4742685
4743310
4744210
4745139
4745917
4746645
4747034
4747498
4747993
4749362
4749677
4752036
4753443
4753847
4753967
4754811
4756185
4756216
4756237
4756599
4757372
4757406
4758033
4760794
4761438
4762192
4763039
4764757
4766236
4767253
4768880
4769210
4769724
4770545
4770747
4773220
4774005
4774451
4775238
4776880
4778099
4779565
4781049
4782398
4783147
4784093
4784945
4785474
4785941
4786038
4787187
4789456
4789630
4789717
4790294
4790711
4791021
4792828
4793081
4794462
4795127
4796090
4797218
4798939
4800693
4801839
4801993
4805430
4805699
4805712
4805992
4806733
4807894
4808489
4809788
4810586
4811100
4811598
4812894
4814147
4814549
4817908
4819380
4820920
4822600
4823748
4824818
4825139
4825583
4826285
4827938
4828096
4828457
4829689
4830015
4831808
4831862
4833525
4833871
4834884
4835232
4836251
4837826
4838945
4840303
4840358
4840676
4841533
4842331
4842607
4843229
4843530
4843900
4845030
4845334
4845699
4846803
4846933
4848838
4853715
4854066
4856414
4858772
4858809
4859656
4860081
4860646
4863426
4863886
4864413
4864435
4865803
4867511
4867519
4867860
4868331
4870040
4870554
4870714
4871390
4871550
4871903
4871942
4874251
4874923
4876021
4876035
4877231
4877881
4879389
4879714
4881524
4881642
4881646
4881918
4882756
4883802
4885072
4885406
4887011
4888508
4888510
4888701
4889638
4889681
4889984
4890843
4891599
4893028
4894044
4894061
4895161
4896211
4896276
4897013
4898175
4898374
4898721
4898733
4900200
4902644
4903267
4903971
4904645
4906166
4906262
4906383
4907358
4907994
4908018
4908202
4908927
4909240
4909629
4909749
4909808
4910364
4910880
4914240
4914419
4916682
4916882
4918482
4918559
4918654
4920713
4920888
4922044
4923044
4923289
4924662
4925936
4926418
4926662
4926982
4927277
4927730
4928148
4928494
4929350
4930299
4930488
4931023
4931555
4931637
4931923
4933775
4935000
4935676
4937463
4938804
4938920
4939257
4940022
4940245
4941150
4941206
4945250
4945358
4945749
4946541
4948279
4948335
4948560
4948573
4950284
4950706
4951122
4952289
4953644
4954097
4954331
4954501
4954548
4955644
4956043
4956706
4957690
4959424
4959664
4960720
4960763
4960858
4960865
4961011
4961748
4962025
4962290
4962456
4963308
4963331
4963348
4965694
4966390
4967226
4968498
4969805
4969918
4970760
4970770
4973187
4974137
4974745
4974749
4975566
4976202
4978316
4978325
4979086
4979178
4980015
4980472
4981042
4982802
4983743
4984156
4985203
4985951
4989402
4989411
4990057
4990900
4992982
4993289
4993721
4995812
4996556
4997489
4998582
4999273
5001175
5001549
5001740
5001990
5002143
5002499
5004341
5004660
5005331
5005412
5005846
5007877
5007914
5010711
5011302
5011512
5011790
5012000
5012830
5013490
5014540
5014690
5015924
5016421
5016530
5016746
5017566
5020615
5021139
5021177
5021829
5022056
5022135
5022295
5023023
5023034
5025307
5027682
5028251
5028573
5030503
5031752
5031782
5033288
5034343
5034747
5034880
5035254
5035840
5036917
5037039
5037676
5038027
5040313
5040821
5041074
5042367
5042667
5044761
5045041
5045470
5045792
5045864
5046257
5047944
5049141
5049639
5050563
5052211
5052234
5052654
5053864
5053964
5054186
5054798
5055612
5056072
5057645
5058982
5060241
5060426
5060495
5060561
5060692
5060907
5061186
5061333
5061786
5061947
5063367
5063462
5063662
5066370
5066865
5069003
5069012
5070116
5070530
5070754
5070768
5071245
5072265
5072643
5072879
5073041
5073069
5075886
5076452
5078338
5078468
5079359
5079555
5080155
5080744
5081293
5081325
5081468
5082032
5082215
5082336
5082371
5084860
5084935
5085274
5085612
5085943
5087576
5088438
5089542
5090762
5091479
5091884
5092093
5092109
5093421
5093541
5093959
5094857
5096040
5097727
5098212
5099021
5099511
5100887
5101049
5102435
5102979
5103005
5103497
5105837
5106061
5106454
5106530
5107071
5107249
5107580
5107682
5108650
5108678
5109499
5109835
5112114
5112983
5113878
5113892
5114567
5114692
5115410
5117563
5120643
5121111
5121464
5122504
5123196
5123209
5123486
5123737
5126007
5127366
5127725
5129910
5130806
5131240
5131265
5131331
5131715
5132143
5133593
5134022
5134153
5134529
5135438
5136098
5136897
5137164
5137437
5138062
5141899
5142019
5142422
5142466
5142925
5143248
5144374
5144398
5144490
5145637
5145733
5147856
5148257
5148619
5148941
5149066
5149072
5150583
5150829
5150841
5151606
5151620
5151857
5152725
5154592
5155653
5156568
5157898
5158032
5158275
5158444
5159412
5160180
5160221
5162283
5163089
5163175
5163206
5163956
5164055
5165323
5165327
5165546
5166145
5166946
5168877
5169768
5170101
5171296
5172932
5174164
5174473
5174483
5174805
5175129
5175857
5175996
5176436
5176835
5176893
5176979
5178058
5178060
5179220
5179308
5179391
5180908
5182841
5183439
5185389
5186975
5187584
5187643
5189899
5190368
5190721
5190828
5191188
5191561
5191565
5192676
5193265
5193491
5193656
5194760
5195004
5195474
5195862
5196230
5196749
5196881
5199266
5199294
5202032
5202806
5203521
5204595
5205040
5206384
5206642
5212157
5213666
5216464
5217593
5218069
5218686
5219755
5219800
5220231
5222380
5222843
5224665
5225243
5226699
5226788
5227717
5228889
5228905
5229544
5229873
5230457
5232312
5232546
5234169
5234402
5234936
5235144
5235564
5236066
5236606
5236701
5240310
5241253
5244174
5244725
5247086
5247097
5247107
5247113
5248634
5249085
5249235
5250962
5250989
5251943
5253155
5253399
5255365
5256011
5256229
5259463
5259676
5261248
5262139
5262377
5262744
5262939
5263525
5264104
5265260
5268607
5269029
5270192
5271287
5272130
5273188
5273821
5274334
5276178
5276387
5276991
5278665
5279006
5280967
5281385
5282974
5283696
5284899
5285116
5286915
5287828
5288784
5289196
5289636
5289709
5290382
5291366
5291908
5292007
5292753
5293139
5293482
5293698
5294472
5295355
5295382
5297854
5300622
5302217
5303841
5304519
5304786
5304825
5305036
5307483
5308115
5309994
5310250
5310600
5310653
5310734
5311001
5312586
5313151
5314386
5315776
5315867
5317957
5318490
5319259
5319631
5319793
5321099
5322103
5324252
5325744
5325997
5326849
5327003
5327849
5330451
5331561
5332582
5333501
5333960
5334048
5334674
5335867
5338747
5338856
5339286
5339796
5342173
5342474
5342535
5343625
5343649
5344438
5344774
5346592
5348996
5349069
5350352
5352896
5354184
5356360
5357428
5358212
5358479
5359365
5359473
5359817
5359967
5360111
5360731
5362492
5362496
5362991
5367415
5369442
5370830
5372848
5373661
5374091
5375422
5375620
5375683
5376351
5377013
5377237
5378513
5379429
5380048
5381838
5382739
5383294
5383298
5385825
5385830
5385851
5385933
5386816
5388318
5390399
5391176
5391323
5391386
5393838
5393928
5394317
5394668
5394724
5395536
5396225
5396259
5397043
5397964
5398515
5399484
5399613
5400502
5400809
5402775
5403301
5404233
5404419
5405041
5405436
5408688
5410096
5410682
5411352
5411907
5412829
5413508
5414001
5414628
5415668
5415726
5417332
5417821
5418227
5418687
5419742
5424199
5424401
5424570
5424958
5426194
5426311
5426891
5427185
5429230
5429463
5430134
5430311
5430843
5431029
5432152
5432343
5432667
5432928
5432940
5433050
5434236
5434261
5434389
5435440
5435520
5435531
5436041
5436650
5437684
5438304
5439256
5439263
5439500
5440443
5440951
5441220
5441953
5442916
5443985
5444036
5444948
5445009
5446410
5447083
5447246
5448653
5448804
5448857
5449160
5449436
5450011
5450252
5450459
5451709
5451826
5452182
5452643
5453835
5453975
5454386
5456498
5456517
5458213
5458235
5458364
5460645
5461307
5461608
5465029
5465669
5465851
5465864
5465875
5467074
5467161
5468291
5468673
5468696
5468792
5469153
5469713
5470188
5470283
5470747
5472417
5472854
5475522
5475983
5477824
5478255
5478390
5478644
5479262
5479268
5479532
5480273
5480355
5481260
5482387
5482438
5483034
5483054
5483471
5483537
5484873
5487094
5488954
5489569
5492684
5494580
5494608
5495515
5496247
5498055
5498153
5498621
5498889
5501456
5501478
5501702
5502943
5503305
5503479
5503708
5504188
5511285
5512422
5514081
5515368
5515527
5515686
5515916
5517128
5519418
5520051
5520277
5522037
5522206
5522626
5523510
5524495
5525193
5525936
5525996
5526660
5526663
5528569
5531158
5532601
5533147
5533788
5535022
5535487
5535818
5535917
5536553
5536694
5538988
5540481
5540585
5542292
5542363
5542858
5542929
5543395
5544338
5544839
5546802
5549313
5550678
5550811
5550875
5552943
5554559
5556222
5556235
5556535
5556573
5556612
5556767
5557358
5557676
5557768
5558285
5558437
5559833
5559927
5559953
5560504
5561075
5561579
5562174
5562564
5563114
5563130
5563219
5563801
5563996
5564259
5566381
5566962
5567595
5567785
5568173
5570675
5574142
5574175
5574938
5575997
5576217
5576494
5577080
5577759
5578199
5578249
5578487
5578851
5579453
5580276
5580990
5581984
5582350
5582357
5582597
5583392
5584149
5584413
5585991
5586376
5586682
5587565
5587876
5590987
5591748
5592148
5593971
5594656
5595192
5595326
5595572
5597822
5598483
5599506
5599628
5601178
5601403
5601444
5602341
5603624
5605930
5606036
5606339
5607413
5607554
5607870
5607880
5608539
5608597
5609010
5609570
5611278
5611673
5612150
5612172
5612604
5613351
5614167
5615415
5617585
5617871
5618485
5620591
5620761
5622074
5622572
5623469
5627766
5629357
5630089
5630306
5630596
5630765
5632634
5633041
5633170
5634574
5635029
5635136
5635935
5635983
5637003
5638960
5639148
5641717
5641748
5643848
5644963
5645287
5645423
5646385
5646409
5646517
5646641
5646699
5647062
5647125
5647889
5647977
5648978
5649126
5649680
5650827
5653501
5653711
5653962
5654589
5655890
5656509
5657866
5658411
5660180
5660531
5661113
5661481
5661902
5663435
5664246
5665536
5666854
5667305
5667442
5667646
5668574
5669493
5671061
5671692
5672212
5675104
5678220
5678410
5678935
5679110
5679437
5680888
5683075
5683996
5684948
5685250
5685916
5686562
5686783
5688154
5688368
5688616
5688754
5689008
5689153
5690048
5691433
5691937
5691994
5696375
5697064
5697208
5697725
5698758
5698789
5700730
5701343
5703022
5703552
5704545
5704760
5704833
5705515
5705676
5705773
5708301
5708324
5713682
5715639
5715669
5716180
5716895
5717540
5717609
5718423
5719281
5719804
5722758
5722790
5723847
5724164
5725770
5726581
5726642
5727120
5727206
5728234
5728540
5729704
5731042
5731143
5731159
5732161
5734097
5734928
5734945
5735484
5735561
5735660
5735797
5736189
5737152
5737278
5737669
5738879
5738905
5739067
5739489
5740192
5740807
5741115
5741320
5741394
5743714
5744529
5745882
5745905
5746170
5750235
5752988
5753636
5754464
5755837
5756200
5756822
5757089
5760324
5762286
5765517
5765519
5766569
5766809
5768733
5768807
5768933
5769149
5770046
5770601
5770700
5771880
5772678
5773740
5776679
5777311
5779583
5779976
5780080
5781480
5781620
5781800
5784857
5784999
5785790
5786393
5786700
5788084
5788350
5788437
5790088
5790808
5791038
5793057
5793513
5793516
5796437
5796802
5798634
5798841
5799162
5799528
5800326
5802235
5802295
5802512
5803101
5803920
5804624
5804745
5804864
5805358
5805724
5805934
5806695
5807302
5807431
5808161
5808339
5808581
5809429
5811916
5813574
5813644
5814912
5814944
5815211
5816586
5816762
5817389
5817660
5817966
5818695
5819047
5819150
5819637
5819756
5821691
5822890
5823281
5824106
5824926
5825110
5826395
5826796
5827914
5828433
5828509
5828633
5828867
5829212
5829254
5830101
5830249
5832226
5833103
5833131
5836565
5837454
5837571
5837677
5837794
5838317
5838696
5838800
5839002
5839017
5839361
5839799
5839899
5840048
5840054
5842201
5843088
5844393
5845270
5846269
5846335
5847094
5849073
5849380
5850560
5853252
5853822
5853856
5854444
5856831
5859350
5859953
5860121
5860176
5860277
5861123
5861714
5862566
5864020
5866063
5866811
5868521
5869451
5870279
5870353
5872778
5873329
5874088
5875040
5876416
5876871
5877907
5879059
5879385
5879846
5880276
5880421
5880550
5880792
5881134
5881287
5882056
5882702
5883235
5883780
5885632
5885679
5887364
5891366
5891907
5893153
5893546
5894295
5896340
5896624
5897147
5897153
5901885
5902179
5903012
5903274
5903373
5903475
5905056
5907841
5908161
5908296
5911325
5911840
5913302
5913773
5914297
5914659
5916280
5918779
5919530
5920019
5920020
5920700
5920943
5922109
5922925
5923723
5924798
5925486
5928740
5928932
5930484
5930614
5931623
5931959
5932645
5932757
5933427
5934636
5934650
5935869
5936377
5937307
5937364
5937434
5937774
5938018
5938034
5938116
5938721
5941143
5944100
5946543
5946658
5946911
5947865
5948592
5949848
5950417
5950431
5950840
5951448
5951626
5952055
5952325
5952833
5953010
5953820
5953961
5954715
5954989
5955448
5955570
5956344
5957280
5957454
5957611
5958866
5959086
5959235
5959929
5960281
5960680
5961540
5961912
5962110
5962334
5962512
5963006
5963035
5963135
5964236
5964278
5965018
5966045
5967394
5969747
5972909
5972937
5974692
5975283
5975553
5976100
5978318
5979032
5979123
5980624
5980717
5980785
5981738
5981825
5983383
5984161
5985128
5985859
5987886
5989743
5991613
5991690
5991916
5992160
5995867
5996979
5997567
5997666
5998007
5998548
5998923
5999720
6002251
6003586
6003845
6003862
6004041
6006596
6006734
6006976
6007518
6008216
6008531
6008809
6008903
6009073
6010781
6011141
6011276
6012886
6015180
6015400
6015593
6016075
6016165
6017999
6018863
6019655
6019684
6019797
6020769
6021046
6021315
6021658
6025046
6026395
6027154
6029124
6029350
6029363
6030090
6030628
6031185
6031571
6031668
6031796
6032260
6032838
6032856
6034296
6035950
6036912
6037552
6037860
6038349
6038994
6039024
6040325
6040552
6040717
6043032
6043038
6043940
6044695
6045865
6046262
6046894
6048512
6048741
6048979
6049348
6050111
6053183
6054027
6054176
6054727
6056870
6058482
6058795
6059377
6060325
6060498
6062617
6062750
6063692
6064000
6064849
6065621
6067542
6069596
6071492
6072626
6073186
6073582
6073783
6073992
6074204
6075896
6076976
6077083
6080518
6081102
6081340
6082173
6083042
6085193
6086550
6086556
6086708
6086745
6087266
6088067
6088109
6088854
6089251
6089973
6091648
6092997
6093955
6094119
6094450
6095120
6095161
6096986
6097180
6097758
6098596
6099917
6100028
6100198
6100441
6100832
6101278
6101376
6101878
6104971
6105687
6106508
6106651
6107249
6108708
6108924
6109535
6110330
6110786
6111240
6111383
6111463
6111739
6111979
6113414
6115821
6117340
6117516
6117725
6118057
6118569
6118911
6118937
6120165
6120212
6120283
6121849
6122247
6122676
6123584
6125043
6125075
6125332
6126296
6126917
6129995
6130010
6130236
6130336
6130506
6131595
6133705
6134081
6134500
6134786
6135246
6135522
6136974
6138098
6140409
6140456
6140841
6141481
6142077
6143139
6143737
6145288
6145509
6146124
6146322
6146735
6148386
6148520
6148734
6148914
6149055
6149108
6151941
6153728
6153816
6153890
6153988
6154029
6155534
6158055
6158279
6158528
6159120
6159530
6161137
6163519
6165356
6165759
6166752
6166937
6168098
6168671
6169181
6169425
6169627
6171095
6171148
6171213
6172020
6172211
6172912
6174408
6176812
6176908
6176923
6177013
6177180
6177592
6178220
6178534
6178642
6179458
6180439
6181129
6181279
6181513
6183134
6183276
6185785
6186728
6187342
6187820
6188345
6188374
6188795
6189336
6189357
6189665
6192357
6192869
6194844
6198451
6199422
6199707
6199887
6201487
6202568
6202973
6204164
6205053
6205220
6205473
6205948
6206283
6206525
6209816
6210589
6211020
6211408
6211857
6212805
6213863
6214273
6214374
6215445
6215500
6217338
6217618
6218733
6218839
6220266
6220288
6220303
6220730
6220963
6221044
6222399
6225047
6225362
6226255
6230470
6230692
6231369
6231906
6232160
6232444
6232592
6232804
6233147
6233449
6234683
6235937
6238234
6238280
6238348
6238478
6240826
6241877
6242810
6244287
6244856
6245734
6245766
6245808
6246523
6247356
6248634
6249687
6251396
6251701
6251827
6251914
6253434
6253470
6253753
6254749
6260632
6261514
6261674
6263336
6265230
6265324
6265465
6265651
6265840
6266675
6266743
6266934
6267065
6267854
6268674
6268741
6268927
6269819
6270012
6270786
6271219
6271444
6271468
6271808
6272089
6273439
6273815
6274151
6277435
6278746
6279160
6280270
6280729
6281175
6281341
6282696
6283692
6286131
6287444
6287504
6288301
6289234
6289649
6290047
6290214
6291428
6291987
6293761
6294453
6295151
6296305
6296773
6300469
6302495
6305067
6306365
6306925
6308240
6308502
6308666
6309982
6310521
6311497
6311519
6311713
6312030
6313283
6313554
6314191
6315227
6315361
6316654
6316794
6317151
6317154
6318705
6320486
6321007
6321536
6321667
6322323
6326219
6327622
6328007
6329372
6329409
6329505
6330781
6331437
6332967
6333976
6334607
6334735
6335213
6336316
6336728
6337985
6338856
6339535
6340033
6340146
6341061
6341875
6342440
6343870
6343932
6344761
6345332
6345696
6345707
6345927
6346858
6347541
6347851
6347903
6347929
6351689
6352764
6353027
6354045
6354128
6354478
6354793
6355582
6356059
6356278
6357255
6359037
6359039
6359760
6359856
6360077
6360902
6361847
6362737
6364342
6366514
6366895
6367511
6368097
6369687
6371326
6372785
6374046
6374938
6378088
6379010
6379055
6379197
6379673
6385802
6386582
6388167
6388665
6389279
6389735
6390992
6391597
6391928
6394243
6395976
6396050
6396831
6397253
6397528
6397735
6398099
6401682
6401808
6402413
6402723
6403459
6404349
6404794
6407555
6407743
6407995
6408414
6408437
6410973
6410985
6410999
6411122
6411369
6412462
6412494
6412864
6412887
6413021
6414929
6415173
6415238
6415655
6415821
6417051
6417232
6418106
6419165
6420705
6420866
6421855
6423412
6425464
6427303
6428469
6428503
6428661
6430754
6430933
6431197
6432389
6433030
6433618
6434051
6434410
6435329
6435713
6435880
6437529
6437675
6437923
6438347
6438625
6440336
6440554
6440863
6441420
6442779
6443517
6443903
6444821
6444862
6444894
6445113
6446906
6447970
6448569
6449320
6450079
6450791
6451165
6453299
6453768
6453840
6454137
6454564
6456466
6458420
6459362
6459808
6460945
6461976
6464768
6465107
6465496
6468135
6468915
6469896
6471314
6472067
6473615
6473938
6475756
6476650
6477308
6478330
6480015
6480550
6480862
6480938
6481324
6481385
6481634
6481757
6482137
6482578
6484800
6484823
6486317
6486462
6486600
6489628
6489783
6490702
6490853
6490936
6493525
6493608
6494371
6497536
6497974
6498386
6498610
6499437
6500316
6501552
6503450
6503452
6505694
6506172
6506881
6507066
6507910
6508273
6508785
6508809
6508965
6509169
6509421
6509922
6510222
6511970
6513291
6513442
6516575
6517052
6517952
6519120
6519228
6520299
6520405
6522420
6523423
6523773
6524937
6525871
6526165
6526838
6526848
6528115
6529743
6530820
6531128
6531162
6531581
6532280
6532650
6533110
6533240
6534816
6535564
6536182
6536374
6536441
6539497
6539643
6540061
6540231
6540457
6540627
6540945
6541340
6542338
6543426
6544796
6548103
6550051
6551513
6552805
6553078
6553672
6555317
6555672
6555771
6555953
6556597
6557013
6557555
6557891
6558443
6558807
6558996
6560638
6561330
6561995
6563711
6564166
6564201
6564380
6564736
6566079
6566810
6567350
6567825
6569854
6569874
6569904
6570700
6571210
6571345
6572123
6573404
6574034
6574167
6574230
6574818
6576492
6576506
6576639
6577005
6577802
6578252
6578455
6579363
6580478
6580911
6582426
6582620
6583867
6585060
6585103
6585445
6585448
6586546
6587278
6587753
6587910
6588739
6589337
6591097
6592054
6592781
6593929
6594589
6594620
6594712
6594997
6595154
6595686
6596032
6597169
6599113
6600017
6600323
6601807
6602220
6603091
6603438
6603577
6603654
6605283
6606091
6606899
6608575
6608895
6609731
6610142
6611280
6611604
6611660
6611706
6613596
6614422
6614608
6614628
6616007
6617973
6618473
6618843
6620068
6620485
6620829
6621723
6622833
6623200
6623706
6624502
6625926
6626350
6627556
6627869
6629489
6629951
6630348
6630814
6631523
6632053
6632214
6632387
6632925
6633351
6633382
6633419
6637155
6637827
6639511
6639532
6640043
6643194
6644200
6644496
6644645
6644713
6644757
6645098
6645662
6645973
6647162
6647280
6647481
6647745
6649500
6650685
6650843
6652443
6652447
6652477
6652967
6653937
6657509
6658639
6658690
6658864
6659519
6660024
6663253
6663436
6663474
6663630
6664804
6666163
6666369
6667000
6668159
6668729
6669356
6670417
6671662
6671975
6672882
6673169
6674631
6676897
6677930
6678975
6679540
6682619
6683047
6683429
6683462
6683713
6684024
6684281
6685110
6688594
6688855
6689767
6691154
6692389
6692827
6693472
6694126
6694253
6695215