3266
10624
15699
16537
19007
28124
29172
38864
41121
46170
56185
59522
72416
78508
92460
105860
108745
110707
119863
124986
133268
142506
146800
151755
152149
153268
157847
159199
170610
174666
177179
184248
185451
186894
187340
191571
192184
192479
195431
196180
201697
206503
206906
207397
212776
213246
213612
216822
217558
219107
221025
228686
230674
232679
233787
251543
252374
261135
263280
265895
268041
270945
273622
276099
281355
282278
282585
288111
291541
298407
309703
313470
320609
322778
323886
329381
338022
338513
339980
342534
343940
352466
354361
356084
357648
361954
364083
364426
365501
367397
368634
373022
377733
381313
381955
386121
391731
396668
398442
398883
403090
405196
408469
409480
409608
418356
427707
427856
429343
429515
429714
430436
436765
437630
438116
450414
454962
463036
466347
468312
470903
473415
474358
475025
479181
479995
481204
481310
489703
495900
498753
500945
501855
502259
504540
505103
510929
514865
519774
523848
524803
528805
529561
532828
537904
555537
556898
562363
564995
565210
566304
567102
567437
570079
571725
574006
574466
578363
578737
584364
585149
585175
589000
608407
612653
612797
615232
617150
619492
619854
620508
621250
628496
632342
641346
649093
649135
652181
652971
654468
657122
671264
674269
675168
677910
692073
692862
701112
702624
710743
712695
715587
717695
717993
718583
722371
729187
729848
735279
736631
745026
747064
750409
751368
752244
752869
752874
755312
755318
757425
762318
766367
767492
767671
776811
781572
786289
787249
788257
789702
789729
790851
792094
794558
800021
806975
809411
812860
814110
816164
819390
837043
839477
1132913
1135906
1138941
1147776
1148755
1148766
1149045
1149171
1152595
1159555
1159606
1161032
1161798
1162540
1166624
1167581
1169506
1180199
1180802
1181143
1181888
1191488
1198257
1203543
1203646
1206198
1208890
1213600
1223860
1225036
1228095
1230510
1232935
1235668
1237221
1238158
1242386
1247870
1252835
1253027
1253572
1254501
1254841
1255874
1258716
1262112
1262578
1265703
1275350
1275567
1275599
1276798
1278986
1281445
1281604
1288500
1293724
1294368
1295033
1295992
1297762
1303432
1304413
1306611
1310654
1310969
1312989
1314606
1315650
1320025
1322276
1326618
1327108
1327763
1329050
1331665
1341781
1360685
1361379
1361498
1366330
1373631
1374582
1384223
1386152
1391262
1391964
1393881
1395238
1395808
1395819
1396030
1396882
1402029
1410622
1411410
1415194
1428146
1428801
1430330
1438935
1444035
1444764
1445419
1449257
1449846
1452275
1453874
1455891
1456740
1461930
1462999
1468296
1469975
1472046
1474814
1479073
1480783
1481185
1483634
1487562
1488089
1490064
1492705
1493034
1495194
1509894
1518238
1520351
1521600
1522847
1522966
1529207
1539015
1550736
1558630
1559293
1568667
1573249
1573421
1575516
1576130
1576872
1578871
1582563
1585512
1586513
1588572
1589124
1600174
1601067
1601218
1611648
1611787
1612548
1616697
1619548
1626239
1639731
1644280
1650896
1654807
1655302
1656832
1657354
1663522
1664741
1666069
1669386
1671702
1672784
1679085
1679291
1682963
1683888
1684391
846474
847060
849126
852707
855732
858997
864118
867120
868572
872866
872962
873112
873119
878714
885646
886662
887921
894581
895605
897483
898507
904828
908369
910840
912808
915016
919075
919661
919970
921547
922459
927481
929595
933198
940238
941003
946381
947319
948366
952470
955147
958094
960705
965136
965882
966414
968568
970705
977443
981491
983727
985902
987560
989403
990123
992222
995837
996395
1003688
1006656
1007662
1010112
1018398
1019524
1024655
1049833
1055040
1058204
1060628
1064292
1068110
1070267
1071001
1071527
1072577
1074972
1077151
1081951
1082417
1088026
1093751
1095757
1103227
1104328
1104377
1111369
1115931
1118933
1119823
1120764
1121952
1124671
1688931
1690320
1693234
1693810
1694915
1699028
1705573
1706120
1709294
1713360
1722120
1723143
1725280
1732382
1735517
1741992
1746726
1751727
1756150
1756357
1756500
1759137
1763357
1766713
1774572
1777025
1790481
1794405
1797111
1798260
1800318
1802822
1805159
1822216
1824177
1833560
1835479
1836243
1836975
1838856
1843134
1843337
1847663
1850561
1851594
1851619
1854226
1856836
1860164
1862261
1863267
1863552
1866491
1867596
1871720
1881151
1881155
1885120
1897437
1897577
1911655
1913060
1916630
1920266
1920954
1930210
1933666
1939566
1954417
1956425
1961765
1967237
1967978
1974713
1975036
1980773
1985536
1987017
1990668
1993545
1997722
1999117
2004140
2006206
2012675
2014286
2018797
2029523
2030601
2031312
2033602
2034240
2036405
2043827
2047332
2047458
2060025
2067869
2074091
2086256
2087995
2089862
2094311
2098202
2102470
2104139
2104873
2106526
2108003
2111215
2111809
2119054
2119225
2120539
2121626
2124094
2130171
2130528
2132786
2133853
2137661
2139863
2139901
2142094
2143937
2144891
2146191
2152439
2154515
2159781
2165294
2165875
2166044
2169791
2173149
2184194
2186216
2188375
2188732
2189222
2192435
2195796
2199942
2200489
2201910
2210058
2210658
2211576
2213051
2219228
2223304
2233257
2235445
2235603
2244589
2246226
2249576
2257923
2261202
2262719
2275767
2277676
2282110
2289071
2289596
2294821
2306488
2309941
2312683
2313794
2316488
2317807
2334414
2338194
2340060
2353942
2360698
2372111
2376943
2377007
2378169
2379387
2383594
2391181
2401784
2403398
2404263
2408153
2415005
2422600
2428722
2431309
2432563
2432809
2440880
2441959
2450274
2452344
2455284
2457749
2461236
2461613
2464514
2465029
2466207
2466897
2472255
2473126
2473414
2475839
2487650
2487808
2491968
2492804
2494510
2494664
2501463
2507399
2508434
2509194
2522794
2528031
2529044
2530959
2531924
2540066
2541257
2547848
2553247
2555763
2565274
2569560
2573970
2577365
2595823
2598022
2610323
2612684
2614990
2615767
2622409
2623886
2624467
2627557
2628427
2630822
2632400
2633658
2648398
2651454
2652528
2660963
2662393
2665640
2670712
2671666
2678974
2681707
2682954
2683088
2690206
2696085
2696360
2707038
2712428
2715293
2718739
2721772
2722526
2731748
2733909
2735679
2737278
2741451
2741820
2744768
2751714
2751880
2752557
2754316
2755170
2757229
2762832
2772625
2777928
2780643
2788124
2794061
2797716
2804368
2809747
2810001
2811722
2812394
2815961
2816494
2818955
2821238
2826371
2832300
2835453
2838488
2840571
2845953
2846399
2846570
2848517
2861060
2861200
2871363
2875200
2882967
2883157
2884791
2887761
2888623
2890215
2891857
2896110
2901148
2902556
2904268
2905069
2906589
2924207
2930073
2930135
2932411
2934350
2937620
2955698
2957424
2958462
2962842
2968997
2970384
2971218
2978676
2982067
2985372
2985641
2988403
2988516
2989670
2993060
3003253
3005602
3005718
3006035
3009081
3010979
3015928
3017399
3017692
3018848
3018867
3019282
3023191
3033553
3034463
3034655
3037570
3038752
3042381
3050343
3059728
3059834
3060366
3061706
3062729
3073892
3078799
3079290
3080595
3081127
3084756
3085635
3089728
3089787
3089945
3090431
3093322
3098825
3100745
3105709
3119767
3127060
3131285
3133484
3139727
3146565
3146698
3149026
3153034
3159832
3160418
3164209
3166754
3167635
3168764
3178868
3181228
3191795
3203925
3205500
3215973
3217510
3221785
3223390
3223437
3225113
3225458
3226608
3228722
3233187
3236021
3249535
3250141
3251493
3251837
3253658
3258283
3258700
3263180
3263567
3269749
3279447
3281119
3283914
3287559
3288262
3298268
3300867
3301609
3303913
3304378
3318496
3328940
3329020
3331875
3331888
3335927
3336771
3338793
3339971
3342635
3344930
3345834
3346583
3350529
3351488
3355702
3362609
3368019
3368361
3369808
3370917
3376753
3379134
3379557
3380087
3380926
3382929
3389505
3392385
3392776
3395068
3396129
3399873
3403869
3406742
3409206
3413923
3414035
3414425
3420303
3424554
3424970
3427320
3438498
3439857
3439945
3444051
3444456
3457109
3459575
3463285
3465003
3466242
3473898
3476133
3480529
3480832
3486746
3488814
3507615
3507685
3509010
3509317
3510171
3517224
3517571
3524899
3525951
3529296
3544631
3552641
3558777
3560849
3566157
3567257
3568865
3580608
3580935
3584167
3584223
3588499
3591418
3597251
3601484
3602110
3615540
3617699
3619352
3623429
3631943
3646713
3647441
3648545
3655168
3660222
3662318
3665654
3667859
3668633
3671638
3675962
3677751
3681678
3682506
3688996
3722303
3722769
3723417
3724606
3728100
3731044
3735510
3749746
3754145
3756206
3756634
3758601
3762563
3765794
3769642
3771211
3778428
3779307
3784608
3786983
3792110
3797566
3799360
3803276
3804749
3805073
3805652
3812059
3816866
3821025
3831521
3835866
3837795
3845414
3845812
3847452
3847457
3855518
3860664
3861688
3862570
3869998
3876727
3876995
3880607
3885059
3889939
3890775
3897776
3898085
3898594
3906026
3911732
3916792
3923804
3925160
3927674
3934459
3941325
3944271
3948222
3952608
3957471
3964775
3980361
3981790
3986043
3986870
3990111
3995500
3996706
4000789
4001278
4001988
4005163
4007160
4007210
4012732
4013036
4019438
4019719
4021729
4031585
4032465
4032821
4039795
4039796
4048802
4049552
4067202
4068334
4069695
4077942
4085946
4086929
4090334
4092856
4099905
4103471
4104937
4108173
4108199
4108515
4108835
4109973
4110181
4115730
4117748
4120711
4133496
4138318
4140889
4154998
4155031
4159579
4162887
4169517
4170343
4170962
4177332
4182483
4189055
4194052
4197648
4206239
4207718
4220586
4222758
4224337
4233594
4241171
4244520
4247437
4253352
4264123
4266265
4269888
4270462
4270585
4291472
4291799
4298101
4312805
4318071
4319468
4322118
4322804
4330211
4330731
4332395
4333739
4339040
4339456
4339623
4339958
4345519
4352682
4360168
4364003
4366184
4367561
4370176
4371790
4373850
4376982
4377618
4393446
4394109
4395074
4395824
4399756
4401419
4408147
4411739
4415551
4416075
4420306
4421176
4424109
4430419
4433374
4434601
4434605
4434689
4437430
4441091
4446374
4447948
4452271
4456698
4461848
4462324
4469718
4470189
4472359
4473079
4491958
4492137
4497007
4498526
4499399
4501982
4502178
4503936
4504127
4504587
4504790
4506517
4526162
4526465
4527487
4533557
4534970
4541507
4545853
4550384
4554815
4559729
4561158
4576617
4577031
4580521
4583701
4584703
4584890
4586787
4598745
4604430
4609027
4611561
4620374
4622038
4626302
4630278
4634171
4635922
4637127
4637640
4643626
4644899
4646482
4647223
4653687
4673425
4675717
4676006
4688749
4688973
4690223
4693147
4701103
4710328
4717514
4720089
4720127
4725803
4731684
4742990
4744082
4745658
4751020
4762472
4763039
4764295
4764757
4767855
4768535
4768572
4771551
4772564
4774861
4782086
4783773
4789015
4789446
4793929
4798291
4802603
4802668
4802704
4803114
4807622
4807850
4812819
4817985
4819391
4822108
4824246
4828801
4830933
4836251
4838337
4838368
4839383
4843375
4845208
4848273
4852511
4853490
4854722
4855253
4863497
4864697
4868185
4869343
4877519
4884023
4887011
4890769
4892416
4892679
4893950
4899448
4899579
4899910
4901831
4905432
4906655
4913997
4915137
4917077
4917799
4918748
4920205
4937341
4941150
4943436
4946541
4950249
4957017
4967521
4970060
4972504
4973609
4982045
4989372
4992300
4997001
4997080
5004477
5004989
5006833
5011617
5012233
5018261
5019120
5020656
5024678
5025307
5028573
5034191
5042523
5044013
5044526
5045072
5050061
5064992
5067462
5070530
5075815
5076060
5076823
5077304
5078604
5083971
5084860
5084868
5092489
5093850
5096194
5100552
5113650
5114091
5114407
5123477
5134854
5136639
5136872
5142273
5142927
5149147
5149920
5159491
5165704
5165907
5166535
5180489
5180908
5190630
5190812
5193766
5195640
5201875
5202499
5206114
5206456
5207871
5210610
5238795
5246726
5247194
5248114
5249399
5250967
5254053
5254325
5255452
5255743
5257481
5261555
5278151
5281269
5283191
5291540
5292986
5293747
5296827
5303262
5307453
5316210
5323968
5328688
5331162
5334259
5337130
5337903
5345333
5356660
5364345
5364696
5373013
5374186
5380290
5385969
5391201
5393621
5393944
5395152
5399185
5401587
5408009
5408318
5411352
5419940
5421927
5431444
5431744
5433045
5437902
5443985
5452330
5456482
5465155
5465406
5468291
5468390
5471134
5473128
5476907
5489787
5498876
5499365
5500471
5507688
5508605
5516263
5525335
5526856
5533788
5539365
5545247
5554102
5557646
5558344
5561087
5562364
5564588
5565694
5566672
5567622
5574782
5581274
5583282
5583924
5586835
5600356
5621786
5624211
5624432
5626315
5628603
5632893
5634288
5638689
5641848
5641849
5645930
5645932
5652458
5661805
5662967
5664993
5676462
5677386
5678601
5679109
5680392
5684377
5694851
5698586
5704825
5706709
5706985
5713825
5716898
5717230
5719281
5720888
5731020
5732461
5736189
5745217
5746242
5747986
5754208
5769836
5783099
5783229
5788121
5796437
5796946
5797793
5815409
5815933
5817020
5829971
5832165
5835695
5837216
5839555
5839755
5846502
5849045
5853856
5860513
5861378
5863145
5868535
5870198
5871475
5873329
5890356
5898274
5903411
5905161
5907931
5916700
5918325
5920700
5928074
5928091
5930114
5931504
5939035
5944472
5948170
5953010
5960741
5964175
5965828
5970483
5970763
5973330
5976453
5986215
5987551
5995043
5996083
6003398
6006715
6010153
6016090
6019503
6025594
6030869
6032260
6040252
6047476
6057437
6063028
6063089
6063777
6069171
6074044
6082204
6082828
6083044
6085388
6095254
6095649
6097315
6101376
6102084
6108905
6113361
6117440
6117516
6120919
6123573
6124030
6124837
6125686
6137192
6149018
6153348
6153787
6153816
6181764
6186886
6186999
6192412
6199324
6203135
6209826
6213094
6215104
6222221
6228962
6242351
6245766
6254607
6262049
6263931
6271468
6277126
6278815
6279663
6280611
6282053
6288934
6290214
6294614
6303594
6307771
6308060
6308468
6312125
6314608
6320642
6322863
6323024
6325484
6345307
6348467
6353195
6353674
6355210
6356050
6357076
6357306
6357473
6361680
6365524
6372079
6372522
6379017
6380131
6380970
6384607
6388634
6392277
6393274
6408374
6415498
6417356
6431133
6438026
6444990
6451172
6457527
6466140
6471391
6474397
6478572
6487422
6488861
6490954
6492298
6493910
6497871
6499969
6502532
6502759
6503978
6504293
6506356
6507884
6509662
6511870
6517875
6520249
6521214
6524069
6530793
6532643
6535288
6537643
6542257
6543902
6547209
6547870
6548738
6551174
6552480
6565418
6566753
6570515
6571763
6575113
6584809
6593945
6596577
6602807
6604601
6609044
6611574
6613724
6614700
6630606
6631349
6634711
6635638
6652447
6655395
6662834
6667995
6668240
6670836
6672150
6676714
6680485
6681533
6690723
6693209