277
2145
4036
4644
5738
6389
6745
9629
11309
11467
13384
14131
14261
14693
18023
18459
24926
25386
25687
25833
25898
31701
32309
32370
32892
35134
37122
38291
39690
42127
42430
42537
42771
43490
45792
45933
46220
46543
49270
51494
53969
54323
54389
56688
60734
65479
66296
67268
68731
69023
69340
69730
70743
72076
72335
72908
74595
76691
77444
80683
83814
86058
86116
86496
88921
89040
89500
90144
92567
94864
96159
97599
98177
98644
100754
104938
105967
106232
110149
113769
114959
114974
115742
115803
117342
117401
118591
120082
122015
122105
124191
127128
128882
130098
130233
133035
136598
137934
139154
140953
141252
144213
144972
145165
145955
150420
150945
151379
152597
152997
155799
157847
159732
163039
164156
164439
165732
165942
167455
171478
172784
173939
176894
177395
178802
178985
182247
182943
184074
189170
189265
191134
191921
192931
195734
197890
199745
203402
204675
207743
209377
210637
212054
212412
212508
213246
213603
214332
214767
216339
216820
217018
217683
218306
220172
221314
222777
224517
225117
225679
226673
226939
227373
228010
230422
230469
232066
232813
233839
233861
242643
243086
244245
246050
248977
251928
252854
253459
253861
258978
260327
264948
265778
266057
267798
271205
273426
274355
275804
275837
276831
278442
278741
279241
279373
279599
280552
281905
282451
284424
285996
287808
288543
289002
289531
290117
291338
291637
291946
299588
301733
302587
303800
304268
305044
305895
307557
308710
309232
311005
313289
314440
315024
317181
317796
319956
321133
323097
327389
328283
332257
332822
333327
334695
334728
334934
334993
336224
336548
337588
338953
341762
346258
347176
347878
351247
353161
353453
355315
356084
357337
360996
361116
363284
364252
364594
365419
366218
367160
367274
371902
373708
377394
377733
378931
380029
381184
384994
385107
385878
386833
388574
389075
389419
390380
391102
391621
393405
396524
397732
397778
399943
399991
402512
402591
403609
404074
406010
406305
406338
409480
409872
411222
412328
413296
414059
414253
415288
416190
416723
420245
424083
425572
427224
427707
428944
430022
430659
431548
432386
434767
435840
436188
438122
438218
440075
440402
441288
441433
442307
442679
443472
443945
444427
445038
447816
448079
449507
449798
450146
450211
450338
452093
452134
452649
455169
455713
455835
456130
456924
457005
457115
457248
457987
460435
461068
463806
464953
469103
470053
470395
470654
471590
472704
474520
475287
478307
479700
480723
483933
484737
485130
485448
485926
485953
486159
487012
488599
490340
490664
492469
492915
494154
494540
495404
495454
495847
496546
497505
502307
504540
504555
505780
507718
511909
514186
514721
514875
518567
519027
520347
520870
524257
524520
524954
525684
526883
528818
539198
539570
540337
540837
543792
543803
546236
547762
548128
548831
549689
551879
552751
555654
556135
557020
558480
558914
560122
560648
560987
562603
564324
566068
569943
571706
573705
574987
577282
578475
579840
581586
581903
582736
583602
583819
586633
587690
588433
589081
590289
590941
593330
596258
596671
596869
597439
597514
600956
601031
601697
604784
604831
604876
607184
609267
612053
613646
618662
619516
621090
621460
626428
626517
627730
627776
628016
628164
628476
628933
630104
631234
631706
632060
633225
633269
633437
633966
633973
638209
638356
640744
642026
642222
643207
643355
643478
644531
645861
646162
647350
647423
648873
649135
651269
652516
652732
654590
655592
655840
656459
656653
657064
657860
659100
660795
661330
661490
665496
665836
667717
667858
669554
671575
672228
672405
672751
673198
673760
674444
674983
675710
675932
679164
681795
682883
683315
683450
683662
686079
686489
687282
687989
689041
691445
691464
693368
693485
694757
696229
696831
698862
700214
701740
702728
702844
704092
704440
705560
711449
711999
712005
713317
713399
713463
713563
714913
717525
720298
724284
728083
728678
730032
730615
731118
731220
732530
735080
735197
736752
737055
741120
742908
744266
744470
744506
745188
745571
746359
747164
748775
749248
751903
752611
752809
752952
753582
754563
756454
756564
757607
759233
760309
760510
760545
763258
763535
765783
767021
767168
768035
769992
771014
773702
774622
776811
777135
779008
779046
780183
780818
783341
783634
784409
791049
791419
792194
793729
796037
796854
799111
799481
800968
803221
804377
806551
806769
806865
808251
808501
809236
810662
812594
812854
815123
815435
816004
816850
819510
820079
820613
821219
821447
821929
823897
824435
824528
827759
828877
829712
831318
833162
833326
834817
835328
836370
837791
839741
839988
840434
840759
841418
845312
845349
1128350
1129481
1129786
1130105
1133773
1134729
1135457
1138354
1138356
1141162
1141210
1143002
1144171
1145434
1147288
1147351
1148959
1149480
1150063
1150440
1151073
1154990
1155170
1155981
1156483
1157201
1158331
1160110
1160651
1161343
1162220
1163566
1165123
1165810
1167708
1170400
1171315
1172357
1173702
1175905
1176182
1177764
1178136
1179286
1180074
1180802
1181534
1182053
1183640
1184147
1184272
1186394
1187662
1189810
1189940
1190520
1190927
1191158
1193921
1194976
1195545
1195956
1198030
1198184
1202468
1203173
1206461
1208698
1209053
1209784
1210140
1210928
1212334
1213283
1213302
1214337
1214591
1214765
1214940
1215767
1216271
1216358
1216811
1218103
1218635
1220180
1221418
1225036
1225142
1225284
1225602
1225753
1226145
1226335
1227339
1228683
1229908
1231030
1231721
1232199
1233845
1235987
1236032
1237942
1238085
1239459
1242738
1242838
1242968
1243322
1245092
1250436
1253009
1253157
1254163
1254472
1255611
1258135
1259839
1260270
1261082
1261231
1262647
1263805
1265344
1265582
1266501
1267623
1269657
1270532
1271222
1271651
1274381
1276499
1278097
1278676
1278992
1281449
1282736
1284140
1284912
1285200
1285822
1287267
1288663
1290200
1290447
1290751
1292260
1292623
1293555
1293676
1294368
1294857
1295046
1295231
1295321
1295831
1299821
1300448
1300784
1301840
1301977
1304504
1306663
1307961
1308507
1308806
1311568
1313111
1313653
1316441
1318635
1321434
1322615
1324849
1324977
1325569
1332369
1333119
1334630
1335156
1339026
1339188
1340014
1340963
1340993
1341595
1345395
1346350
1348496
1348718
1351682
1351735
1353913
1354923
1358833
1360917
1361379
1361448
1361728
1362728
1364067
1365741
1366858
1367448
1367882
1369352
1369549
1369634
1371468
1376328
1380055
1381091
1381922
1382730
1384704
1384733
1385754
1385920
1387418
1387647
1388567
1390179
1391986
1392158
1393199
1393867
1393990
1397155
1398950
1399343
1400337
1401454
1401800
1401848
1401903
1405586
1407632
1408167
1408628
1408878
1412491
1413156
1415627
1419902
1420041
1420287
1421106
1421419
1423148
1425268
1428689
1429772
1433862
1433868
1434261
1438935
1438967
1438979
1439438
1444266
1448950
1450837
1451093
1451900
1452557
1454829
1455861
1459278
1459637
1462212
1462707
1465919
1466031
1467021
1467280
1468294
1471917
1473367
1474456
1477433
1479208
1479871
1480173
1483240
1485539
1485957
1486736
1492644
1492657
1493453
1493770
1495220
1495280
1500717
1501703
1502811
1502843
1503413
1505491
1505517
1506165
1506770
1506798
1511718
1512420
1513136
1515862
1523023
1523099
1523729
1524447
1526220
1528370
1528808
1529985
1532056
1532915
1535325
1536115
1537506
1537677
1537749
1542354
1544144
1545653
1546258
1546689
1546852
1551652
1553717
1554790
1554880
1555060
1556307
1559080
1561257
1562340
1562442
1563480
1564013
1564187
1565894
1567596
1568636
1568686
1568795
1569482
1571256
1575313
1576575
1576781
1576872
1577570
1577971
1579374
1581416
1582253
1582261
1583616
1586066
1586178
1586687
1587658
1588885
1593605
1594749
1595104
1597997
1598309
1601786
1606346
1606931
1607031
1608087
1608694
1608914
1610462
1610861
1611936
1612994
1615161
1616304
1618579
1619340
1619411
1620530
1620593
1620962
1621769
1622095
1622267
1623902
1625243
1625503
1625948
1626330
1626683
1627151
1630079
1630255
1630333
1631265
1632101
1633648
1635050
1636188
1639422
1640009
1642240
1643134
1644182
1644920
1646263
1646529
1647161
1648411
1649794
1650102
1650310
1651347
1652758
1653277
1654581
1656278
1657178
1658575
1658765
1661855
1662755
1663334
1663545
1664163
1664743
1666069
1666779
1667419
1667524
1669352
1672784
1672863
1674211
1676600
1676979
1677560
1678750
1679629
1683398
1684063
1684932
845749
845805
846762
847060
847132
848343
848779
849043
850823
851132
851840
852639
852794
853077
854390
855597
856952
857496
857767
858513
859169
860798
862789
863281
863623
864630
865253
865479
865735
865820
866570
866832
868902
870562
870612
874494
876369
877762
878406
879534
880793
882348
882845
883302
883470
885437
885954
887481
887574
888247
890062
890131
890319
890688
890832
891651
891739
892349
893520
895349
896039
896505
897039
897082
897893
898224
901351
901376
902108
902892
904335
904640
904828
905328
905462
905931
906473
907095
909229
909633
911535
911854
913002
913083
915016
915053
915978
916017
919058
921289
921326
921960
923407
924657
927414
927587
927659
928139
929467
932719
935172
937403
938342
938722
939407
940935
941581
942361
943004
945281
948366
948811
950647
951040
952469
952580
953045
956701
958392
960254
960959
961332
961880
962114
963061
963502
968416
974931
977752
977849
978574
982127
982448
985239
985472
985615
985851
986257
988810
988989
990095
991048
997685
999391
999558
999591
999676
1000551
1000864
1001832
1003804
1006481
1006814
1007908
1009995
1012169
1013394
1015110
1015654
1019877
1021283
1021591
1021621
1022128
1023688
1024328
1025256
1026244
1027652
1027726
1029722
1030070
1030542
1031820
1032590
1038085
1038852
1040788
1044767
1045198
1051793
1052221
1053056
1054893
1056896
1060222
1061077
1062775
1062794
1064905
1065384
1065626
1066303
1066359
1067698
1068442
1069355
1071743
1071878
1072331
1074758
1077656
1078614
1079457
1079643
1083968
1084391
1086936
1089352
1092684
1092933
1093928
1094178
1094238
1096203
1096899
1096967
1098059
1099518
1099550
1099906
1100031
1104322
1104879
1106257
1106397
1106503
1106820
1108148
1108695
1108961
1109170
1111732
1112127
1112188
1113748
1117813
1117822
1119577
1119765
1120359
1120751
1123976
1124536
1125025
1125848
1686962
1686994
1687245
1689281
1690220
1690538
1691670
1692808
1694932
1695408
1695476
1696974
1697102
1699273
1699316
1700443
1701106
1702335
1704979
1705496
1708594
1710074
1711635
1713668
1714041
1715627
1716350
1717695
1718230
1719256
1719331
1719356
1720439
1721335
1721582
1721834
1722587
1723351
1724178
1724275
1726118
1728102
1729865
1732025
1734343
1734795
1735409
1741270
1743477
1744283
1745377
1746800
1747985
1748281
1750490
1751157
1751834
1752507
1754081
1755358
1755920
1756177
1756504
1757920
1758567
1759148
1760006
1760272
1760297
1761013
1762477
1763863
1764209
1764475
1765837
1766060
1767825
1768724
1772962
1773348
1773853
1775130
1775420
1776098
1777046
1778386
1779228
1782384
1784311
1784832
1786712
1787502
1789129
1790835
1792563
1794845
1795307
1795454
1796892
1796968
1799123
1799249
1799614
1800360
1800648
1802562
1803777
1805661
1806293
1806523
1807055
1807325
1807630
1809083
1809962
1810620
1812070
1812263
1812704
1815457
1815900
1818388
1818591
1818846
1819274
1820407
1821811
1821966
1824198
1824568
1826497
1826991
1831461
1834110
1839505
1839692
1843605
1844064
1846450
1847407
1847490
1848592
1848664
1850409
1850923
1852671
1852704
1853242
1854318
1855960
1856281
1858666
1858949
1859572
1859908
1860851
1861464
1862059
1862354
1863353
1867911
1871695
1871741
1874611
1874907
1875328
1876770
1877720
1877938
1878078
1878884
1880492
1880880
1881781
1884859
1885177
1887416
1889050
1889065
1892857
1892954
1893012
1893084
1895058
1895371
1895443
1895559
1898616
1899467
1901057
1901753
1902754
1904298
1904982
1906246
1908118
1909965
1911286
1911753
1912401
1914696
1914910
1914990
1916021
1916644
1917002
1920297
1922278
1924529
1926077
1926566
1926785
1927173
1927357
1929832
1930449
1930711
1930856
1932113
1932335
1933787
1934220
1939798
1940627
1942044
1943708
1947777
1947915
1950479
1950923
1951248
1953173
1953237
1953381
1954545
1955514
1956406
1958897
1960663
1962773
1963853
1964830
1965139
1966809
1967536
1967881
1969022
1969890
1973353
1973601
1974936
1975484
1975779
1977116
1977773
1979318
1979963
1980345
1982877
1985713
1986779
1987040
1987937
1989887
1991809
1994271
1994621
1994789
1996530
1996874
1997753
1997799
1999760
2001463
2002472
2002617
2004621
2006859
2006864
2007230
2012416
2013552
2021117
2021903
2022325
2023263
2023899
2024142
2028176
2028459
2029029
2029892
2030609
2032947
2033768
2035639
2036003
2040229
2041378
2043239
2043827
2045372
2046726
2046983
2046999
2047155
2048401
2048882
2055918
2057554
2058291
2059430
2061128
2061834
2062193
2063287
2064302
2066435
2067086
2067623
2068686
2070293
2073677
2077231
2078092
2078466
2078579
2078655
2079263
2080459
2082935
2084107
2085074
2087154
2087328
2088193
2088493
2089434
2090147
2090693
2091080
2092598
2092983
2096139
2097200
2100095
2102162
2103888
2106499
2107415
2108232
2109288
2110526
2112154
2112272
2113921
2114682
2114918
2115703
2117972
2118919
2119021
2120483
2121992
2122574
2122645
2125059
2127970
2128129
2130315
2131358
2133360
2138052
2138411
2138419
2140859
2142400
2143683
2146641
2147276
2147372
2149547
2152082
2152124
2153351
2153835
2155681
2156860
2157350
2160702
2161545
2163416
2163688
2165641
2167975
2169316
2169548
2170208
2171907
2172896
2173141
2173644
2173904
2174450
2176195
2177896
2179170
2180142
2181298
2184681
2185131
2185807
2186256
2187326
2188960
2189708
2189941
2192964
2193346
2193435
2194357
2194705
2195293
2195829
2197154
2197285
2198495
2198958
2199505
2200489
2203062
2203827
2204914
2205800
2209960
2212752
2214035
2216748
2217177
2219484
2220473
2220604
2222219
2222753
2223314
2226000
2227693
2229158
2230382
2230813
2233724
2234026
2235445
2236464
2236496
2240448
2241019
2241176
2247596
2249214
2249220
2251205
2252457
2253816
2254112
2257448
2257923
2258621
2258878
2261769
2262329
2262719
2263905
2268607
2270237
2271222
2274629
2278297
2279083
2280084
2282053
2282439
2283810
2284957
2285678
2286954
2290392
2290836
2292311
2293632
2294107
2294236
2295144
2295758
2296572
2296709
2297520
2299988
2300716
2300835
2301256
2303667
2304389
2308180
2309941
2309968
2311217
2311591
2312050
2313123
2313729
2316044
2317618
2319769
2321322
2322942
2326695
2327613
2328276
2329041
2329042
2330063
2332708
2332802
2335567
2339418
2339527
2341296
2343606
2343897
2344342
2346406
2346675
2353551
2355769
2356281
2356986
2361078
2363210
2363513
2364031
2364579
2364599
2365036
2367606
2373339
2373992
2374071
2374914
2378362
2380415
2380907
2383579
2386284
2386969
2387388
2388264
2391235
2394908
2396696
2400131
2400950
2401977
2403494
2404263
2404520
2405300
2406508
2411505
2413299
2414981
2415446
2415717
2418666
2418746
2419343
2421508
2421879
2422262
2422522
2422626
2422840
2424723
2426940
2427356
2428886
2429397
2433306
2433416
2437177
2437543
2438897
2439569
2440597
2440880
2441913
2441985
2442143
2442387
2443771
2444213
2444403
2445976
2446506
2447510
2447649
2449694
2449960
2450757
2450855
2454806
2455322
2455352
2456658
2457409
2459196
2459316
2459942
2460249
2462720
2463422
2466015
2467542
2467543
2468577
2469129
2470472
2471363
2472918
2473098
2473345
2473617
2473927
2474380
2477629
2480188
2481707
2482167
2482972
2486560
2487541
2490828
2491144
2492270
2492498
2493746
2496676
2498486
2500672
2500730
2502393
2502517
2505432
2505503
2505672
2506083
2507779
2508754
2509815
2510925
2512499
2515059
2516599
2516608
2518366
2519108
2519945
2520432
2520545
2520881
2521163
2521923
2523087
2523803
2526422
2526437
2526533
2527469
2528277
2529946
2531618
2533344
2537234
2537681
2538799
2544455
2544759
2545918
2546292
2546657
2548247
2552290
2552673
2552687
2555763
2556744
2557678
2557815
2558959
2559465
2559642
2561468
2562730
2562894
2568961
2569573
2570384
2572313
2581917
2582600
2583629
2584418
2586754
2587778
2588190
2588724
2589016
2589107
2590072
2590844
2592131
2592710
2594962
2595047
2596040
2596254
2596876
2596885
2597053
2597203
2597368
2598748
2600608
2602768
2603998
2605147
2605299
2606486
2606706
2607693
2609008
2612375
2612684
2614110
2617060
2621412
2621428
2621555
2622122
2622880
2623069
2626761
2626864
2628128
2629042
2629773
2632781
2632978
2633034
2634962
2634977
2637569
2640467
2641723
2642086
2643989
2644107
2645248
2645273
2645683
2647173
2647249
2649458
2650196
2651039
2655031
2655227
2655324
2655739
2655876
2656149
2656213
2657290
2657776
2659748
2660098
2662973
2663246
2664660
2665033
2665672
2666055
2668964
2670176
2670250
2670994
2671364
2672282
2672472
2674320
2676066
2678020
2678650
2678839
2679290
2679490
2679681
2680590
2680684
2680930
2685542
2686236
2686754
2687437
2687721
2687972
2689103
2689642
2689985
2690504
2692077
2692800
2694895
2695354
2696879
2697213
2698116
2698515
2698676
2702594
2703906
2706554
2708412
2708639
2710236
2710814
2713160
2715302
2716985
2717413
2718449
2719247
2719760
2721733
2721940
2722168
2722510
2723652
2724241
2724927
2725037
2725471
2730651
2731674
2731818
2736727
2736806
2736911
2737278
2741131
2741310
2741617
2742566
2742963
2744070
2744190
2745795
2746379
2748551
2748697
2749968
2750587
2750636
2751963
2753859
2754453
2754484
2754767
2756769
2758269
2760121
2760885
2761995
2762387
2764856
2765209
2765316
2765565
2767320
2767847
2768463
2769288
2770029
2772140
2773264
2774596
2775434
2775764
2779045
2780121
2782693
2784192
2784536
2785292
2785609
2786618
2786843
2787350
2787595
2787955
2788820
2791229
2792651
2795322
2795707
2796904
2798335
2799092
2799533
2799849
2800275
2802765
2804005
2804368
2804528
2807303
2808065
2808531
2808698
2809103
2810733
2810885
2811679
2812128
2813279
2813537
2815963
2816494
2819133
2821195
2821577
2823331
2825192
2826191
2827975
2829182
2829791
2832850
2833179
2834109
2836037
2836913
2839802
2840051
2841612
2844260
2845943
2847352
2847779
2848760
2849482
2849611
2851629
2854086
2855346
2855784
2856079
2856430
2856496
2858699
2859775
2861160
2863750
2863898
2864074
2864865
2866799
2867860
2868019
2868438
2870355
2871879
2875461
2875714
2876325
2876941
2878408
2879132
2881076
2883946
2884844
2884874
2885205
2885446
2885785
2887279
2887951
2888623
2889308
2890778
2891656
2892388
2894955
2896169
2896905
2897060
2897305
2897699
2897788
2898709
2898856
2899791
2899890
2902355
2902446
2903369
2903565
2907672
2907684
2909860
2910148
2910153
2911173
2912297
2913123
2913315
2915476
2916152
2918618
2918786
2918787
2918952
2920078
2924739
2924740
2925248
2926082
2927412
2932481
2932789
2933260
2935166
2935368
2935437
2936105
2936617
2938761
2939049
2942034
2942137
2942557
2946943
2948451
2948882
2950241
2951758
2952188
2954486
2956416
2956805
2958161
2961077
2964092
2964957
2965519
2965607
2966652
2968696
2968719
2969526
2970061
2972386
2972466
2973981
2974510
2977088
2978523
2978997
2981373
2981563
2984464
2984502
2984746
2984969
2986617
2986635
2986801
2988025
2988377
2988474
2990843
2991690
2994569
2994965
2995266
2997890
2998844
2999080
2999196
2999764
3001426
3002138
3002805
3006055
3006376
3009516
3010522
3012491
3016095
3017022
3018931
3019510
3020378
3020401
3020477
3020623
3021249
3021488
3021672
3021773
3023414
3026296
3026645
3028442
3029355
3029876
3031032
3031962
3032153
3033403
3033917
3034169
3034245
3034652
3034725
3034800
3035926
3037431
3037631
3041134
3042972
3043284
3043470
3043523
3043539
3046114
3046206
3046408
3047033
3048483
3050022
3052143
3053454
3054152
3056217
3059728
3059946
3060794
3062627
3064165
3064415
3067899
3069647
3073898
3074195
3076620
3076637
3077639
3078387
3080109
3080555
3081673
3082701
3083607
3084121
3084827
3084963
3087997
3089355
3094628
3096373
3100111
3101091
3101637
3102285
3103320
3103800
3103990
3104119
3104779
3105032
3106015
3106200
3106567
3108952
3109267
3110268
3111665
3112049
3112052
3113225
3115133
3116219
3116369
3117355
3120439
3121988
3122906
3123107
3126744
3127220
3129467
3131246
3132639
3133820
3134141
3135827
3136353
3138032
3138127
3146565
3146676
3149582
3151333
3151606
3153756
3153999
3156697
3157815
3158124
3158469
3158706
3160633
3160822
3161972
3165544
3165981
3166175
3167288
3167858
3168309
3169275
3169277
3169279
3169369
3171151
3171551
3173927
3173950
3174286
3177513
3177797
3179112
3179314
3179790
3179901
3181056
3182133
3183989
3186307
3188227
3188313
3189820
3189919
3191145
3192372
3192938
3197005
3199568
3199778
3201427
3202550
3204603
3205500
3205516
3205737
3207366
3208101
3212011
3212817
3215436
3215526
3216713
3219252
3219461
3219910
3219922
3221852
3223673
3225359
3230788
3230942
3231615
3234604
3236583
3237099
3237884
3238356
3238836
3238985
3239929
3241060
3244019
3245327
3246254
3246562
3247510
3248084
3248748
3248870
3251649
3251872
3252138
3252662
3254841
3257272
3257838
3261213
3265273
3266107
3267217
3267752
3268531
3271582
3271649
3273366
3275346
3275567
3277309
3277408
3277463
3279436
3280747
3282006
3282136
3282163
3282410
3282837
3283597
3283796
3284371
3285545
3286112
3287568
3288794
3290794
3292119
3292663
3292783
3294010
3295227
3299613
3301879
3302276
3303046
3305964
3306404
3306607
3307814
3308610
3308654
3311866
3313166
3316338
3318616
3319808
3320933
3321054
3325570
3325923
3326038
3326319
3331579
3332416
3333009
3335841
3335903
3338871
3339761
3340846
3341133
3341344
3342224
3342677
3342958
3344867
3345182
3346882
3347570
3348194
3349960
3353729
3355987
3356010
3356749
3357014
3358293
3360447
3361537
3362278
3363386
3365032
3368651
3372659
3373469
3374575
3375253
3376134
3376538
3378060
3379475
3380431
3384883
3384969
3385754
3386704
3386735
3388238
3390024
3390558
3390771
3392615
3392776
3393061
3395586
3396828
3397557
3399096
3399556
3400380
3400941
3402559
3403002
3404010
3406528
3406859
3409206
3411810
3411824
3412723
3413494
3413640
3415103
3415907
3417643
3418400
3419411
3420226
3420255
3424513
3425156
3425464
3425635
3426278
3426875
3426894
3430117
3431965
3435217
3437848
3439780
3440364
3440922
3441766
3443319
3443492
3443751
3444353
3447394
3448438
3449062
3449156
3449627
3451621
3452830
3453304
3454742
3454753
3454862
3456082
3456314
3457726
3458180
3461704
3462368
3465086
3471600
3472107
3472307
3472759
3473578
3474980
3475633
3475888
3479450
3481555
3481698
3483085
3484129
3485023
3487214
3487923
3488399
3488742
3489195
3489996
3490468
3490858
3492200
3492280
3492334
3493560
3493673
3494796
3495138
3499814
3500768
3502278
3502967
3505205
3505382
3505848
3506085
3507637
3507845
3508527
3509700
3511313
3513254
3516210
3519072
3522424
3522943
3527511
3527619
3527881
3528020
3530182
3531235
3531827
3533043
3534074
3534843
3535061
3535129
3537001
3539613
3540075
3540408
3542135
3543146
3544147
3544268
3544521
3544956
3545065
3546319
3546571
3547723
3550124
3550400
3552728
3557637
3558920
3559494
3560681
3560775
3561349
3562793
3562968
3563232
3563555
3565723
3567065
3568577
3568656
3570045
3570257
3572182
3573328
3575003
3576426
3576542
3577144
3579128
3581023
3581659
3582177
3582832
3584673
3587894
3589824
3591616
3591851
3592973
3594512
3594925
3595395
3597812
3598001
3599860
3600064
3600131
3603088
3603607
3604498
3604515
3605043
3605056
3607317
3608235
3612064
3614366
3614465
3615957
3618449
3619228
3619359
3619782
3620255
3620824
3622269
3625783
3627323
3631724
3639415
3639432
3642561
3643184
3643760
3646191
3646377
3647280
3648974
3650407
3650753
3651391
3651882
3653329
3654725
3656128
3657805
3658437
3658450
3658489
3659036
3660689
3661658
3662494
3662540
3664510
3664866
3665592
3666733
3670736
3673097
3676021
3678182
3678538
3682887
3692487
3693653
3693767
3694727
3695804
3695814
3695948
3698941
3699548
3699717
3700322
3700515
3701990
3702016
3705098
3705622
3706192
3706269
3706471
3709074
3709308
3709902
3712752
3713175
3715112
3715755
3716172
3717504
3718163
3720622
3723185
3724146
3725157
3726248
3728045
3731661
3732053
3734516
3735883
3736302
3736785
3737253
3738231
3738424
3739099
3739519
3740376
3741605
3743544
3744181
3744503
3745473
3745671
3745682
3746408
3746494
3748707
3749636
3750004
3752345
3752858
3753052
3756392
3756800
3757494
3757573
3758641
3759615
3760388
3762005
3762345
3762990
3766458
3766848
3766904
3767035
3769492
3772392
3774838
3775403
3775492
3775611
3776388
3778422
3779715
3780011
3780313
3781003
3784608
3786983
3787279
3788399
3791556
3791975
3792337
3793514
3793828
3795393
3798616
3798779
3798955
3799439
3801169
3802420
3803228
3803476
3804065
3804911
3807891
3809205
3809842
3810404
3811446
3815624
3815938
3818311
3818346
3818489
3819551
3819983
3820837
3822332
3822335
3822416
3823650
3825272
3828971
3832616
3836414
3837333
3837491
3837704
3838126
3840204
3841893
3842047
3842156
3842190
3842251
3843044
3843861
3844556
3845414
3845533
3846265
3847355
3847510
3850155
3850667
3854324
3854446
3857235
3860509
3863057
3863527
3864652
3866329
3866562
3867800
3868118
3868283
3869176
3870699
3872154
3872593
3874615
3876167
3876560
3879946
3880517
3885775
3890152
3890222
3890534
3891337
3891781
3893757
3895514
3899500
3900326
3902706
3903992
3907332
3907873
3907920
3911070
3916012
3917421
3919098
3920416
3921009
3922278
3923628
3925745
3926097
3927889
3928479
3930910
3931495
3932393
3932711
3933523
3934205
3934362
3937244
3939487
3940784
3940891
3940940
3943497
3943508
3946760
3947547
3948467
3949737
3951480
3955901
3956205
3957275
3957669
3957842
3958989
3962230
3962755
3963682
3965973
3966030
3966524
3967551
3968292
3969530
3972390
3973098
3973830
3974252
3974654
3974781
3976253
3976722
3979610
3979774
3980140
3980312
3981790
3981803
3982856
3983245
3983325
3985114
3985404
3985790
3987515
3988407
3992332
3997418
3998107
3999968
4000021
4001596
4007360
4008954
4011713
4012077
4012213
4012288
4014656
4015358
4015920
4016044
4017940
4018324
4018795
4019620
4020660
4022448
4022905
4023660
4024858
4027996
4028576
4029583
4036101
4036399
4037075
4037590
4037679
4040125
4040176
4042013
4042630
4044604
4044944
4045694
4045947
4047244
4049651
4053554
4054238
4055050
4055837
4058043
4058123
4059244
4059335
4059995
4062281
4062808
4063798
4064308
4064545
4064736
4066437
4066724
4067446
4067638
4069484
4069505
4073020
4073075
4074774
4074989
4077873
4078743
4079260
4079471
4080060
4080072
4085200
4086153
4093395
4095373
4095916
4096981
4097133
4097322
4097809
4102982
4104317
4107892
4109633
4110724
4111648
4115273
4116013
4117082
4117109
4117397
4118207
4118874
4119074
4119574
4120164
4120233
4121295
4122163
4122889
4123886
4124485
4125622
4125996
4126087
4126633
4127695
4128862
4132876
4134506
4137573
4139048
4139701
4140401
4142532
4142609
4143418
4147923
4149470
4150634
4151447
4151949
4152627
4152921
4158715
4159636
4160591
4161312
4161522
4162083
4162254
4162424
4165546
4167894
4168051
4168989
4169069
4169785
4171462
4171804
4173133
4173530
4174125
4175461
4176033
4179787
4180793
4181654
4185040
4188808
4191790
4193942
4194232
4194991
4198287
4198518
4200287
4200418
4201236
4201242
4201990
4202042
4202153
4202762
4203690
4205010
4206127
4206473
4208387
4209550
4210942
4211090
4212434
4212696
4213355
4214453
4215232
4218681
4219409
4220586
4222172
4222499
4222741
4222958
4223748
4223880
4224110
4224836
4225739
4227440
4227961
4228071
4229945
4230729
4232700
4233809
4234618
4236300
4237809
4238819
4238886
4239121
4243403
4243921
4244385
4244811
4245554
4247437
4249174
4249720
4250611
4250661
4250830
4252699
4253202
4253284
4254283
4255484
4256470
4256829
4258638
4260607
4262398
4265150
4265981
4266143
4266511
4269872
4273058
4275345
4277991
4278255
4278338
4279878
4281046
4281479
4281634
4283919
4286060
4286860
4287143
4289768
4290108
4291826
4292641
4294298
4294987
4296200
4296487
4297181
4297334
4299691
4303138
4303227
4303617
4306410
4307388
4309514
4309831
4310397
4312034
4314945
4317116
4319598
4319702
4321953
4322334
4327940
4328102
4328867
4329163
4330445
4331860
4332189
4332427
4336698
4338002
4338224
4339677
4339919
4342603
4343100
4343747
4351687
4352362
4356419
4356495
4356970
4359008
4359142
4359994
4361978
4364188
4365395
4366108
4368883
4368985
4371345
4371549
4374747
4375699
4376166
4377207
4377277
4377942
4379897
4380055
4380069
4380467
4380564
4382928
4386099
4388725
4390007
4391838
4392641
4393177
4393929
4395900
4396260
4396462
4400577
4401724
4404500
4405750
4407248
4407298
4409328
4409517
4409702
4409958
4413704
4414271
4415447
4415741
4416670
4416992
4420589
4422054
4422603
4422666
4425448
4425680
4425785
4427133
4428455
4429010
4429194
4429780
4431358
4431563
4433432
4435099
4437404
4438848
4440089
4441649
4441943
4442388
4442532
4443279
4443341
4443657
4444592
4445267
4445938
4445972
4446119
4446985
4447801
4448512
4450428
4450573
4455625
4457733
4458273
4458873
4461318
4463009
4463207
4463341
4464146
4464726
4464990
4468331
4468495
4468738
4468957
4469707
4472564
4473431
4475215
4476379
4477900
4477987
4478856
4479966
4482566
4483335
4483969
4485047
4485491
4486130
4487086
4487954
4489775
4489804
4491532
4491613
4492557
4492910
4492949
4493448
4494029
4494784
4496102
4496322
4497007
4497098
4497790
4500231
4500949
4502249
4503377
4504571
4505000
4505950
4506638
4506970
4507416
4508423
4509606
4510978
4511605
4517469
4517833
4518296
4522501
4522552
4523718
4523935
4524629
4525577
4528169
4529205
4530337
4530586
4530600
4533233
4533832
4534370
4534570
4534574
4537004
4538002
4538022
4538108
4538216
4538316
4538903
4540919
4542245
4542782
4543682
4543714
4544075
4544446
4548584
4549104
4550304
4550339
4551368
4551457
4552741
4553333
4556096
4556860
4561726
4564867
4566072
4566484
4567149
4568705
4570796
4571166
4572132
4573042
4575930
4576939
4578607
4578858
4579114
4580964
4583171
4583980
4586974
4587435
4589358
4590446
4592841
4593801
4594221
4594757
4596171
4597397
4597800
4599894
4603346
4605560
4605697
4606022
4609282
4609552
4610189
4610271
4610969
4611561
4614529
4614975
4615779
4616062
4616848
4617898
4619898
4620061
4623869
4623872
4623903
4625263
4625444
4625517
4626520
4626636
4628566
4630748
4632644
4635160
4635517
4636020
4639253
4640891
4642432
4642842
4643414
4644578
4645574
4646774
4646973
4647223
4647864
4647958
4648071
4648631
4648685
4649481
4650730
4652603
4652658
4654032
4654361
4659374
4659947
4660028
4661537
4661637
4661944
4662321
4664252
4664366
4665236
4666862
4667460
4669312
4670765
4670824
4671597
4675548
4678460
4679089
4689990
4690877
4692165
4695663
4696080
4697130
4697151
4697424
4697702
4698006
4698571
4698602
4698771
4700462
4701777
4702471
4703412
4704207
4704612
4704961
4706357
4706811
4708658
4709393
4709560
4710214
4710943
4710984
4711721
4713253
4715086
4716907
4718641
4720446
4721672
4722255
4722857
4725402
4725561
4727475
4728811
4731073
4732777
4734037
4734779
4734800
4734912
4736656
4738157
4739414
4740527
4740637
4741393
4743419
4744052
4747488
4748034
4748740
4752275
4753595
4756127
4758804
4759793
4761617
4761827
4762194
4763322
4763932
4765901
4767357
4767805
4769492
4770415
4770716
4772545
4772568
4774203
4776159
4780203
4780214
4780435
4780771
4782472
4782599
4783559
4783771
4784772
4786725
4794196
4794411
4794512
4795677
4796568
4797525
4800415
4801616
4801736
4803414
4804296
4805662
4806991
4807823
4808615
4810708
4810982
4811576
4811829
4813910
4814687
4817490
4821498
4821575
4823764
4825456
4827543
4827730
4832901
4834155
4834266
4835867
4837390
4837808
4838927
4838951
4840001
4841741
4841939
4842153
4842881
4843301
4846334
4848216
4850605
4853336
4854839
4856920
4857179
4859805
4860620
4860661
4864970
4865853
4867517
4869355
4869547
4870698
4870786
4871960
4872190
4872620
4873746
4875337
4875567
4875821
4876495
4877581
4879679
4879744
4881052
4882305
4883292
4883676
4883752
4887405
4890254
4891410
4891415
4892787
4894706
4895716
4896850
4897411
4902306
4904836
4905450
4905687
4905880
4906947
4907157
4908064
4908283
4908690
4908932
4909511
4910187
4910868
4914704
4915521
4917537
4917781
4918246
4919088
4920735
4922054
4924330
4925703
4926945
4927792
4928148
4928882
4929618
4931512
4933131
4933676
4935247
4938544
4938732
4938900
4940477
4941074
4946577
4946769
4948532
4949028
4951494
4952002
4952033
4953484
4953574
4953848
4954582
4955609
4956697
4957235
4958057
4958634
4961954
4964181
4964199
4964326
4966606
4966884
4967309
4968356
4969975
4970950
4970961
4972504
4973169
4975342
4975632
4976033
4976964
4977011
4977403
4979522
4979722
4979834
4981383
4982113
4985965
4986341
4987121
4989491
4990516
4991080
4992423
4993330
4995595
4995849
4996023
4996361
4997652
4998639
5000072
5001160
5001462
5002770
5003098
5003550
5007550
5008047
5008069
5008945
5008992
5009088
5011041
5011048
5011899
5012335
5014433
5015462
5016257
5016402
5017507
5019823
5020479
5021418
5023214
5023273
5023509
5025299
5028609
5030860
5032260
5032400
5035460
5035903
5036234
5036319
5038568
5039033
5039862
5040706
5041305
5041443
5041760
5042351
5042523
5044013
5044254
5044476
5045393
5045395
5046215
5048617
5049012
5051840
5053794
5055190
5055714
5058017
5058086
5059214
5061236
5062144
5062278
5062624
5063635
5066628
5066890
5067686
5068217
5069566
5069678
5076310
5076714
5079921
5080003
5082071
5083040
5083738
5085264
5085360
5085755
5086486
5086510
5089645
5091827
5093926
5095305
5097034
5098276
5098315
5099383
5101252
5101925
5102324
5104410
5107996
5108793
5110077
5110312
5110760
5112560
5113876
5114803
5115330
5116117
5119526
5120143
5121323
5121874
5123652
5123922
5124403
5125477
5127552
5128478
5129959
5130513
5130585
5132684
5133728
5134854
5136205
5137203
5139248
5141103
5142061
5144024
5146809
5147950
5148997
5149282
5149670
5150908
5152691
5153036
5154607
5154881
5155371
5155991
5158828
5158831
5160763
5163376
5163640
5164466
5165333
5165486
5166458
5168179
5169183
5169819
5171254
5171287
5174679
5174900
5175058
5175176
5177295
5180654
5181301
5182527
5183109
5183746
5184315
5185150
5187735
5189622
5189637
5190152
5190309
5192127
5193229
5193273
5196064
5196567
5196911
5197013
5199296
5200105
5200508
5202513
5204855
5209525
5209981
5211843
5212998
5214625
5217397
5219112
5222921
5224769
5225869
5228211
5228675
5229399
5231111
5231136
5231224
5231802
5234374
5236973
5237548
5239552
5240367
5243383
5244759
5245050
5246977
5247856
5249604
5250358
5250572
5251532
5252733
5254639
5256000
5256207
5257224
5257302
5258852
5259910
5260418
5261648
5261811
5264937
5265612
5266078
5267237
5267321
5268966
5270344
5271113
5274260
5275267
5275614
5276967
5278243
5279415
5280649
5280687
5281010
5281269
5283769
5284331
5286164
5286484
5286635
5287198
5288789
5289838
5293111
5293679
5293760
5294643
5295793
5296649
5298198
5300279
5300904
5302003
5302095
5303146
5303560
5304848
5305907
5307184
5307720
5311028
5311359
5311566
5312337
5312367
5312737
5312750
5314082
5314440
5314644
5314683
5315585
5317461
5321000
5321297
5322581
5325628
5325977
5332282
5332492
5334099
5335053
5335205
5337900
5337939
5338483
5342793
5342891
5344171
5345352
5346682
5347457
5348032
5348036
5351357
5351614
5352586
5352934
5354633
5357868
5358289
5359005
5362341
5364968
5367684
5368870
5369056
5369294
5369533
5371376
5372083
5372238
5372797
5373681
5375385
5377963
5379392
5379743
5379744
5380000
5381842
5382149
5382248
5386228
5388134
5388887
5389651
5390482
5391108
5391302
5392428
5392741
5394811
5394938
5395002
5395034
5398641
5399287
5402128
5403475
5403561
5403925
5404408
5408284
5409631
5412404
5413294
5413413
5413590
5413643
5415080
5418959
5419019
5420075
5420146
5422569
5423464
5424566
5424826
5425728
5426850
5426994
5427150
5428528
5429446
5429983
5430226
5436534
5437624
5437738
5440295
5441330
5442724
5443523
5446483
5448350
5449335
5454232
5454840
5456109
5457187
5457194
5457500
5459182
5459579
5461083
5462700
5464090
5464634
5467155
5467226
5468947
5469570
5470764
5471163
5471974
5472277
5474965
5475192
5475540
5476831
5479752
5480076
5480474
5480842
5481696
5482681
5487934
5487978
5489223
5490871
5491813
5494434
5496547
5498026
5498668
5498923
5499178
5500601
5501697
5502400
5502828
5505087
5505442
5507504
5509575
5512148
5514036
5514203
5514754
5515845
5516808
5516887
5517000
5518844
5519565
5521733
5525788
5529882
5530217
5533956
5538527
5538558
5539166
5539659
5540744
5541457
5542590
5547168
5547267
5548573
5549015
5550868
5551836
5557632
5560168
5561888
5563670
5563694
5563841
5564394
5564979
5565569
5567393
5571268
5571417
5572195
5572394
5572700
5574634
5575068
5575208
5580401
5581040
5582644
5584066
5585016
5586969
5587989
5588587
5588955
5591428
5594064
5594301
5595005
5595648
5596243
5596455
5597769
5598375
5601237
5602832
5603007
5604127
5604172
5608147
5608574
5608636
5609031
5609281
5609989
5612033
5614384
5615039
5615173
5620096
5625346
5625600
5625751
5625822
5628538
5630815
5631002
5633060
5633667
5634863
5635558
5640502
5642823
5642964
5645046
5645361
5646628
5648977
5649125
5650730
5650878
5653785
5654287
5656147
5656862
5657270
5657977
5660043
5661956
5663926
5666989
5668191
5668300
5670942
5673622
5677256
5683536
5684838
5687944
5689032
5689628
5691075
5693501
5693661
5699676
5700272
5700571
5700832
5702228
5702902
5702938
5703316
5703526
5705435
5708847
5709457
5711902
5715179
5715636
5717104
5720175
5721980
5724343
5724424
5724558
5725821
5725875
5726089
5728505
5728771
5729984
5730315
5732254
5733775
5733926
5734780
5737377
5737477
5737594
5739133
5741036
5743191
5745251
5748432
5749189
5749951
5751714
5753525
5754102
5755565
5757942
5758563
5759740
5760199
5760739
5766344
5766529
5768320
5769900
5771598
5771871
5772653
5772850
5773984
5776053
5780362
5780465
5780659
5780768
5786012
5786943
5788601
5790290
5791399
5791473
5794077
5795744
5796460
5797738
5798495
5798856
5799433
5799676
5802012
5802780
5804440
5804480
5810358
5814742
5815105
5815339
5815843
5817753
5819532
5819809
5820154
5820476
5821005
5821673
5826586
5826819
5830070
5830907
5833774
5835259
5835320
5836991
5838344
5839349
5840930
5843880
5846719
5847650
5852540
5852953
5853272
5853730
5853813
5854721
5855049
5855697
5856459
5857626
5858445
5858807
5858823
5860282
5862219
5865113
5866033
5866332
5866688
5868760
5871664
5872268
5872384
5872527
5872654
5873998
5874063
5874099
5874253
5875529
5875866
5876564
5876711
5876987
5880614
5881064
5883167
5886044
5886352
5886925
5888750
5889010
5889622
5891603
5893147
5893751
5894471
5896486
5896973
5898099
5898355
5902054
5903118
5903582
5908104
5909315
5910902
5911320
5912732
5916006
5917112
5919532
5920505
5926790
5927112
5928763
5929129
5930876
5931039
5931872
5932212
5932527
5932663
5933595
5933665
5935860
5936000
5936680
5942118
5942941
5943573
5944590
5944761
5944977
5945005
5946597
5947805
5950683
5950891
5950946
5952171
5953261
5954743
5957093
5957586
5960621
5961982
5962663
5962808
5963519
5964862
5965400
5965781
5965806
5966810
5966922
5968527
5971640
5973613
5974330
5974637
5975078
5977700
5979455
5981512
5982543
5984469
5986267
5986370
5986393
5987653
5989073
5989768
5990136
5990253
5991166
5991989
5993841
5998047
5998227
6002076
6005373
6005700
6006359
6007575
6007855
6007979
6008203
6009656
6011802
6013499
6019219
6020209
6020536
6021513
6023608
6026141
6026150
6026806
6029715
6030703
6032589
6035430
6038382
6039503
6041995
6043570
6046722
6046808
6048355
6049005
6052020
6052419
6052519
6053378
6056428
6057118
6058112
6059879
6061258
6061507
6063116
6063346
6064732
6064834
6065357
6067406
6067642
6069640
6069722
6069892
6070104
6072246
6074181
6076294
6079070
6080611
6080883
6085959
6087228
6088586
6091041
6095078
6096305
6096659
6098993
6100059
6100500
6100921
6101175
6102989
6106636
6107029
6108161
6108486
6109523
6109911
6111307
6111555
6115182
6116622
6117740
6118135
6118149
6120866
6121192
6121612
6122528
6124908
6125432
6127708
6128305
6129520
6130760
6133718
6135673
6137795
6137991
6139739
6140162
6140333
6142199
6144045
6144167
6144661
6145586
6146041
6148414
6149437
6149740
6150641
6153626
6157382
6158703
6160746
6160932
6164191
6165696
6167229
6167970
6168038
6168191
6169687
6169763
6174953
6176835
6177166
6177764
6177950
6178303
6179543
6180088
6182166
6182178
6182184
6182779
6183046
6183137
6183148
6186811
6190747
6192490
6192656
6192793
6193661
6195327
6197690
6198626
6199025
6200350
6202418
6203135
6206720
6206900
6208411
6211038
6211167
6211496
6217030
6218606
6220167
6220222
6220552
6221563
6223041
6224208
6231627
6234823
6236352
6238422
6238967
6239553
6240331
6241073
6244502
6248142
6252011
6254631
6254663
6256458
6257081
6258047
6258403
6258826
6259892
6260286
6260919
6260932
6261599
6261856
6264527
6264799
6265245
6267214
6267728
6268528
6269648
6270997
6271146
6273135
6274028
6274798
6275526
6276174
6279663
6282727
6282963
6284205
6285203
6285544
6287711
6289648
6289651
6290242
6291345
6292951
6295016
6296305
6297109
6297475
6297596
6297626
6298148
6299274
6299606
6300587
6301127
6301548
6301893
6302325
6302945
6304798
6304884
6305140
6306694
6309064
6310291
6311462
6315122
6317015
6317249
6318255
6318609
6320997
6322189
6326941
6329135
6332865
6333433
6333642
6334131
6338560
6340724
6342957
6343997
6344167
6345584
6345908
6346510
6347844
6347963
6350520
6353027
6353977
6355161
6355921
6356840
6357467
6359027
6360929
6361014
6361880
6362129
6362676
6362999
6363165
6363915
6364882
6366585
6369381
6369630
6369882
6371073
6376159
6377771
6378741
6378814
6379507
6380102
6380744
6383626
6384579
6387435
6388167
6389009
6390577
6390863
6391294
6394232
6395823
6399014
6399148
6399172
6399551
6400735
6404067
6404349
6405984
6406279
6406457
6406582
6409509
6409945
6412640
6413017
6416018
6416110
6416266
6416974
6419656
6423408
6425579
6425736
6427040
6427882
6428280
6430033
6431847
6435133
6436662
6437719
6438288
6440949
6442689
6443383
6444067
6444074
6445136
6446199
6449434
6453299
6453973
6454278
6455450
6455828
6456321
6456899
6457010
6458611
6462125
6462472
6462539
6463952
6464140
6464321
6466680
6468699
6468713
6469575
6469746
6472259
6473090
6473438
6473704
6475600
6476048
6476160
6481250
6481583
6483862
6484003
6486328
6488649
6489051
6490836
6491758
6495713
6495835
6496289
6497871
6498287
6498459
6499178
6500266
6504903
6505633
6511885
6514747
6517813
6518247
6518431
6518743
6518783
6518826
6519032
6520087
6520563
6520734
6521299
6522196
6524480
6526308
6526384
6527360
6527731
6530395
6530762
6530780
6532164
6533254
6533869
6534072
6536456
6538884
6539724
6541159
6543112
6543602
6545217
6545343
6545933
6546920
6552355
6553648
6554227
6556259
6556836
6557130
6557967
6559160
6559197
6560701
6561061
6562609
6563306
6564540
6565083
6566668
6567708
6568606
6568813
6569990
6570440
6571895
6572017
6574855
6574993
6575828
6576111
6577612
6578100
6578703
6579553
6579830
6580950
6582392
6583099
6589345
6590562
6592157
6593849
6595796
6596103
6596170
6596785
6597700
6598080
6598233
6598984
6599358
6599454
6601071
6601334
6602941
6604007
6604385
6604717
6605879
6606556
6608307
6609197
6609912
6610523
6614104
6615939
6617186
6618486
6619743
6620010
6620340
6620558
6622835
6623704
6626350
6628712
6629310
6631150
6631265
6632081
6632793
6633084
6634478
6634774
6635031
6635565
6636530
6638188
6639375
6644241
6644654
6648272
6648285
6649043
6650587
6653011
6653957
6655422
6656151
6656732
6657339
6657532
6659928
6661723
6662086
6662331
6664339
6664351
6666459
6666932
6667592
6670588
6672368
6678095
6679063
6679570
6680590
6681071
6682798
6684022
6684141
6684297
6684501
6684655
6687252
6687551
6687820
6688129
6689466
6689623
6689987
6690222
6690723
6691676
6692687
6693215
6693674
6694896