240
710
949
1820
1868
2840
3064
5146
5433
6632
7775
8132
8190
8192
8240
9096
10339
10405
10551
10807
11201
11751
12066
13042
13223
13391
14396
14644
15215
15661
15895
16185
17499
18156
18186
20003
21086
21708
23064
23315
23352
23761
25272
25875
28023
29262
30459
30484
30609
30921
31461
31684
32503
34420
36941
37342
37642
39899
40321
40546
41639
41808
42042
43875
46252
46547
47214
47426
50042
50834
51706
51888
53458
53753
55372
55455
56444
57029
58615
59226
60385
60447
60491
62394
62862
63635
65886
66722
67472
67808
69442
69509
69987
70425
70538
71144
71328
71356
72176
72801
75138
75493
75514
75607
76019
76450
76947
77210
77374
78143
79423
79858
80088
80922
81143
81425
81944
82857
84163
85516
85915
85931
86105
86471
87522
87651
88003
88658
88839
88855
89480
89553
89712
89909
90869
91706
92612
92914
92941
93602
94746
95152
95169
96254
96895
97673
97675
98792
104441
105305
105727
106444
106838
108217
109108
109504
109675
111148
113046
114905
115159
116482
117279
117625
117869
117882
119353
120535
120701
120795
120907
121025
122191
122516
123334
123931
124176
124311
124650
125488
125660
126071
126237
126989
127629
127840
127961
128072
128156
128967
129041
130809
130903
131065
131105
131348
131547
132133
132387
132413
132844
133189
133511
133744
136037
136879
138689
139002
139615
139690
139961
140219
140329
140670
141395
141763
141858
142048
142213
142752
144124
144249
145609
145904
146244
147264
148744
148767
149163
149185
149902
150104
150877
151115
152033
152137
152841
152922
153792
155062
155892
155923
156158
157095
157594
157963
158232
158306
159096
159114
160238
160356
160525
161046
161406
161905
162378
163102
163126
163395
163613
163755
164872
165046
165058
165822
165987
166037
166932
167587
168672
169736
172070
172310
173081
173240
173278
173509
173666
173997
174347
175926
175951
176433
176914
177570
177669
178665
179569
180058
180628
180893
181002
181501
183487
184053
185609
186656
186946
187994
188632
188948
189363
189396
189425
189574
189677
190384
190746
191813
191889
192041
192163
192449
192523
192549
193559
193704
195131
195385
195736
196164
196334
196740
198318
198424
198685
199506
200067
201054
201889
202259
202355
202760
204398
204726
204754
204982
205363
206668
206878
207021
207816
207938
208056
208153
208271
209244
211275
211349
212282
213027
213612
213950
214045
215817
216100
217021
218713
218894
219485
221961
222046
224175
225275
225370
226985
228139
229305
229574
231075
231877
231896
233049
234420
235445
235518
235870
237012
237120
237353
238278
239333
239626
239842
240796
241112
241410
242302
242345
242395
242446
244098
244637
245632
246300
246435
247322
247612
248723
248956
249723
249739
253437
253578
253978
254247
254834
255670
255890
257641
258684
259040
259193
260313
260895
261779
262425
263634
264072
264333
264894
265851
266091
266286
266362
269580
271004
271046
271535
271685
272562
272855
273186
273474
274206
274521
274773
276531
277197
277234
277399
277761
277910
278186
278390
278750
279262
280058
280954
281350
282397
282638
283497
284087
284097
285065
285538
286452
287427
287957
288939
289056
289086
289616
290099
290969
292141
292372
292461
293030
293034
293199
294124
294800
295066
297167
297428
297854
299874
300023
301003
301159
301264
301550
302141
302277
302657
302857
303597
303674
304088
304344
305453
305566
306326
306541
306881
307242
307417
308042
308511
308643
309557
311152
314308
314768
315146
316037
316181
316362
316405
317115
317816
318040
318547
319167
319525
320138
320921
321093
321165
322037
322565
322614
322983
323108
323500
323798
323848
323924
325010
326102
330448
331611
332464
334253
334581
336261
336498
338155
338958
339391
342487
343946
344302
344567
344827
344867
345258
345419
347412
348096
350460
350564
350645
350661
351169
351816
352111
353663
354122
356135
356482
356564
356707
356756
356906
356993
357370
359151
360440
360592
360904
361245
361312
361682
364173
364587
365416
365607
365653
366217
366275
366647
367425
368866
369795
370293
370875
371706
371737
372443
372837
374329
375232
375438
376203
376420
377191
377211
377618
378229
378427
379494
380431
380831
380896
382049
382113
383387
385834
386475
387717
388386
388700
389621
389692
390852
391105
391229
391624
391928
392940
394535
395188
396489
397381
399847
400757
401137
401272
402512
402788
404693
405168
407123
407166
407255
407367
407499
407665
411242
412850
412992
413967
414537
414603
416672
416837
416849
417459
417832
418282
418612
419428
419722
420136
420239
420282
420466
421431
422319
422366
422382
422542
422834
423396
423962
426224
426546
426765
426843
427281
428477
428525
428817
429478
429688
429990
430170
430220
431473
431638
432295
432881
432911
433129
433746
433770
434364
434626
434666
436000
436201
436414
436476
436539
436572
438301
438552
438984
439197
442907
443223
443803
447125
447360
447375
449011
449131
451954
452150
452325
452973
453568
455193
456297
456496
456748
457420
459050
459135
459446
460223
461338
462881
463430
463924
464351
464462
464779
465896
466883
467104
467871
468001
468507
468706
468864
469123
469689
469828
469886
470388
470615
471892
471943
473648
473899
474260
474465
474564
474960
476281
476500
478243
478793
479006
479398
480303
480396
481627
482117
482136
482204
482237
483562
483657
483897
484337
485174
485373
486195
486373
486933
487355
488548
488863
489081
489331
490545
490994
491233
491695
491811
492685
492861
493957
494541
497740
498265
499602
500153
500538
500576
501554
502630
505188
506391
506932
507513
508630
508958
509373
510080
510109
510382
510827
511442
512203
513898
514968
515533
515567
516906
517152
517830
518356
518763
519079
520390
521420
525798
525898
525982
526083
527574
527605
527927
528123
528139
528815
529521
530447
532420
532754
533111
533655
534727
535012
535193
535684
535943
537211
537228
537243
537387
537416
538993
539806
541057
541984
542605
542867
542942
543765
543885
544362
544603
545473
545600
548288
550245
550566
551863
551927
554889
554908
554946
555467
555485
555540
556392
556458
556530
556846
557358
557646
558027
558503
560342
560395
560511
560706
561187
562761
563387
563996
565263
566306
566868
567715
567735
568732
568865
571085
571898
572047
572538
572869
573872
574087
574724
575488
576532
576813
576814
577120
577215
577257
578094
579729
580680
581160
582267
582710
583426
584456
585706
586364
587107
587399
587542
589270
589399
590387
591583
591647
592699
592731
592764
593332
593723
593896
595166
595904
595911
596099
597265
597474
598512
598534
598986
599792
599852
600495
601190
602024
602151
602516
602606
602866
604055
604468
605110
605922
606610
607453
607521
607526
607599
608014
608250
608628
609554
609939
610084
610199
610544
610641
610932
611067
612922
613050
613848
614239
614263
614595
615374
615625
616632
616921
617341
617397
617672
618171
618173
618965
619225
619378
620532
622144
622394
624025
626972
627034
627193
627247
629224
629428
629821
631169
631906
634259
634659
635752
636423
636590
637221
638462
639769
639778
639998
640866
640916
641150
641472
642458
643025
643181
643600
643699
644547
644811
646029
646864
647113
647431
648472
649024
649027
650011
652160
652636
652717
653860
654387
654448
655854
657680
658247
658426
659033
659280
659444
659624
659830
660228
660686
660788
661093
661442
662737
664103
665291
666665
666845
666942
667432
668297
668314
670151
672281
672549
673503
673974
674190
674778
675470
677231
678235
679038
679064
679881
679960
680887
682227
683028
683079
683233
683594
684081
684382
684661
685169
686169
686568
687549
689716
689810
690135
691025
691030
691871
691899
693684
694757
694973
695434
695645
695830
695865
696045
696650
696700
696732
696914
697768
699073
699093
699460
699496
700004
701376
702342
702472
702589
702955
703227
703271
705062
705136
707947
708149
708217
708471
708995
709289
710043
710109
710312
710512
711613
712331
713843
713911
713912
715770
716835
716901
717091
717583
717821
718766
719190
719756
720255
720456
720787
721327
721443
722659
725586
727213
727347
727368
728295
728946
730078
730091
731356
731701
733301
734361
734791
735635
737122
739443
739662
741711
741729
742137
742510
742842
743109
743131
743293
743635
743825
744143
744257
744919
746107
746197
746494
747456
747724
748919
749583
749984
750020
751718
752308
752763
753815
754686
755038
755089
755420
755770
756025
756482
757465
757917
758015
759602
760497
760711
762597
762742
762797
763155
763655
763722
763729
763836
764412
764934
765031
765154
765234
765525
765978
766376
766584
766679
767743
767895
768701
768748
769139
769740
772380
773248
773665
773876
774309
774614
775219
776695
776802
776987
777560
778162
778327
778445
778781
779824
779840
780090
780111
781035
781359
781857
782552
783703
783967
785501
785705
786310
786695
787358
787932
788430
788766
789356
789611
790320
791863
792791
793873
794307
795194
797566
797839
797889
799719
800655
801512
801625
801825
802646
803534
803806
805162
805600
809268
809715
810979
811034
812017
812254
812338
812539
812652
812717
812945
813329
813496
813887
814916
815490
815804
816196
816619
816836
816883
817051
817163
817482
820073
822367
823153
823629
824427
824464
825166
825962
826245
827386
827635
829197
829825
829841
831771
832974
833773
833809
833973
834297
834778
835238
836496
836638
836899
837716
837775
838591
838761
839778
840833
842507
843498
844454
1127355
1127394
1127790
1128938
1129140
1129697
1130110
1130237
1131032
1133016
1134307
1134440
1134961
1134985
1136356
1136565
1136738
1137395
1137735
1138060
1139248
1139638
1140856
1140958
1142979
1143507
1144482
1145015
1145544
1146062
1146174
1146335
1147399
1147799
1148058
1148580
1149182
1151202
1153668
1153968
1154147
1155992
1156071
1156464
1156679
1156764
1157153
1158313
1158333
1158498
1159522
1159738
1160171
1160845
1161245
1162004
1162295
1162415
1163292
1163428
1164229
1164301
1164756
1165343
1165555
1166253
1166549
1167575
1168118
1168123
1169249
1171503
1172001
1174100
1174617
1175211
1176421
1176559
1176948
1177337
1177388
1178034
1178051
1178423
1178606
1180320
1180461
1181339
1181514
1181521
1182664
1182783
1183360
1183900
1184347
1184984
1185137
1185223
1186398
1187190
1188315
1189105
1189131
1189253
1189611
1189791
1189940
1190216
1190494
1191002
1191232
1191344
1192247
1192875
1196870
1197749
1198837
1198849
1198881
1200399
1200799
1203299
1204237
1205023
1206507
1207138
1207558
1208209
1208439
1209529
1210666
1210805
1211024
1211301
1211774
1211941
1212013
1213283
1214521
1214719
1215570
1216367
1216443
1216905
1217052
1217368
1217840
1218215
1218667
1218798
1220281
1220638
1220985
1221613
1222061
1222377
1222911
1223035
1223445
1224296
1224654
1224974
1225841
1228121
1228568
1230982
1231484
1232580
1232749
1233026
1233317
1233822
1234223
1234476
1234913
1234921
1235857
1237186
1237294
1237325
1237958
1237965
1239830
1240405
1240836
1241432
1241554
1241969
1242209
1244612
1246038
1246925
1247193
1248892
1250717
1250739
1250852
1251850
1251979
1252907
1253007
1254889
1255487
1255664
1257449
1258735
1260733
1260919
1261241
1262511
1262915
1263306
1263544
1264678
1265870
1265970
1266060
1266221
1266455
1266639
1266843
1267604
1269227
1269583
1270021
1271290
1274139
1274456
1274569
1274741
1274843
1275093
1275636
1276531
1277374
1277756
1279122
1280405
1280840
1280883
1281677
1283503
1284008
1284692
1285483
1285630
1285910
1286394
1286513
1286793
1286837
1286885
1287653
1288706
1290528
1291331
1291371
1291626
1291786
1292169
1292241
1292736
1293090
1296032
1296499
1297736
1297798
1298061
1298836
1299414
1299793
1300581
1300652
1300836
1301363
1301588
1301846
1303589
1304708
1306239
1306293
1306397
1306908
1307104
1307408
1308501
1308985
1309249
1310255
1310883
1312140
1312530
1312957
1313472
1314161
1314618
1314747
1314917
1315151
1315538
1315823
1316891
1319806
1320288
1320634
1321092
1321303
1322024
1322075
1323099
1323685
1324170
1324756
1325064
1325115
1325236
1325391
1325892
1326665
1326797
1329861
1330059
1330289
1330794
1331366
1332066
1332869
1333220
1333520
1334142
1336328
1337048
1337762
1337789
1338037
1340153
1341458
1342277
1342816
1343588
1345423
1345582
1345804
1346509
1347060
1347078
1347464
1347637
1348617
1349616
1350143
1350516
1350800
1351056
1351812
1352002
1352542
1353115
1353600
1354047
1354558
1354838
1354947
1355125
1356528
1357565
1357703
1358018
1359934
1360245
1360487
1360641
1360914
1361093
1361168
1361187
1361401
1361419
1361637
1363374
1363672
1365022
1365924
1366267
1366498
1366743
1368409
1368593
1368666
1369470
1369728
1369746
1369775
1370712
1370787
1372623
1372662
1373304
1373605
1373706
1373855
1374686
1374906
1375441
1375562
1376044
1376592
1378377
1379283
1379444
1380151
1380175
1380835
1381360
1382132
1382692
1383316
1383516
1383601
1383744
1383756
1383782
1384921
1386516
1387872
1388937
1388950
1388968
1390061
1390098
1390163
1391191
1392979
1393194
1393558
1394537
1394681
1394766
1397189
1397914
1398135
1399272
1399363
1399526
1399881
1400883
1402308
1402924
1404857
1404861
1405719
1405754
1405898
1406310
1406581
1406608
1407997
1409263
1409355
1409779
1411053
1411129
1411188
1412356
1413488
1413505
1413694
1414981
1415776
1416060
1416671
1417920
1419669
1420397
1420687
1421499
1422281
1422541
1423411
1424531
1424840
1427672
1427759
1427804
1427892
1428939
1429882
1430594
1430852
1430935
1431101
1432465
1432593
1432821
1433270
1433373
1433975
1434405
1434435
1436027
1436148
1436327
1436587
1437545
1438491
1439076
1440187
1441471
1442605
1443933
1444169
1445202
1445334
1445515
1446503
1447828
1448078
1448446
1449095
1450193
1450587
1450728
1451163
1452024
1452413
1452576
1452747
1454170
1454396
1454744
1455319
1455713
1455972
1455989
1458100
1458997
1459523
1460206
1460452
1461171
1461220
1461870
1462183
1463232
1463512
1464514
1464621
1464667
1465045
1465072
1466763
1467568
1468295
1470397
1470533
1471687
1471788
1471917
1472270
1473244
1473763
1474200
1474851
1475271
1475352
1476014
1476883
1477069
1477100
1477112
1479100
1480490
1480958
1481060
1481461
1481600
1481693
1482556
1483589
1484021
1485132
1485979
1491181
1491221
1491361
1492309
1493361
1493787
1494257
1495592
1495879
1496021
1502444
1502447
1503239
1503781
1504292
1505630
1506775
1508355
1508655
1510766
1510824
1511167
1512178
1512433
1512679
1512844
1513455
1514265
1514271
1517854
1517973
1518069
1518556
1519335
1519342
1519893
1520277
1521117
1521585
1521682
1522153
1522214
1522859
1523115
1523546
1523955
1525868
1527467
1528015
1528507
1530254
1530338
1531396
1532270
1532664
1533424
1533875
1534001
1534018
1534960
1535083
1535693
1535841
1536666
1536739
1540274
1540969
1541839
1542411
1542742
1542812
1543742
1544031
1545840
1545982
1546302
1546735
1547325
1549249
1550320
1550344
1550509
1550725
1550826
1551009
1551785
1551952
1552745
1555356
1555972
1556074
1556172
1558796
1558884
1559971
1560173
1561439
1562833
1563096
1563343
1563654
1564038
1564247
1564485
1564511
1564678
1564979
1565098
1565583
1565732
1566088
1566210
1566253
1568117
1568426
1568453
1569582
1569848
1569928
1570415
1570563
1572872
1572892
1573399
1574035
1574245
1574369
1574687
1574943
1575379
1576065
1576531
1576948
1577074
1578479
1578624
1578675
1579374
1579780
1580243
1580312
1580353
1580553
1580601
1581038
1582593
1582741
1583252
1583673
1584250
1584393
1584467
1584654
1585662
1585766
1585799
1586171
1588579
1588783
1589419
1589687
1590249
1590491
1591815
1591916
1595277
1595675
1595797
1596743
1596832
1596934
1597046
1597164
1597389
1600323
1600463
1601116
1601318
1603227
1603273
1603505
1604141
1604919
1605582
1607456
1607536
1607874
1608133
1608136
1608557
1609044
1609045
1610868
1611467
1611495
1611908
1612392
1612628
1613021
1613533
1613583
1613607
1614315
1614719
1615008
1615160
1615375
1615674
1617821
1617998
1618649
1619203
1619899
1619923
1620663
1620737
1622048
1626166
1627625
1627885
1630947
1631096
1631134
1632163
1632630
1633579
1633879
1634000
1634777
1635535
1635787
1635869
1636523
1636539
1636733
1637069
1637166
1638373
1639587
1639871
1640136
1640216
1641003
1641071
1641313
1642664
1642721
1642955
1643245
1643389
1643849
1643952
1643960
1644240
1644691
1644753
1645045
1645273
1645492
1645897
1646070
1646216
1646514
1646905
1648239
1648850
1649007
1651210
1651868
1652323
1652361
1652387
1652606
1655543
1656198
1657029
1658323
1658761
1659453
1659877
1659900
1660129
1660485
1661273
1661781
1662089
1662452
1665332
1666037
1666523
1666636
1666852
1667643
1670489
1670984
1671199
1671270
1673273
1673456
1673551
1673982
1674177
1674725
1674944
1675371
1676045
1676210
1676262
1676473
1677629
1678232
1679231
1679352
1679813
1680446
1683155
1683740
1683790
1684057
1684688
1684811
846391
846757
847476
847849
848134
848662
849060
849134
849155
849212
849761
850353
851053
851974
853491
854134
854201
855781
856561
856637
857289
857353
858468
859225
859384
860087
860182
861840
862143
863019
863040
863656
864330
864641
864848
864969
865169
865345
865699
865787
866070
866268
867343
868134
868160
868311
868843
869445
869596
870091
870232
870716
871384
871447
871977
872606
873867
874393
874753
874890
874981
875808
876285
876368
876702
877174
877842
878620
879638
879732
880430
880473
881088
881971
882316
883442
883834
884489
884502
884902
885136
885606
885633
887248
887336
888453
888471
889246
891262
891455
893870
894026
894864
895230
895306
895650
895752
896049
896773
896853
897439
898584
898845
899614
900403
900583
901534
903966
904610
904704
904950
905594
905962
908046
908515
909586
909837
910161
910483
910616
911049
911818
912038
913748
914120
914995
915099
916201
916261
916523
916919
916935
918129
920442
920732
921449
922068
922645
923402
924139
924178
924648
925007
925176
926024
926142
926531
927864
928571
929234
929839
929964
933585
934288
934529
937150
940266
940280
940371
940874
941917
942960
944651
944840
945099
945252
945303
945559
946406
946813
947029
947061
947704
948567
948811
949123
949233
949637
949945
949989
950603
951213
951828
952278
952751
953050
953257
953726
954732
954909
955687
956282
956383
956682
956693
957062
957941
957982
958279
959819
960703
960989
961376
961384
961423
961495
961699
962228
962509
962921
963574
963715
964169
967593
968353
969082
969430
970167
970533
970940
971278
971290
971733
972053
972135
972355
973131
973341
973574
974211
974901
975005
975029
975371
976461
976672
978326
978679
978882
979306
979428
980185
981009
981306
981772
982364
982522
983006
983622
984476
985064
985509
986347
987240
987451
988467
988732
989588
989742
990233
990599
990910
992128
992305
993791
994176
994675
995473
995551
995694
996280
997116
997945
998482
999095
999637
1000537
1001756
1002184
1002878
1004621
1005516
1005911
1007123
1008207
1008600
1009247
1010839
1010982
1011800
1011909
1012331
1013503
1013714
1013993
1014050
1014552
1015566
1017187
1017448
1017570
1018095
1018855
1019182
1019252
1020339
1020416
1021065
1021453
1021598
1022232
1022876
1023274
1023600
1023669
1024333
1025484
1026539
1026971
1027752
1028490
1029141
1029563
1030162
1030191
1030203
1030254
1030802
1030953
1031284
1032037
1032272
1033650
1033792
1034774
1035840
1035969
1037976
1038163
1039012
1039174
1039999
1041026
1041295
1041603
1044517
1044907
1045036
1045285
1045621
1047434
1048079
1048324
1049365
1049669
1051375
1051446
1052623
1053806
1055729
1056989
1057844
1057914
1058581
1058741
1059375
1059445
1059919
1060279
1060359
1060505
1061039
1061273
1062587
1063298
1063329
1063377
1063486
1064339
1064942
1065792
1067014
1067067
1068316
1069213
1070070
1070850
1071012
1071373
1071419
1071918
1072501
1073468
1074322
1074635
1074702
1076131
1076287
1076895
1076919
1076930
1077370
1077605
1077804
1078308
1078311
1078468
1078491
1078635
1079156
1079190
1080664
1081295
1081621
1081751
1082586
1082701
1082921
1083494
1084014
1084838
1084928
1085003
1086075
1086112
1086926
1087067
1087487
1087904
1088263
1088364
1088631
1089961
1090352
1090836
1091336
1091618
1092598
1093070
1093481
1093766
1094904
1095522
1095541
1096094
1096379
1097056
1097679
1098691
1099047
1099332
1099461
1099571
1099693
1099777
1100760
1101446
1101862
1102022
1102267
1102420
1102639
1103078
1103102
1103933
1104775
1105237
1105901
1106185
1107550
1108468
1108511
1109372
1109913
1110090
1110107
1110204
1110343
1110555
1110796
1110833
1111012
1111343
1112695
1112937
1113423
1114078
1114271
1114281
1114339
1114407
1114956
1115018
1116053
1117359
1118501
1118967
1120567
1120869
1121542
1122159
1122973
1123083
1123250
1124294
1124847
1125334
1125465
1125525
1126079
1685932
1686336
1687104
1687530
1687762
1687791
1689385
1689641
1689735
1690133
1690458
1691069
1691158
1691413
1691821
1692445
1692655
1692792
1694619
1694950
1695559
1695844
1699284
1700058
1700199
1700724
1702094
1702130
1702941
1704279
1704320
1704998
1705073
1706543
1706858
1707062
1708684
1710835
1711563
1711992
1713659
1714744
1714866
1715639
1716197
1717861
1717894
1718561
1719282
1719468
1719680
1720258
1720816
1721242
1722170
1722231
1723547
1723733
1725220
1726666
1727982
1728187
1729265
1729450
1729646
1730093
1733764
1733983
1734743
1736151
1736252
1736519
1737036
1737190
1737318
1742572
1742585
1742691
1743037
1743142
1744677
1744777
1747567
1748075
1748137
1749597
1749623
1750081
1750616
1751154
1751299
1751327
1751575
1752052
1752068
1752967
1754081
1756142
1757286
1757606
1758181
1758222
1758672
1760967
1761701
1761796
1761884
1762613
1763074
1763404
1765123
1765161
1765743
1766849
1767946
1768902
1770183
1770230
1771175
1772304
1772449
1772507
1773276
1775106
1775124
1775301
1775364
1776569
1776618
1776650
1776996
1778355
1778875
1779464
1780023
1780284
1780570
1781318
1781471
1781527
1783202
1783623
1784738
1784804
1785628
1786180
1786978
1787162
1787753
1788061
1788380
1788701
1788766
1789350
1789356
1789715
1790214
1790259
1790460
1790835
1791307
1791392
1791664
1792560
1794179
1794450
1796367
1796619
1796729
1797205
1797981
1798897
1799016
1799037
1799382
1799916
1799960
1800009
1800308
1800584
1800709
1801321
1801607
1801862
1801920
1802472
1802702
1802736
1803346
1803798
1804163
1805376
1805680
1805689
1805918
1806520
1806725
1808725
1809189
1809723
1810123
1811224
1811658
1812485
1812778
1812932
1813488
1813513
1813549
1814250
1814744
1815345
1817132
1820999
1821389
1824708
1825144
1826669
1827831
1828000
1828002
1828526
1828588
1829895
1830426
1831996
1832382
1833012
1833020
1834176
1835337
1835366
1835683
1836679
1837806
1838880
1839521
1839610
1839817
1840245
1841582
1841648
1841842
1842271
1842304
1842827
1843681
1843820
1844054
1845936
1847057
1847239
1847400
1847514
1848712
1849576
1850148
1850708
1851157
1851542
1851657
1851735
1853139
1854213
1854282
1855963
1857032
1857841
1858088
1858469
1858754
1859206
1860379
1861938
1862102
1862636
1863435
1863673
1863949
1864009
1864643
1865657
1867010
1869109
1869671
1870629
1871751
1872218
1873420
1874425
1876173
1876630
1880074
1880124
1880505
1881117
1881223
1881767
1884928
1885245
1885581
1886176
1886281
1886462
1886847
1886970
1890254
1890278
1890404
1890419
1891043
1891384
1891501
1893012
1894103
1894261
1894791
1894892
1895284
1895314
1896373
1897444
1899158
1900861
1901045
1901428
1901517
1901832
1903450
1903797
1904315
1904510
1904715
1907793
1908197
1908989
1909214
1909338
1911574
1911583
1911937
1912282
1913404
1913405
1913603
1914327
1915053
1917766
1919679
1919714
1920461
1920504
1921234
1921248
1923310
1923669
1924560
1925266
1926481
1926645
1926697
1926795
1927447
1927593
1927760
1928560
1928797
1928866
1929501
1929528
1929845
1930010
1932057
1933866
1933916
1934584
1934777
1935217
1935905
1936726
1937118
1937167
1937754
1938669
1939043
1939807
1939950
1941578
1942312
1943123
1943872
1945945
1946380
1946989
1947957
1948880
1949084
1950057
1950512
1950839
1952818
1953290
1953451
1953935
1956900
1957906
1959529
1960875
1961836
1962429
1962747
1963145
1964990
1965657
1965837
1965880
1966012
1967640
1968345
1968615
1968998
1969179
1969913
1970884
1971553
1972114
1972415
1972622
1973617
1973686
1974745
1974980
1975381
1975641
1975830
1976287
1977317
1977816
1978426
1978982
1979191
1979700
1980026
1980108
1980222
1981296
1981510
1981763
1981895
1982422
1982620
1982864
1982941
1983905
1984657
1986143
1987708
1988265
1989044
1989465
1991105
1991404
1993078
1993599
1994373
1994739
1994787
1995288
1995914
1996824
1997385
1997565
2002883
2003210
2003295
2003812
2004241
2004280
2004389
2006033
2007071
2007624
2008022
2008236
2008498
2009394
2009961
2009982
2010864
2011149
2011292
2012338
2013038
2013445
2013589
2013887
2014863
2014976
2017498
2017746
2017915
2018409
2019116
2019620
2020169
2020555
2020646
2022483
2022870
2023311
2024626
2025564
2025604
2025721
2025990
2026630
2027202
2028136
2029379
2030366
2030519
2031548
2032772
2032896
2032921
2033056
2034560
2034875
2035879
2037234
2037635
2037844
2038392
2039377
2039399
2039674
2039918
2040120
2040219
2040548
2042238
2043078
2043452
2044281
2045363
2046082
2046527
2047106
2047236
2047950
2048196
2048281
2049454
2050041
2051134
2052611
2053834
2054683
2054711
2054912
2054997
2055519
2055698
2057843
2058157
2060349
2061546
2061746
2061978
2062099
2062577
2063153
2065288
2065506
2065659
2066261
2068027
2068729
2069296
2070426
2070733
2070984
2071101
2071241
2071391
2071797
2072303
2072533
2072680
2073241
2073529
2074467
2074596
2074820
2075409
2076331
2077448
2077903
2078122
2078369
2078698
2079025
2079873
2080135
2080618
2080883
2081091
2081567
2081658
2082182
2083045
2083233
2083606
2084554
2085509
2085891
2086112
2086738
2087088
2087221
2087499
2087584
2088477
2088700
2088738
2088957
2089640
2090053
2090773
2091780
2091793
2091868
2091917
2092522
2092781
2094455
2094654
2095979
2096430
2096575
2097217
2099105
2099260
2100223
2100839
2101856
2102261
2102976
2103895
2104481
2105912
2106966
2108174
2108754
2109146
2110961
2112208
2115326
2117203
2117355
2118111
2118461
2120001
2120032
2120345
2120471
2120676
2120971
2121029
2121881
2124099
2124462
2124878
2124954
2125567
2125871
2126364
2126370
2126897
2127449
2127482
2128022
2128368
2129159
2129482
2129546
2129547
2129598
2129679
2131368
2132456
2132469
2132825
2133501
2133731
2134664
2135154
2135581
2136005
2137751
2137851
2138140
2138423
2139818
2140096
2140556
2140763
2140833
2141828
2141869
2141980
2142158
2142712
2142810
2143711
2143931
2144059
2144305
2144332
2144480
2144871
2144884
2145503
2145845
2146768
2147399
2147686
2147938
2148231
2150028
2150902
2151266
2151932
2152533
2153099
2155048
2155271
2155631
2156257
2158322
2158377
2159284
2159358
2159457
2159501
2161129
2162252
2163038
2164524
2165222
2165305
2165615
2165771
2166028
2166131
2166215
2166229
2166644
2168258
2168452
2169551
2169916
2169935
2170909
2172313
2173461
2174268
2174834
2176540
2176666
2176675
2178417
2179075
2179554
2179719
2179873
2180805
2181948
2182069
2182268
2182397
2182712
2183870
2184009
2184171
2184795
2185688
2185888
2185980
2186299
2187390
2187805
2188239
2188614
2189228
2189347
2189998
2190033
2191665
2191758
2192771
2193338
2193536
2193823
2194887
2194932
2194954
2194959
2195227
2195650
2195969
2197262
2197395
2197934
2198198
2198975
2199017
2199244
2199672
2199920
2200264
2202064
2202386
2202690
2203226
2203321
2204118
2204506
2204568
2204811
2205800
2206433
2206934
2207124
2207222
2207410
2208007
2208842
2209010
2209034
2210753
2212235
2212323
2213133
2213367
2213472
2214268
2215583
2216271
2216468
2216697
2222347
2222393
2222413
2222485
2222773
2223315
2223467
2224494
2226631
2227263
2227304
2227508
2228148
2228541
2229297
2229765
2230234
2230454
2230487
2230845
2231597
2232220
2232365
2234818
2235400
2236728
2236921
2238897
2238995
2239704
2239707
2240271
2242046
2242203
2242425
2242442
2242885
2244606
2245175
2245886
2246317
2247557
2248632
2248748
2248865
2249051
2249324
2250106
2250639
2250880
2251716
2251934
2253642
2253675
2255932
2256071
2256418
2257618
2257935
2257990
2258425
2259465
2260259
2260484
2261179
2261911
2262387
2262718
2264190
2264407
2266428
2267708
2268201
2268881
2269617
2270308
2271064
2271274
2273134
2275033
2275315
2275972
2276694
2276722
2276920
2277251
2278324
2279311
2280176
2280333
2280460
2281093
2281891
2283280
2283601
2284335
2285003
2285116
2285566
2285631
2285666
2285898
2286299
2287412
2287727
2288166
2289412
2289572
2290247
2291770
2291884
2292090
2292208
2294063
2294344
2294734
2294942
2296019
2296303
2296819
2297042
2297289
2297390
2299131
2299404
2300316
2300431
2300798
2300908
2301851
2301993
2302935
2303730
2304023
2304500
2305316
2305988
2306902
2307161
2307685
2307716
2307723
2310680
2311323
2311594
2311993
2312322
2313414
2313438
2313501
2314406
2314687
2314939
2315147
2315461
2316744
2317014
2317317
2318255
2318801
2319731
2319828
2320061
2320125
2321232
2321957
2324606
2324989
2327620
2327676
2328836
2329388
2330165
2330598
2331574
2332728
2332927
2333537
2333781
2334258
2337104
2337766
2338339
2339554
2339919
2340925
2341052
2342166
2342971
2343160
2344434
2344941
2347421
2349435
2349673
2349877
2350281
2350582
2350583
2350639
2351049
2351239
2351844
2352611
2353001
2353387
2353871
2355412
2355507
2356747
2357077
2359505
2359622
2359695
2360022
2360514
2361042
2361392
2362204
2362658
2362764
2362844
2363325
2364062
2365103
2365213
2366134
2366140
2366296
2366505
2366806
2367758
2367892
2367970
2369404
2370022
2370307
2372459
2372709
2373877
2374075
2374476
2374695
2375055
2375380
2375495
2375596
2375737
2377571
2377887
2379016
2379446
2379798
2380252
2380453
2380999
2381358
2381660
2383894
2383995
2384663
2386204
2387894
2388026
2388506
2388590
2389677
2390436
2393120
2394202
2395375
2395600
2396334
2396922
2398050
2398625
2398804
2398859
2399084
2400085
2400274
2400475
2400480
2401628
2402322
2403395
2404410
2404557
2404988
2406147
2406235
2406824
2406974
2407887
2408017
2408310
2408445
2408862
2409239
2410193
2410321
2410501
2410785
2411273
2411645
2412107
2412300
2412465
2412622
2413254
2413393
2413430
2413507
2414794
2415060
2415474
2415566
2416532
2416601
2416988
2417655
2418303
2418432
2419317
2419459
2420091
2421036
2421091
2421392
2421647
2421845
2422421
2422664
2422756
2422827
2422894
2423724
2423953
2424237
2425542
2425774
2426459
2426948
2427944
2428006
2428141
2428348
2428555
2429238
2429475
2430185
2431871
2432874
2433091
2433836
2434508
2434996
2435393
2435877
2436148
2436541
2438006
2438049
2438294
2438739
2441068
2441113
2441640
2442129
2443462
2444060
2444141
2445343
2445429
2445606
2445837
2446274
2447458
2447482
2448399
2449164
2450428
2452227
2454445
2454936
2457087
2457572
2460094
2460158
2461004
2461606
2462240
2463292
2463773
2464464
2464685
2465401
2465660
2465751
2465905
2466781
2466828
2467103
2467304
2467391
2467461
2467474
2469197
2469768
2470827
2473234
2473993
2474391
2474453
2474654
2475085
2476447
2476679
2477886
2478989
2479928
2480926
2481790
2482872
2483630
2484159
2484314
2484740
2486484
2486981
2487430
2487708
2487993
2488917
2489282
2491122
2491994
2492286
2492784
2492953
2493251
2493653
2493794
2495043
2495237
2496476
2497347
2498393
2498858
2499141
2499216
2499853
2500378
2502025
2502195
2502571
2502652
2502800
2502845
2503358
2503450
2503516
2503730
2504490
2506396
2506448
2506859
2507379
2507888
2508186
2509383
2510224
2510754
2511022
2511515
2511777
2512498
2512883
2514468
2514992
2517068
2517983
2519295
2520109
2520556
2521317
2521565
2521877
2522029
2522432
2522813
2523401
2524584
2524921
2525427
2525550
2525611
2525821
2526644
2526742
2526801
2526983
2528527
2529025
2529205
2529495
2529803
2530125
2530196
2531544
2531576
2531936
2533346
2533361
2533516
2533616
2533877
2534201
2534326
2534734
2536629
2536694
2537096
2537112
2537460
2537701
2537770
2538281
2538786
2538992
2539690
2540364
2540648
2540719
2541052
2541232
2541308
2541418
2541921
2542678
2543928
2544418
2544943
2545094
2546347
2547757
2547847
2547924
2548157
2550466
2550609
2551255
2551334
2552658
2553711
2553926
2555766
2556551
2556805
2557183
2557770
2561148
2561450
2561514
2561669
2561682
2562745
2562898
2563575
2563820
2564480
2564759
2565169
2566218
2566719
2568240
2569931
2571033
2571198
2572191
2572275
2572375
2572533
2572544
2574815
2575065
2575312
2575486
2575576
2576504
2576545
2576882
2577065
2577342
2577993
2578967
2580890
2581247
2582575
2582785
2583412
2583443
2583517
2583977
2585235
2585521
2586030
2586795
2587607
2588446
2589436
2589719
2590367
2590370
2591025
2591199
2591422
2592330
2592433
2592597
2593104
2593624
2594587
2596788
2597271
2598647
2598839
2598909
2600495
2601336
2601450
2603793
2604747
2604750
2605294
2605473
2607135
2607528
2607939
2608149
2608323
2608487
2608844
2609143
2609640
2610666
2610712
2611875
2612419
2612730
2612822
2613354
2614374
2614662
2615049
2615229
2615809
2616858
2617296
2617702
2618079
2618655
2619405
2621135
2622299
2622395
2623677
2623868
2623917
2624007
2624368
2624459
2624672
2624852
2624917
2626279
2627314
2628234
2628454
2628570
2628663
2629499
2630001
2630368
2630822
2631331
2632799
2634967
2635302
2635401
2635795
2635989
2636519
2637669
2637749
2638155
2638776
2638811
2638890
2639131
2639356
2639941
2640479
2640701
2640993
2641306
2641697
2643286
2643520
2643896
2644150
2644540
2644570
2646869
2647264
2647404
2647489
2647544
2647894
2648275
2648501
2649498
2649761
2650298
2650851
2652135
2653064
2653717
2654488
2654608
2655398
2656931
2657229
2657316
2657607
2658230
2658901
2659979
2661376
2661678
2662491
2663280
2663668
2663923
2664084
2665710
2667356
2667985
2668139
2668192
2668294
2669584
2670005
2670222
2670807
2671097
2671595
2671907
2673119
2673553
2674273
2674411
2675655
2676462
2676807
2677112
2677969
2678351
2679914
2680546
2680709
2680798
2680886
2681058
2682471
2682930
2683570
2683830
2683853
2684034
2685085
2687114
2687548
2688131
2688218
2688564
2688678
2688962
2689078
2689863
2690353
2690797
2690937
2691214
2691693
2691964
2692002
2692294
2692760
2693463
2693839
2694216
2694297
2694434
2695439
2695733
2696145
2697532
2697951
2698385
2699014
2699130
2699880
2701209
2701349
2701410
2702181
2702848
2703849
2704256
2706646
2707023
2707878
2708290
2708647
2709079
2709166
2709987
2710236
2710455
2710789
2711249
2712974
2713509
2713636
2713873
2715277
2715924
2716496
2716819
2718214
2718460
2719018
2719196
2719212
2720250
2720519
2720564
2720755
2720914
2722085
2722134
2722324
2722431
2722436
2722811
2723435
2723835
2724660
2726218
2727045
2727296
2727382
2728409
2729058
2729126
2730293
2730496
2730595
2730744
2732423
2733018
2733178
2733222
2733513
2733609
2734683
2737644
2737765
2737937
2739063
2739379
2740098
2740615
2741885
2742670
2742846
2743548
2743919
2745282
2745601
2745868
2746208
2747046
2747887
2747907
2748355
2749693
2750193
2750863
2751869
2752505
2752559
2753437
2753486
2754266
2754442
2755082
2755138
2755590
2755774
2756544
2757940
2758184
2758966
2761265
2761418
2761721
2763119
2763470
2763608
2763791
2765398
2767119
2767926
2769898
2769935
2770998
2771809
2772028
2772095
2772580
2772996
2773220
2773508
2773728
2774502
2774997
2777628
2778149
2778854
2779633
2780180
2780841
2780992
2781655
2781936
2782095
2782446
2782502
2782517
2783400
2784153
2784322
2784764
2784805
2784918
2785809
2786287
2786883
2787592
2788050
2788468
2789430
2790198
2790254
2790400
2790486
2791231
2792740
2792827
2793783
2795314
2796843
2796893
2797198
2801093
2802114
2802233
2802869
2803745
2805013
2805740
2806621
2806709
2808420
2808515
2810534
2812847
2813379
2815096
2816023
2816216
2816631
2817075
2817949
2818022
2818410
2818596
2819155
2819384
2820356
2820905
2822370
2823936
2824290
2824329
2825278
2825382
2825467
2825656
2826017
2828553
2828904
2829485
2829538
2829600
2829846
2830410
2830430
2831218
2832550
2832872
2834471
2834603
2835672
2836803
2837660
2837885
2838429
2839205
2839367
2839779
2840365
2840610
2840666
2841665
2842093
2842098
2842554
2844316
2845515
2845573
2846416
2847264
2847363
2847884
2847964
2848357
2849352
2850029
2850710
2851335
2853474
2853698
2854012
2854329
2856237
2856263
2856507
2856515
2856548
2856714
2857284
2858335
2858813
2858846
2859419
2859450
2859462
2859733
2861863
2862273
2862481
2863029
2864039
2864702
2865079
2865300
2866011
2866131
2866636
2866743
2867169
2867175
2867361
2869033
2869053
2869258
2869690
2869758
2870146
2870579
2870632
2870986
2871633
2872931
2872934
2873606
2873816
2873886
2874519
2874893
2876199
2876967
2878071
2878402
2878518
2878640
2879659
2880381
2880533
2882603
2882665
2882668
2882844
2883237
2883782
2883983
2883989
2884207
2884499
2884815
2885222
2885849
2886209
2887134
2889538
2889743
2890325
2890679
2890687
2891879
2892587
2892870
2892875
2893629
2894152
2894798
2894897
2894913
2894955
2895018
2895391
2895477
2895509
2896693
2897050
2898682
2898850
2899057
2899269
2900121
2900526
2900877
2901441
2901666
2902441
2902849
2903395
2903612
2903816
2903894
2904838
2905134
2905372
2905900
2906535
2906866
2907146
2907173
2907915
2908547
2910062
2910864
2911257
2911766
2911797
2912594
2913840
2913846
2914708
2914722
2915001
2915722
2915873
2916062
2916429
2916502
2916882
2916915
2916973
2917043
2919334
2919638
2921218
2922093
2922440
2924053
2924265
2924296
2924343
2924457
2924699
2924740
2924969
2925303
2926243
2926369
2927250
2927374
2928580
2928671
2928886
2930413
2931340
2931363
2931911
2931963
2931968
2932717
2933337
2934009
2934426
2934718
2934763
2934798
2934873
2936103
2936690
2936878
2937194
2937577
2938193
2939319
2939525
2940225
2942802
2942933
2943127
2944345
2944494
2944999
2945236
2945271
2945957
2946089
2946132
2946358
2947039
2947320
2948951
2949115
2949275
2950556
2950746
2952051
2952133
2952185
2952508
2952699
2954149
2954951
2955047
2955803
2955920
2956238
2956492
2956913
2956916
2957004
2957387
2957400
2957501
2958199
2959102
2959698
2959830
2960448
2960512
2960557
2961451
2961480
2961588
2963187
2963423
2964271
2964288
2964988
2965325
2966586
2969570
2969934
2970160
2970415
2970538
2971123
2971212
2972030
2972127
2972488
2972989
2974610
2975096
2975652
2976304
2977083
2977856
2978987
2983802
2984502
2984827
2985405
2986450
2986497
2987339
2987404
2987660
2988305
2988331
2989432
2989864
2990947
2990950
2991038
2991504
2992035
2992253
2992546
2992650
2992763
2992899
2994292
2994954
2995502
2995596
2995622
2996795
2997631
2998018
2999201
3000030
3000231
3000428
3001533
3001867
3001966
3003128
3003300
3003333
3004360
3005680
3007585
3007700
3008426
3008628
3009312
3009786
3009930
3010838
3010902
3011901
3012729
3012967
3013466
3013891
3014145
3014233
3014385
3014708
3014916
3015019
3015672
3015673
3016543
3017143
3017703
3017854
3018005
3018086
3018882
3018913
3019029
3019723
3020025
3020533
3021343
3021348
3021527
3021856
3023444
3023696
3023703
3024192
3024371
3024821
3025287
3025970
3026081
3026246
3026986
3027171
3027582
3028278
3028567
3029101
3029949
3030034
3030815
3031274
3031369
3031399
3031682
3032423
3032765
3033517
3033811
3033930
3034385
3035531
3036022
3036872
3036986
3037439
3038834
3039402
3039507
3039970
3039997
3040579
3041047
3041059
3041286
3041583
3041632
3042057
3042086
3042727
3043245
3043297
3043628
3046386
3046803
3046869
3047824
3047970
3048526
3048995
3049355
3049382
3049938
3050265
3051104
3051388
3052306
3052472
3052801
3053122
3053357
3053800
3053880
3054050
3055220
3055246
3055460
3055469
3055474
3055664
3055713
3055860
3056105
3056222
3056878
3056910
3057099
3057243
3058452
3059007
3059216
3059398
3060106
3060669
3061888
3062445
3062585
3063048
3063902
3064138
3064860
3064998
3065381
3066091
3066955
3069210
3070087
3070388
3071888
3072991
3073035
3074456
3074649
3075370
3075376
3076701
3077443
3077639
3077818
3077979
3078061
3078080
3078458
3078485
3078662
3081308
3081786
3082373
3083052
3083170
3084131
3085087
3085913
3085926
3087812
3088663
3089422
3090467
3090593
3093356
3093403
3094275
3095001
3096210
3096987
3098159
3098277
3098743
3099239
3099270
3099329
3100050
3100510
3101054
3101214
3101938
3102460
3103683
3103802
3103971
3104816
3105548
3105984
3106184
3107102
3107513
3108177
3110465
3111906
3112463
3113002
3113647
3114208
3114279
3114767
3115853
3116574
3116782
3117677
3117900
3117944
3118972
3119771
3119998
3120508
3121555
3123237
3123640
3123655
3125218
3125927
3126197
3126221
3126364
3126412
3126710
3126913
3127213
3127844
3128065
3128278
3128354
3128711
3128743
3128832
3131029
3131708
3132271
3132454
3132722
3132951
3133703
3134608
3134788
3135038
3135499
3135827
3136336
3137190
3138808
3140084
3140140
3140984
3141895
3142402
3142683
3142873
3143431
3143531
3143759
3144561
3144669
3145221
3145813
3146489
3147213
3147702
3148326
3148501
3149354
3149419
3150024
3150865
3150906
3152250
3152387
3152893
3154047
3154108
3154451
3155280
3156034
3156774
3157503
3157846
3159826
3159891
3160618
3161150
3163556
3164119
3164228
3165459
3165831
3167697
3167795
3169051
3169345
3170604
3172911
3174471
3174717
3174804
3174869
3174896
3175353
3175363
3176054
3176176
3176628
3177766
3178343
3179226
3179350
3179539
3179611
3180829
3182340
3182729
3182877
3183427
3184072
3185000
3187417
3187736
3188218
3188429
3189366
3190691
3191586
3193042
3193491
3194104
3194253
3195111
3195968
3196123
3196135
3196447
3196925
3197190
3197248
3198070
3198152
3199543
3199724
3200432
3200480
3201954
3203201
3205100
3205334
3206105
3206249
3206583
3206864
3206924
3206988
3207804
3208959
3209027
3211166
3211443
3213356
3213957
3214223
3214432
3215519
3217196
3217352
3218423
3218512
3221503
3222002
3224726
3225104
3225744
3226618
3227566
3229791
3229839
3230597
3230681
3230921
3231457
3231501
3232288
3232712
3233346
3233580
3235833
3237237
3237300
3237843
3239119
3239505
3240048
3240570
3242108
3243646
3244168
3244495
3244926
3245674
3245826
3246648
3247693
3249657
3250421
3251416
3253369
3253596
3253640
3253667
3253696
3253960
3254002
3254238
3254304
3254777
3255141
3256661
3257074
3257356
3257487
3259543
3259901
3259915
3261693
3262509
3262730
3262863
3262937
3263062
3263249
3264838
3265543
3265673
3266391
3267583
3269511
3269809
3270000
3272011
3272610
3272913
3273670
3274995
3276559
3277982
3278125
3279413
3279449
3280166
3280491
3280603
3281506
3281588
3281818
3281908
3282876
3282972
3284371
3284625
3284945
3285500
3286467
3287074
3287148
3287258
3287423
3288112
3288325
3288415
3288871
3289041
3289528
3289720
3289845
3290523
3290612
3290661
3290703
3291659
3292411
3294167
3294741
3295655
3297048
3297176
3297839
3297905
3299199
3299373
3299699
3300261
3300552
3300576
3301547
3302054
3302059
3302069
3302252
3302384
3303116
3303437
3303537
3304051
3304826
3305394
3305602
3305980
3306726
3306846
3306947
3308008
3308896
3309725
3310038
3310431
3310816
3311074
3312412
3312872
3314286
3314770
3315077
3315184
3315472
3318650
3318950
3319812
3319841
3320530
3320604
3321063
3321216
3321273
3322133
3322667
3323252
3323367
3324123
3324546
3325220
3325563
3326193
3327236
3328517
3328654
3329914
3330115
3330384
3330611
3330653
3330681
3332313
3332383
3332496
3334251
3334342
3335760
3335996
3336696
3337188
3338586
3338587
3339469
3339704
3341655
3342170
3342674
3342854
3344380
3344938
3345282
3347644
3347951
3349469
3350236
3350627
3352300
3352573
3352835
3353764
3354477
3355430
3355747
3357414
3358876
3359153
3359872
3359959
3360782
3361196
3361270
3362521
3365383
3366317
3366650
3366659
3367027
3367255
3367424
3368772
3369184
3369302
3369465
3369496
3371263
3371438
3371993
3372526
3372972
3373086
3373486
3374154
3374724
3375070
3376501
3376673
3376809
3378378
3378479
3378553
3379024
3379509
3379895
3382046
3383992
3386385
3386414
3387403
3388786
3388961
3391371
3391928
3392675
3393556
3394764
3395696
3396158
3398499
3398851
3398978
3399283
3399402
3399599
3399701
3399880
3399912
3399955
3400780
3401141
3401822
3402836
3403120
3403199
3403496
3405028
3405372
3406105
3408423
3409095
3409286
3409985
3410139
3411418
3411920
3412619
3412809
3413107
3413504
3413736
3414730
3414974
3415155
3416195
3416439
3417773
3418025
3418438
3418601
3418770
3418973
3419138
3419610
3419641
3421073
3421523
3421546
3422489
3422743
3423081
3423146
3423771
3424818
3426163
3426241
3426901
3427280
3427339
3427360
3427855
3428915
3429318
3429793
3430191
3430453
3430855
3431504
3432540
3433480
3433568
3434530
3436659
3437581
3438670
3438701
3439027
3439986
3440680
3441240
3441360
3441981
3442285
3442922
3443213
3443267
3443408
3443571
3444443
3444496
3444577
3445496
3445721
3445804
3446017
3448329
3448356
3448809
3450261
3450848
3451077
3451732
3451971
3452461
3453406
3453817
3453940
3454724
3454966
3455502
3456485
3456517
3460241
3460748
3460948
3461903
3461965
3462255
3463421
3464453
3464572
3465790
3465802
3466279
3466515
3467513
3469719
3469868
3474184
3474368
3475856
3475912
3476826
3476830
3477222
3479072
3480509
3480802
3481248
3481382
3482025
3482057
3482280
3484009
3484982
3485068
3485343
3486131
3486204
3486643
3486647
3487675
3488011
3488347
3488387
3489055
3490707
3490738
3490863
3491028
3491047
3491063
3491318
3491538
3491841
3492050
3493241
3494257
3494430
3494478
3494563
3495922
3497421
3497723
3499945
3500570
3500822
3502191
3502613
3502643
3503388
3503982
3504451
3504484
3504502
3505027
3505103
3505557
3505567
3505949
3506850
3506961
3507592
3508110
3508997
3509546
3510693
3511229
3511310
3511647
3512410
3512701
3512800
3514974
3515432
3515485
3516827
3516845
3518340
3518422
3519387
3519893
3521205
3521912
3522019
3523010
3524207
3524870
3525297
3525318
3525640
3526550
3526710
3528296
3528939
3529414
3529649
3529914
3530063
3530183
3530506
3531442
3532151
3532509
3532746
3533270
3533644
3533789
3533816
3534849
3535021
3535056
3536182
3536920
3537330
3538146
3539666
3540144
3540507
3540749
3541379
3541420
3541669
3542125
3542857
3543111
3543315
3543636
3544208
3544212
3544556
3544598
3544753
3544928
3545567
3546442
3547052
3547263
3547882
3548802
3549497
3550105
3551137
3551440
3552876
3553575
3553608
3553709
3554839
3555097
3555127
3555913
3556231
3557047
3557503
3558629
3558829
3559171
3561403
3561514
3561917
3562326
3562985
3563796
3564002
3564043
3564983
3565074
3567413
3568154
3568375
3569457
3569926
3570415
3571105
3571140
3571302
3571379
3572240
3572381
3572398
3572410
3572412
3572999
3573165
3573588
3573787
3575120
3575325
3575598
3576182
3576328
3576443
3576828
3577360
3577385
3577679
3577754
3578080
3578148
3578650
3579198
3579569
3579604
3580287
3580731
3580833
3580897
3581085
3581440
3581458
3582502
3583749
3584202
3584220
3584782
3585958
3586189
3586738
3588773
3588788
3589289
3590753
3591169
3591685
3592378
3592813
3593132
3593219
3593473
3594231
3594870
3596309
3597190
3597910
3599676
3601326
3601996
3602554
3604140
3604522
3605028
3605373
3605842
3608221
3608487
3608710
3609663
3610803
3611214
3611581
3612907
3614680
3616724
3617334
3617590
3617965
3618418
3618728
3618970
3619580
3620262
3620556
3620804
3620869
3621334
3621588
3622311
3622465
3622763
3624800
3624921
3625474
3625666
3627003
3627495
3627676
3627679
3628409
3629933
3630263
3630986
3631706
3631831
3632510
3632653
3633302
3633835
3634555
3636074
3636303
3636850
3636960
3637553
3637563
3638267
3638679
3639370
3639400
3639473
3640885
3641013
3641086
3641526
3642378
3642850
3643593
3643662
3644512
3644527
3644649
3646389
3646717
3647606
3649227
3650905
3651118
3651536
3651803
3651983
3652374
3652866
3653665
3653684
3653687
3653754
3654069
3654323
3654552
3654625
3654674
3654834
3654858
3655193
3655398
3655629
3655780
3656306
3657716
3657925
3658034
3658662
3658677
3660030
3660535
3661502
3661888
3662775
3663285
3664373
3664417
3664625
3665619
3665754
3666218
3666900
3669055
3669111
3670783
3671169
3671447
3671565
3671727
3671792
3672368
3672700
3673489
3673582
3673801
3674370
3675246
3675858
3675909
3677054
3677930
3679347
3679452
3679829
3679965
3680301
3681162
3682529
3682636
3682907
3682997
3683949
3684074
3684441
3684546
3684785
3685058
3685481
3686631
3686714
3687497
3687970
3688332
3688449
3689841
3691122
3691434
3691752
3691847
3692584
3693388
3695165
3695322
3695816
3696068
3696083
3696653
3696981
3697303
3698144
3698620
3698691
3699521
3699793
3699797
3700290
3700334
3700553
3701037
3701184
3701819
3702304
3703417
3704660
3704835
3705287
3705322
3705794
3706360
3706571
3706653
3708792
3709207
3709574
3710010
3710612
3710750
3711386
3712298
3713274
3713358
3714860
3718136
3718140
3718838
3719015
3719268
3719318
3720113
3722030
3722668
3724607
3724609
3724732
3725048
3725152
3726669
3726818
3727990
3728062
3728753
3729233
3729687
3731272
3733729
3734183
3736567
3737231
3738589
3738928
3739235
3740174
3740189
3740200
3740978
3741367
3741617
3742625
3745380
3745471
3745972
3746321
3747688
3747905
3748182
3748292
3748363
3748373
3748981
3750755
3750956
3752031
3752411
3752414
3752720
3753160
3753736
3754965
3755134
3758272
3758597
3758802
3759325
3759844
3759852
3760168
3761101
3761177
3761853
3762216
3762981
3763287
3764108
3764216
3765061
3766097
3766527
3766549
3766823
3767155
3767535
3767542
3767982
3770080
3771005
3771169
3771987
3772024
3772875
3773051
3773192
3773776
3773971
3774769
3775070
3775468
3775922
3776215
3777254
3777366
3777831
3777954
3778063
3779137
3780293
3780938
3781182
3782416
3782892
3782920
3783518
3783886
3784033
3784997
3785076
3786553
3788022
3788510
3788847
3788963
3788983
3789402
3789663
3789942
3790233
3790843
3791134
3791492
3791621
3792191
3792945
3793368
3793567
3794697
3795786
3795853
3796012
3796628
3797314
3797652
3800178
3801014
3801639
3801724
3803118
3803183
3803918
3803956
3804599
3806503
3807551
3809902
3809907
3810168
3810588
3810810
3811035
3812551
3812560
3814105
3814208
3814442
3815532
3815555
3815961
3816180
3816241
3816797
3817081
3817843
3818101
3818381
3819123
3819297
3819437
3819539
3819661
3819888
3820017
3821073
3821816
3822190
3822287
3822394
3822697
3822792
3822810
3825492
3826453
3826621
3827134
3827692
3828291
3828333
3829179
3829594
3829730
3831771
3832692
3832828
3833715
3833718
3834163
3834297
3834628
3835108
3835177
3835829
3836771
3837195
3837497
3837631
3838755
3840034
3840138
3840277
3840923
3841911
3841956
3842030
3842355
3842903
3843241
3843460
3843808
3844199
3844400
3844533
3844653
3845179
3845735
3846171
3846292
3846733
3847355
3847454
3847644
3847674
3848055
3848358
3850127
3850994
3851274
3851583
3851801
3852075
3854027
3854448
3854470
3855051
3855509
3855515
3855567
3857251
3857786
3857807
3858108
3858233
3858744
3859186
3859208
3860022
3861754
3861927
3862078
3862159
3862215
3862322
3862834
3863459
3863829
3864107
3864888
3864908
3865008
3866217
3866396
3867022
3868704
3868894
3871172
3871485
3871901
3872432
3872572
3873447
3873905
3874056
3874447
3875098
3875231
3875794
3876291
3877531
3879331
3879847
3880224
3880513
3880756
3880919
3880921
3881223
3881910
3882663
3883191
3883667
3884021
3884337
3884425
3885448
3886075
3886266
3886476
3886643
3887912
3888218
3888768
3888773
3889049
3889413
3889669
3889792
3889972
3890372
3890648
3890923
3891732
3891958
3892058
3892396
3892414
3892717
3893829
3895619
3897387
3899216
3899227
3899446
3900366
3900631
3900829
3901209
3901681
3902097
3902183
3903106
3904155
3905004
3907399
3907854
3907962
3909886
3910734
3912078
3912290
3913358
3914683
3915033
3915725
3916040
3918027
3918895
3919039
3919845
3920633
3920858
3921168
3921450
3922054
3924023
3924228
3925079
3925089
3925534
3925654
3925681
3927248
3927376
3927953
3928322
3928953
3930148
3930690
3930699
3931495
3931703
3932291
3933032
3934283
3934763
3936711
3937244
3937757
3938126
3938296
3938799
3939411
3940369
3940684
3940895
3941109
3942466
3942689
3942861
3943173
3943282
3943413
3943803
3944386
3946125
3946438
3946638
3946879
3947011
3947185
3948482
3948936
3949136
3949278
3949282
3949989
3952050
3952291
3952301
3952562
3952968
3953413
3954078
3954467
3954812
3954813
3955097
3955578
3955609
3955829
3956205
3956367
3956866
3957408
3957532
3957560
3957926
3958990
3959256
3960131
3960286
3960587
3960957
3961440
3962715
3962964
3963574
3963910
3964717
3968779
3969505
3970191
3971487
3971492
3971926
3972093
3973081
3974390
3975394
3975674
3975732
3976097
3976394
3976717
3976745
3977279
3977674
3978518
3978760
3979308
3979467
3980123
3980241
3980410
3980750
3981138
3984359
3985912
3986317
3987396
3988084
3989278
3989637
3991981
3992559
3992745
3993317
3993824
3996553
3996686
3997006
3997212
3997452
3998296
3998405
3998929
3999478
4000895
4001394
4001449
4001897
4002050
4002430
4002478
4002687
4003091
4003361
4003415
4005390
4005588
4006180
4006496
4006658
4007156
4007360
4008334
4009566
4010017
4010270
4010329
4011133
4012375
4014168
4014581
4014898
4016866
4016952
4017277
4017621
4018219
4018255
4018604
4018669
4019021
4020096
4020147
4020368
4021164
4021197
4022042
4022317
4022353
4022739
4022823
4023665
4023995
4024321
4024631
4025273
4025820
4026824
4027670
4028309
4028438
4028759
4029604
4029801
4030467
4031035
4031184
4031224
4031988
4032575
4033817
4034195
4035241
4036119
4036278
4037134
4037983
4038406
4039248
4040163
4041295
4041512
4041778
4042078
4043579
4043609
4044575
4044582
4045761
4046064
4046808
4047616
4049857
4050987
4051615
4053322
4054219
4054415
4054677
4054682
4055352
4055870
4056229
4056325
4056540
4056778
4057901
4058216
4060338
4060373
4060785
4062687
4062929
4062947
4063115
4065427
4065602
4066923
4067298
4067383
4068757
4068767
4069230
4069422
4069780
4070239
4070471
4070756
4071178
4071250
4071263
4071318
4071775
4073045
4074430
4074574
4074745
4074848
4075012
4075335
4075371
4075794
4076905
4077198
4077626
4077891
4078021
4078186
4078382
4078415
4078450
4078590
4079084
4079385
4079726
4079886
4081213
4081289
4082072
4082181
4082340
4082419
4082619
4083558
4084385
4086105
4086607
4087169
4087404
4088860
4088956
4089796
4089847
4090163
4090727
4091915
4091978
4092087
4092607
4092762
4092904
4093400
4093984
4094390
4094432
4094624
4095727
4096028
4098388
4099194
4099380
4099474
4099803
4099978
4099998
4101556
4102797
4104378
4104395
4105587
4105730
4105750
4107367
4107702
4107769
4107943
4108264
4108558
4108645
4108886
4109499
4110553
4110967
4111000
4111116
4111594
4113320
4113323
4113502
4113597
4113731
4114088
4114214
4115508
4115574
4115717
4115862
4115923
4117465
4118131
4118527
4119034
4121512
4121772
4122183
4123058
4124002
4125450
4125967
4126108
4126190
4126595
4126640
4127266
4127713
4128820
4128916
4129043
4129536
4129650
4130205
4130501
4131148
4131409
4132316
4132373
4134625
4135746
4135833
4136182
4136471
4137515
4137657
4139004
4139434
4140755
4141291
4141384
4142121
4142427
4142655
4143374
4143424
4143650
4143863
4144405
4144468
4145076
4146089
4146650
4147566
4147572
4148505
4148523
4148707
4149161
4150396
4150955
4151472
4152291
4153360
4153720
4153813
4153839
4153938
4154993
4155497
4156122
4156963
4157012
4157199
4157900
4158436
4158912
4159688
4159979
4160529
4160705
4160964
4161092
4161143
4161312
4162118
4162127
4162835
4163101
4163715
4163805
4163868
4165234
4165318
4165500
4166111
4167922
4169336
4169438
4170319
4170409
4170672
4171764
4171963
4172860
4173152
4173280
4173532
4174153
4174679
4175085
4175952
4176299
4176746
4177544
4177865
4178060
4178177
4179318
4179709
4180007
4180635
4181144
4182134
4182425
4183555
4183630
4183925
4184182
4184314
4184819
4185019
4185542
4185559
4186655
4187278
4188277
4188363
4190559
4190685
4191069
4193109
4194526
4194893
4194984
4196103
4196528
4197127
4197274
4197590
4198642
4198675
4199009
4199235
4199271
4199454
4199721
4202589
4202662
4202803
4203441
4203777
4203805
4204098
4204303
4204579
4204937
4206173
4207305
4207558
4209236
4209784
4210113
4210626
4212589
4212720
4213586
4213968
4214145
4214165
4214391
4214778
4215108
4215406
4215990
4216092
4216134
4216314
4216400
4216453
4217900
4218445
4218522
4218563
4218859
4220199
4220502
4221063
4221746
4222892
4224234
4224395
4224754
4225246
4225288
4226045
4226335
4226729
4227067
4227160
4229343
4229377
4230316
4230811
4231888
4232256
4233343
4234014
4234536
4234874
4235116
4235946
4235964
4236082
4236307
4239355
4239753
4240886
4241500
4241789
4241832
4241863
4241984
4242570
4243430
4244051
4244526
4245377
4245419
4246218
4246798
4247066
4247768
4247772
4248354
4248983
4249086
4249108
4249293
4249451
4249461
4250040
4250530
4251641
4252303
4253039
4253264
4253563
4253986
4254279
4256448
4256813
4257307
4258209
4258755
4258939
4258984
4259180
4259580
4259589
4259736
4260077
4260988
4261508
4262127
4262149
4262284
4262840
4264061
4264241
4264565
4264946
4265101
4265256
4265372
4265455
4265572
4265602
4265634
4266357
4266364
4267699
4267848
4268214
4268522
4268707
4269546
4270131
4270227
4270765
4270845
4270923
4273302
4273319
4273600
4274582
4277662
4277681
4278655
4279164
4279401
4280132
4280677
4281320
4282574
4283286
4283519
4284199
4285112
4285817
4285923
4285960
4286394
4288427
4289332
4289366
4290078
4290392
4290941
4291302
4292298
4292700
4293149
4293377
4293915
4294359
4294648
4296492
4296897
4298951
4299885
4300855
4301225
4301769
4301812
4301861
4301887
4301945
4302102
4302936
4303127
4303305
4304271
4304645
4306031
4306312
4309265
4310619
4310729
4310734
4311476
4312187
4312537
4312881
4312964
4313914
4315086
4317291
4318073
4318113
4318653
4318772
4319389
4319490
4319519
4319975
4321753
4322334
4322908
4323169
4323933
4324572
4325063
4326159
4326358
4328117
4328521
4328832
4329311
4330027
4330646
4331250
4332929
4333842
4334404
4335714
4336859
4337890
4338729
4338766
4340740
4341581
4341847
4342469
4342537
4342844
4343360
4344008
4344166
4344275
4344476
4344765
4345166
4345973
4347436
4347634
4348810
4349330
4349749
4349840
4349966
4350595
4350695
4350698
4351024
4351428
4352054
4352411
4352490
4352616
4354229
4354827
4355230
4355701
4356019
4356546
4356747
4356827
4358536
4360270
4360298
4360729
4362402
4362812
4362872
4362881
4363608
4363909
4364784
4365395
4365973
4366199
4366613
4367126
4367837
4368161
4368222
4369364
4369688
4372517
4372773
4373154
4374193
4374363
4374634
4375406
4376028
4376179
4376977
4377165
4377868
4378285
4378799
4379652
4379733
4380879
4380993
4381480
4381630
4381935
4382034
4382191
4382353
4383259
4383695
4385030
4385040
4387686
4389022
4391215
4391273
4391516
4391569
4392175
4392786
4392793
4394493
4395750
4396900
4397024
4397291
4398766
4398921
4399139
4400336
4400633
4401409
4401730
4402426
4402963
4405178
4405573
4405600
4405832
4405836
4405952
4406239
4407337
4408366
4408662
4409332
4410291
4410569
4410745
4412357
4413304
4413763
4413923
4415048
4415253
4415838
4416893
4416936
4417410
4417896
4418079
4418677
4419933
4420749
4420786
4421160
4421240
4422507
4423066
4424304
4425030
4425278
4425523
4425737
4427738
4427932
4427999
4428309
4429120
4429438
4430189
4432076
4435268
4436182
4438474
4438773
4440328
4440512
4443210
4444563
4445732
4445868
4445881
4445885
4446221
4446979
4447374
4448755
4449007
4449798
4450465
4450912
4452558
4452564
4453470
4453583
4453617
4453634
4454296
4454370
4454648
4454917
4455042
4457430
4457844
4458126
4458993
4459298
4459728
4460116
4460869
4461165
4461687
4462703
4462750
4463534
4463627
4463818
4465068
4466169
4466381
4467368
4467433
4467855
4469007
4469921
4470139
4470202
4470612
4472650
4473033
4473518
4473676
4474591
4476034
4476563
4477796
4479000
4479051
4479311
4479615
4480710
4481684
4482782
4482985
4484087
4484240
4485535
4485751
4485948
4486361
4488315
4488661
4490064
4490385
4490837
4491469
4492006
4492948
4493085
4493877
4494684
4495413
4495600
4495918
4497177
4497726
4498533
4501046
4501136
4501384
4502906
4503547
4504473
4504757
4504935
4505432
4505901
4506057
4506701
4506770
4507146
4508256
4509194
4509856
4511605
4513684
4516079
4516668
4517264
4519802
4521035
4521129
4522895
4523015
4523045
4523730
4524637
4524888
4525344
4525569
4526231
4526234
4526880
4528566
4529198
4529366
4530474
4531106
4531426
4533114
4534720
4535921
4535947
4537797
4538015
4538215
4538390
4539870
4539930
4541263
4541554
4542138
4542238
4542255
4543344
4543738
4544386
4544618
4545269
4545682
4546323
4547879
4548018
4548490
4549914
4550237
4551023
4551739
4553024
4554121
4555485
4558787
4559226
4559866
4559875
4560468
4562359
4562538
4562742
4562881
4562984
4563366
4563503
4563647
4563980
4565477
4565508
4567807
4569956
4570840
4570858
4571265
4572234
4572504
4574413
4574787
4575143
4575519
4575645
4576337
4576568
4577525
4577806
4577851
4577962
4578283
4578617
4580354
4580671
4581137
4581333
4581441
4581813
4581877
4582024
4583299
4583464
4584035
4584182
4584285
4584308
4584638
4586685
4587977
4589361
4589933
4589949
4589980
4590005
4590006
4591244
4592605
4592691
4595211
4595539
4595973
4596318
4599501
4600564
4601381
4602073
4602108
4602135
4602180
4602751
4603981
4605477
4605979
4606143
4607052
4608211
4608551
4608641
4609724
4610062
4610506
4610833
4610925
4611170
4611597
4612704
4614095
4614707
4615730
4616043
4617267
4617369
4617573
4617779
4617960
4619117
4619232
4620623
4621121
4621488
4621833
4622526
4623127
4623567
4625263
4626523
4626619
4626967
4627594
4627747
4628599
4628611
4628950
4629455
4629691
4630114
4630749
4631897
4633010
4633649
4634264
4634346
4635585
4636243
4636851
4638331
4639371
4640004
4640249
4641353
4641604
4641839
4642342
4642708
4643188
4644062
4644401
4645597
4645721
4646058
4646102
4646447
4646719
4646763
4647031
4649163
4649905
4650476
4651113
4651123
4652075
4653149
4653344
4654219
4654731
4655111
4655813
4657046
4657303
4657528
4657565
4657917
4659035
4660204
4660692
4661325
4662181
4662569
4663290
4664669
4665229
4665765
4666547
4666563
4666770
4668143
4668745
4669196
4669278
4669437
4670300
4672023
4672903
4672971
4673192
4675951
4677865
4677911
4678365
4679131
4679400
4679649
4679819
4680471
4680600
4680938
4682919
4683541
4683572
4685057
4685753
4686064
4686125
4686689
4688035
4688153
4688207
4690369
4690380
4690872
4691798
4692749
4693005
4693127
4693272
4694533
4694631
4695063
4696142
4696150
4696863
4697519
4697656
4699572
4700629
4701631
4702734
4702938
4702966
4703218
4703324
4703938
4704121
4706123
4706569
4706807
4708970
4709709
4712114
4713188
4713657
4714099
4714364
4714621
4714646
4714804
4715014
4715257
4716810
4717424
4717492
4717797
4720833
4721395
4721794
4722825
4722855
4723228
4724153
4727019
4727357
4727620
4728194
4728417
4728819
4728866
4729498
4729638
4730753
4732050
4732339
4732386
4732898
4733975
4734912
4734977
4735828
4736001
4736179
4736780
4736943
4737081
4737087
4737639
4737996
4738025
4738550
4739815
4740211
4741566
4742310
4742524
4742838
4743351
4745689
4745963
4746219
4746229
4746329
4747947
4749362
4749855
4750992
4751555
4752861
4753003
4753090
4753447
4754400
4756161
4757765
4757910
4757980
4758806
4758869
4758947
4759527
4760241
4760572
4761217
4761365
4761559
4762282
4762500
4762942
4764158
4765266
4765276
4765718
4767004
4767378
4767652
4768525
4768546
4769602
4770258
4770464
4770613
4772118
4772659
4773438
4774299
4775041
4776341
4777456
4777486
4778538
4779268
4779821
4780272
4782607
4783197
4784527
4785188
4785312
4785944
4786202
4786666
4786763
4787425
4788550
4788597
4789615
4789963
4791011
4791786
4792327
4792343
4794487
4794958
4797151
4797517
4798355
4798419
4798443
4798479
4799504
4799660
4799737
4799906
4800056
4801982
4802367
4802937
4802940
4803078
4803420
4805222
4805618
4805970
4806349
4806617
4808517
4809624
4810444
4811946
4812075
4812116
4813677
4814457
4815068
4815420
4815793
4816403
4817005
4818281
4820012
4821013
4821986
4823033
4823100
4823964
4825083
4825619
4826821
4827652
4827895
4828178
4828349
4828421
4829522
4831264
4832050
4832223
4833781
4833896
4834144
4834154
4835377
4835705
4835766
4837197
4837886
4839333
4839421
4840997
4842627
4842948
4844308
4844579
4844660
4844722
4844914
4845073
4845845
4846013
4846055
4846142
4846333
4846540
4847167
4847634
4848708
4848936
4849215
4850048
4851590
4851806
4851988
4853472
4854553
4854603
4855146
4856073
4856615
4856795
4857762
4858543
4858561
4859819
4860130
4860333
4860560
4860829
4861017
4861869
4862019
4862388
4862465
4862513
4862882
4863268
4863381
4863469
4863653
4864360
4864466
4864847
4864912
4865501
4865918
4866940
4868302
4868645
4870809
4871669
4871905
4872395
4873048
4874221
4875182
4876166
4878322
4878585
4878861
4879142
4879413
4879489
4879493
4880345
4880851
4882923
4883686
4884439
4884699
4887241
4888676
4889879
4891458
4893424
4893572
4893654
4894321
4895402
4895998
4896509
4896902
4897026
4897191
4898834
4899071
4899655
4900358
4900391
4900858
4902614
4903960
4904771
4904870
4905336
4905565
4905580
4906418
4906857
4906989
4907397
4908252
4909756
4910522
4910658
4910808
4911119
4911522
4911724
4911736
4911823
4912129
4912550
4912585
4912658
4913159
4914230
4914644
4916681
4917042
4918115
4918316
4919382
4920076
4920423
4922900
4923022
4924077
4924308
4924359
4925393
4926262
4928008
4928392
4928475
4928542
4928692
4929697
4929875
4930004
4930100
4930146
4930309
4930548
4931134
4931433
4931704
4931744
4932101
4932648
4933995
4935252
4935557
4935707
4935950
4936847
4936876
4937037
4937460
4938012
4938085
4938739
4939313
4940307
4940359
4940494
4943979
4944721
4944735
4945930
4946008
4946326
4947591
4948544
4949284
4949644
4950191
4951770
4951811
4952198
4954047
4956949
4958471
4959831
4960016
4960998
4961049
4961949
4962401
4962925
4963400
4963990
4964742
4965242
4965430
4965994
4967070
4967453
4971533
4972014
4972139
4972231
4973555
4973771
4973777
4974038
4974796
4977111
4977257
4977666
4977776
4980036
4981009
4981529
4984568
4985062
4986095
4986368
4986994
4987766
4988946
4990016
4990854
4991690
4993435
4993585
4994983
4996829
4996872
4997780
4998040
4998382
4998606
4999095
4999232
4999490
4999768
4999842
4999850
5000707
5000772
5002424
5002950
5004104
5004363
5004687
5006625
5006670
5006942
5008824
5009472
5009608
5010053
5010472
5010615
5011130
5011600
5011805
5012442
5012909
5013699
5013760
5014944
5015393
5016065
5016394
5016810
5017018
5017109
5017381
5017541
5017636
5017764
5018763
5019395
5019609
5020550
5020615
5021528
5022699
5023628
5024680
5024814
5025941
5026220
5026474
5026527
5028931
5029478
5030579
5032013
5033212
5033749
5036085
5036368
5037781
5038288
5039896
5040358
5040464
5040746
5041157
5041203
5041803
5042315
5042342
5044467
5044575
5044943
5047752
5047836
5048725
5049311
5049719
5050923
5050930
5051712
5052353
5054632
5055428
5056253
5058032
5058402
5058947
5059026
5059074
5059324
5060338
5061575
5061603
5062278
5062877
5063145
5063863
5064167
5064196
5065307
5065631
5066279
5066299
5066761
5069136
5070046
5070980
5071241
5071921
5071926
5073597
5076056
5076213
5076581
5076932
5077781
5078102
5078169
5079285
5079976
5080653
5082017
5082056
5082690
5083413
5083445
5083653
5083759
5083846
5084001
5084460
5084648
5085038
5085584
5085653
5086152
5089502
5093532
5093711
5094782
5096867
5097547
5097824
5098306
5098832
5099285
5099408
5100317
5101549
5102537
5104568
5104876
5108378
5109446
5109753
5110561
5113627
5113876
5114966
5115179
5115454
5115560
5115962
5117330
5117430
5117437
5118600
5118907
5120636
5121172
5121456
5121510
5122386
5122783
5124403
5124585
5125135
5127662
5127907
5128435
5128550
5128619
5128645
5129003
5129515
5131675
5132231
5132525
5132605
5133496
5134313
5134341
5134570
5135870
5136736
5136766
5138342
5138960
5139022
5139169
5139565
5139634
5139795
5140146
5140400
5140775
5140851
5141862
5142097
5142535
5142685
5143233
5144253
5144818
5145388
5148938
5149387
5149593
5151275
5151820
5152227
5152407
5152832
5153543
5153571
5154313
5156711
5157171
5157854
5158441
5159230
5159436
5160229
5160958
5161173
5161723
5162499
5163087
5164055
5164483
5164797
5166365
5167339
5167378
5168438
5169102
5169834
5170159
5170172
5170562
5172094
5172678
5173630
5173871
5174249
5175234
5175974
5176238
5176501
5177423
5179626
5180256
5180493
5180957
5181434
5181998
5182806
5182980
5183676
5185543
5187230
5187716
5187858
5188240
5190266
5190378
5190457
5190475
5190496
5190633
5190781
5191037
5191460
5191466
5191506
5192436
5193315
5193659
5194470
5195855
5197431
5197702
5198992
5199616
5199664
5200230
5201093
5204097
5206081
5206179
5206669
5207194
5207484
5207993
5208865
5210192
5211083
5212025
5214737
5215732
5215778
5216222
5217650
5218217
5219298
5221417
5223572
5223586
5223757
5223793
5225149
5225233
5225447
5225564
5225593
5225750
5225900
5226965
5227951
5228161
5228552
5229110
5229193
5229715
5229941
5230319
5230755
5231143
5232540
5233595
5234667
5234822
5235730
5235974
5236202
5236460
5236610
5237079
5238655
5238858
5238973
5239218
5239714
5240754
5241458
5241557
5241695
5241710
5243938
5244270
5244521
5244711
5245047
5245376
5245580
5246965
5247044
5248043
5248484
5248724
5248854
5249324
5249430
5249611
5250159
5251535
5252601
5252932
5253382
5254477
5254849
5255118
5256015
5256075
5256304
5256814
5257218
5257371
5257934
5259290
5259439
5260380
5260650
5261555
5263434
5263717
5264334
5264983
5265448
5266839
5268180
5268408
5269010
5269661
5272587
5272677
5272762
5273104
5273608
5274280
5274672
5275671
5275765
5276437
5276654
5276927
5278319
5278824
5279039
5279192
5280144
5281484
5281660
5281698
5282037
5282400
5282926
5284767
5284836
5285849
5286781
5287337
5287587
5288564
5288691
5289770
5289911
5290108
5291254
5291268
5293945
5294025
5294388
5294406
5294518
5294852
5295108
5295192
5295650
5296072
5296454
5297133
5297178
5297245
5298592
5299357
5299713
5299874
5300601
5300660
5300675
5300698
5300731
5301755
5302174
5303032
5303976
5308100
5309537
5310828
5311197
5312582
5312593
5313460
5314310
5314477
5314903
5314956
5316282
5317062
5317578
5317786
5317891
5319965
5320597
5322419
5324223
5324754
5324936
5326170
5326570
5327990
5328233
5329426
5330030
5330961
5331819
5331875
5332022
5334294
5334459
5335005
5335314
5335879
5335897
5336481
5336493
5336844
5340760
5341696
5342050
5342087
5342548
5343928
5344247
5344373
5344804
5346457
5346797
5347152
5347575
5348171
5348539
5349207
5350283
5350432
5351883
5351894
5353795
5353976
5354084
5354111
5354549
5354893
5354947
5354981
5354996
5355109
5355220
5355605
5356548
5356962
5357129
5357317
5358255
5358597
5358806
5359312
5359325
5359483
5360603
5360928
5361228
5361281
5361345
5361563
5361645
5362491
5362589
5362899
5363707
5364624
5364625
5364968
5366275
5366775
5367782
5368284
5369379
5369631
5370503
5370823
5371650
5371863
5372706
5372972
5373697
5374527
5374636
5375589
5376113
5378837
5379576
5380926
5381397
5381748
5381851
5382995
5383923
5384277
5384493
5385691
5385744
5386489
5386787
5387229
5387639
5387647
5389443
5392655
5392776
5393033
5393545
5395355
5395523
5397163
5397188
5398016
5398354
5398516
5399638
5401129
5401214
5401323
5401340
5402060
5402244
5402892
5403683
5403696
5404895
5404908
5405649
5405907
5405974
5406035
5407246
5407457
5407995
5408014
5408479
5408578
5408830
5410669
5410845
5411234
5411946
5412143
5412283
5413252
5413431
5413610
5414954
5414980
5415155
5415295
5415716
5418879
5418922
5419010
5419585
5419613
5420004
5420398
5420494
5420867
5420868
5420889
5421666
5421675
5421719
5422271
5423270
5423852
5423985
5424129
5424646
5424717
5425310
5426327
5426454
5426814
5426867
5427288
5427300
5427826
5428332
5428574
5428668
5430067
5431535
5432489
5432496
5432507
5432791
5432859
5433576
5433963
5435024
5435095
5435664
5435693
5436708
5439145
5439274
5439466
5439616
5440562
5441714
5442052
5442638
5442942
5444781
5445156
5447205
5450198
5451957
5452059
5452386
5452640
5453077
5453300
5455169
5455173
5456217
5456599
5457063
5457235
5457288
5458508
5458604
5459120
5459258
5460269
5462621
5463063
5463606
5465803
5466092
5467104
5467380
5467859
5468294
5468690
5468695
5468967
5469521
5471173
5471531
5471550
5471782
5472938
5473005
5473392
5473416
5475125
5475726
5476210
5476501
5477446
5477594
5477711
5478002
5478121
5478231
5478315
5478322
5478326
5478381
5478859
5479384
5479636
5480913
5480982
5484777
5487300
5488140
5488670
5491022
5491420
5491618
5492317
5494417
5495692
5495925
5496956
5497109
5497551
5497735
5498113
5498846
5499176
5499272
5500968
5501527
5501548
5501569
5501866
5502036
5502492
5503706
5504510
5504994
5506757
5506931
5507540
5507669
5508199
5508512
5508822
5509537
5510057
5510725
5510734
5511376
5511570
5511677
5511877
5513202
5514507
5515120
5515666
5516072
5516727
5517746
5517795
5518040
5518070
5518433
5518883
5519727
5521202
5521329
5522195
5523898
5524161
5526370
5526457
5527107
5527441
5528265
5528935
5529209
5529211
5529347
5529494
5530018
5530109
5530156
5531094
5532251
5532273
5532799
5533293
5534706
5534790
5535165
5535217
5535310
5535312
5536621
5538527
5538567
5539257
5540225
5540678
5541189
5542691
5543340
5543835
5544126
5545491
5546039
5546439
5546579
5547508
5548493
5551078
5552160
5552309
5552549
5552730
5553272
5554569
5555529
5555925
5556422
5557516
5557579
5557622
5558224
5559384
5559508
5560891
5561212
5561472
5562021
5563551
5563760
5564703
5565592
5565683
5565971
5566233
5566429
5567090
5567183
5567647
5569311
5569650
5571032
5571881
5572243
5572524
5572594
5573215
5574389
5574481
5574612
5576061
5576497
5576810
5576885
5577039
5577611
5578169
5578256
5579145
5579268
5580256
5580820
5580991
5581453
5581589
5581962
5582584
5582586
5585021
5585673
5586095
5586677
5586896
5586920
5587018
5587483
5588064
5588612
5588973
5589522
5589761
5590957
5591406
5592893
5593083
5593836
5594755
5595110
5595301
5597414
5597856
5598066
5598100
5598603
5598990
5599016
5600034
5603291
5603314
5604797
5605424
5605610
5605950
5606872
5607000
5607139
5608762
5609348
5610554
5612052
5612993
5613789
5613906
5613957
5614127
5614385
5614462
5614573
5615090
5615620
5615705
5615989
5616437
5616442
5617524
5617714
5617762
5618220
5618778
5618852
5621599
5621860
5622494
5622631
5623187
5623622
5623728
5625859
5626875
5628100
5628417
5628482
5628615
5628832
5629005
5629611
5630319
5630563
5630991
5631233
5634871
5636048
5637498
5637524
5638225
5638252
5639311
5640308
5640483
5642208
5642349
5642485
5643763
5644502
5644848
5646647
5646671
5647431
5648053
5648910
5648986
5649537
5649911
5649917
5650400
5651986
5652060
5652306
5652384
5652871
5652949
5653165
5653270
5653386
5654721
5654949
5655280
5655281
5656279
5656346
5656600
5657933
5657979
5659233
5659691
5659975
5660702
5661225
5663358
5663837
5664457
5664674
5664797
5665287
5666077
5666179
5667159
5668337
5668434
5668462
5668483
5668596
5669212
5669485
5669570
5669643
5670967
5671343
5672230
5672237
5673625
5676172
5677038
5677271
5677780
5677966
5678101
5679728
5680123
5680501
5681536
5682688
5682891
5683128
5683231
5683306
5683443
5684699
5685052
5685269
5686259
5686581
5686771
5687290
5688627
5689594
5690287
5690586
5690722
5691476
5692378
5694232
5697303
5697756
5698467
5698665
5699581
5699732
5701593
5701768
5702495
5702797
5703583
5704702
5705453
5705490
5706013
5706077
5706734
5706911
5706960
5709382
5709697
5709994
5710391
5710397
5710911
5711987
5712282
5712765
5714052
5714318
5714506
5715375
5715846
5717697
5718570
5719948
5722032
5723430
5725150
5725622
5726761
5726907
5727086
5730667
5731301
5732375
5733329
5733351
5735559
5737146
5737328
5738179
5739760
5740039
5740602
5740835
5741559
5741632
5741937
5742250
5743208
5744029
5745123
5747709
5748270
5748954
5748981
5749024
5749207
5750012
5750599
5751830
5752468
5752497
5752574
5752852
5752968
5759878
5760848
5761579
5761847
5762023
5762450
5762537
5763160
5763405
5765050
5765866
5766445
5766671
5767292
5767340
5768027
5768637
5769306
5769573
5769740
5771765
5773035
5774234
5774528
5774652
5776781
5777303
5777499
5778261
5778983
5779528
5782810
5782842
5782975
5783233
5783661
5783737
5784577
5784835
5786035
5786333
5787917
5788006
5788601
5789750
5793207
5794618
5795020
5796118
5796485
5796546
5796784
5797156
5801715
5802357
5803346
5803878
5804099
5804132
5805044
5805086
5805186
5805217
5805378
5805404
5805638
5806296
5806399
5806411
5806728
5808247
5810369
5810517
5811061
5813208
5813477
5813918
5813964
5814203
5814463
5814698
5814874
5815142
5816847
5817629
5817856
5817931
5818242
5819548
5820393
5820738
5822448
5823898
5824040
5824763
5824934
5825439
5825726
5825979
5826226
5826833
5826880
5827130
5827289
5827499
5827913
5827935
5828995
5829679
5831063
5831549
5831947
5832117
5832313
5834476
5835229
5836233
5836562
5836779
5836909
5836991
5837302
5837308
5838639
5838667
5840888
5841371
5841622
5843051
5844297
5844352
5845242
5845624
5847121
5847930
5847935
5848296
5853286
5854084
5854653
5854851
5854981
5855174
5855217
5855382
5855451
5855582
5856810
5857378
5859255
5859415
5859463
5859718
5859851
5860426
5860750
5862679
5862946
5863471
5863504
5863992
5865623
5866019
5866235
5866823
5867894
5868006
5868137
5868300
5869964
5870497
5870821
5871446
5874390
5875025
5875636
5876511
5877595
5877745
5878371
5878870
5880456
5881629
5882012
5882301
5882359
5882782
5883065
5883710
5885192
5885692
5887125
5887139
5887369
5887374
5887474
5889010
5891640
5892195
5894076
5894081
5894594
5894850
5895866
5896105
5897614
5897932
5898713
5900152
5900875
5901952
5902341
5902464
5902677
5902989
5903290
5904071
5904325
5905558
5905737
5906032
5906223
5906962
5907058
5907244
5908293
5909633
5910381
5910549
5911019
5911483
5912850
5913910
5914124
5915416
5915447
5915797
5915855
5915887
5916218
5916286
5919394
5919924
5919981
5921401
5921989
5921998
5922425
5922780
5924973
5925007
5925360
5926090
5927105
5928236
5929353
5929665
5929681
5929899
5930653
5930856
5932019
5932023
5932149
5932633
5933218
5933343
5936715
5937292
5937378
5938126
5938537
5942184
5942604
5943344
5943955
5944370
5944668
5945117
5945413
5946280
5946586
5947175
5947332
5950164
5950327
5950562
5951766
5952280
5952433
5952444
5954230
5955061
5955642
5956413
5957519
5957849
5958540
5959055
5959367
5959523
5960949
5961856
5961885
5962303
5963547
5963805
5964223
5964556
5965781
5965856
5966237
5967461
5968445
5968756
5969956
5970371
5970948
5971461
5971832
5972049
5972469
5972625
5973133
5973171
5973632
5974089
5974669
5974985
5977690
5978134
5978976
5979009
5979252
5980709
5980869
5981488
5983765
5983945
5984080
5985494
5985742
5985865
5987201
5987871
5987917
5987925
5987988
5989640
5991432
5993507
5994660
5995266
5995558
5995678
5995983
5996404
5996570
5997181
5997497
5997596
5997826
5998365
5998487
5998753
5998894
5998977
5999151
5999749
6000584
6002093
6003367
6003466
6003588
6003679
6004518
6004998
6005218
6005418
6005506
6007091
6007116
6007708
6007798
6011259
6011614
6012178
6012444
6013135
6013139
6013555
6014199
6014443
6014605
6016037
6016130
6016811
6017153
6018019
6018506
6019325
6020480
6020757
6022938
6023576
6023599
6023912
6024390
6024871
6025650
6025741
6025827
6026416
6026587
6027102
6027262
6027943
6028035
6028159
6028569
6029331
6029618
6030103
6030234
6031417
6034764
6036899
6036997
6037210
6037979
6038607
6038997
6039563
6040242
6040518
6041067
6041507
6042018
6042783
6043067
6043282
6043860
6043870
6043883
6045631
6046322
6046610
6046753
6046812
6047934
6047949
6048019
6048704
6049049
6049275
6052370
6052581
6052986
6053817
6054015
6055662
6055740
6056153
6056425
6056531
6056894
6057252
6057596
6057920
6058200
6058535
6058978
6059151
6059277
6059718
6060102
6060639
6061052
6061466
6062103
6062989
6063266
6063573
6064051
6065343
6066605
6066772
6068711
6068938
6069036
6069591
6069787
6070033
6070694
6070783
6071227
6071806
6073242
6074775
6075857
6075928
6078059
6078078
6079470
6079492
6079675
6080242
6081377
6082064
6082278
6083044
6085548
6086559
6087684
6087895
6088634
6088732
6089700
6090730
6091347
6091837
6091989
6092366
6093222
6093382
6093610
6094281
6096393
6096532
6096696
6098487
6100223
6100515
6101589
6101925
6101979
6102148
6102241
6102329
6102862
6103163
6104077
6104329
6104464
6106454
6106863
6107214
6107498
6107814
6110434
6110494
6110802
6112145
6112788
6114127
6115781
6116776
6118313
6119841
6120056
6120586
6121828
6122955
6123356
6124495
6124989
6126011
6126086
6126566
6126829
6127609
6128124
6128752
6128946
6131217
6132885
6133104
6135307
6136491
6136703
6136994
6138869
6138907
6139182
6139658
6140059
6140529
6140688
6141006
6141108
6141286
6141710
6141836
6141851
6142304
6142370
6143133
6143621
6144134
6144231
6144383
6145438
6147132
6147333
6147443
6148549
6150643
6150920
6151720
6151728
6151822
6154474
6157755
6157983
6158089
6158455
6158641
6160716
6160983
6161427
6162811
6164127
6164874
6165338
6166889
6167744
6168473
6168760
6169329
6171720
6172548
6173464
6173857
6175378
6175509
6176170
6176456
6177048
6177449
6177659
6177766
6178603
6179474
6180100
6180226
6180429
6180536
6181194
6181298
6187910
6188008
6188467
6188653
6189489
6189776
6189993
6190174
6190234
6191100
6196207
6196853
6197356
6199279
6200286
6201060
6201379
6201845
6201918
6202001
6202012
6203704
6203705
6203815
6204533
6204770
6206008
6207337
6207537
6207740
6207902
6207985
6208011
6208291
6208683
6209103
6209106
6211775
6213475
6213479
6213822
6215235
6215463
6215548
6215719
6215721
6216048
6218058
6218083
6218849
6218979
6219130
6219174
6219735
6220103
6220163
6221167
6221172
6221181
6223391
6223579
6223664
6224965
6227485
6228695
6228771
6230903
6231138
6231485
6231803
6232356
6232846
6233038
6233291
6233902
6234505
6235328
6236228
6237063
6237542
6238640
6239581
6240034
6240664
6241647
6242933
6244408
6245315
6245354
6245727
6245765
6246767
6247759
6248209
6248902
6249807
6250804
6251348
6251404
6251517
6251987
6252725
6253690
6254051
6254142
6255992
6256795
6256960
6257093
6257692
6258103
6258426
6259295
6259460
6260033
6260332
6260398
6260493
6260534
6260919
6261513
6261631
6263325
6264755
6265232
6265762
6265807
6265913
6268234
6269512
6269695
6270477
6270609
6272486
6272732
6273269
6274011
6274282
6274398
6274553
6274632
6274994
6275239
6278308
6279185
6279241
6280731
6281508
6281659
6284205
6284675
6285271
6285416
6286123
6286629
6288182
6288417
6290337
6290714
6292568
6293554
6293666
6293854
6294261
6294504
6296004
6296457
6296506
6297780
6297988
6298420
6299333
6300423
6300673
6300798
6301391
6301440
6301457
6301635
6302023
6302893
6304344
6304389
6305087
6306139
6306205
6306496
6307210
6309956
6310031
6310986
6311488
6312073
6312154
6312216
6312656
6314067
6315350
6315455
6316719
6317489
6317553
6317817
6318382
6318706
6318837
6319383
6319769
6319893
6319979
6320379
6320702
6320836
6321467
6321513
6321744
6323019
6323420
6324390
6326179
6326406
6326458
6327119
6327526
6327530
6327567
6327626
6327903
6329187
6331055
6332094
6332200
6332628
6332658
6333293
6338237
6338591
6339719
6339911
6340285
6340501
6341645
6341893
6343676
6344203
6344708
6346447
6346487
6346602
6347202
6347634
6349126
6349445
6349607
6350060
6350119
6350194
6350996
6351406
6351408
6351988
6352037
6352490
6353811
6354705
6355878
6356132
6356318
6356454
6357674
6358098
6358616
6358853
6360308
6361580
6362034
6363108
6363145
6363560
6364557
6364562
6364984
6365958
6366333
6366346
6366879
6366909
6367331
6367370
6367373
6367902
6368149
6368388
6369010
6370759
6371448
6371461
6372731
6372957
6375378
6375600
6375917
6376049
6377168
6377302
6377620
6378513
6379538
6384315
6385674
6386386
6386726
6386931
6387252
6387513
6387711
6388488
6388717
6389792
6389939
6390551
6390894
6391030
6391076
6392196
6392434
6392613
6392839
6393724
6394578
6395629
6395702
6396085
6396558
6397030
6397431
6397574
6399816
6399817
6401287
6401667
6402214
6402281
6402651
6404412
6405992
6406783
6407985
6409002
6409997
6410164
6410535
6410540
6410906
6410954
6411210
6412081
6413017
6413915
6414129
6414224
6414829
6415400
6417433
6419379
6419473
6419706
6420185
6420372
6420618
6420951
6421259
6421574
6421765
6421834
6422679
6423069
6423856
6424597
6425215
6425226
6426648
6427165
6427351
6427694
6428115
6428744
6430131
6430307
6432460
6433071
6433750
6435249
6435694
6436257
6436413
6436588
6437052
6437350
6437617
6438921
6438934
6440108
6440127
6440491
6440891
6441235
6441616
6441713
6442037
6442308
6443135
6443799
6444733
6445043
6445092
6446849
6447054
6447126
6448060
6448374
6448525
6449565
6449577
6449884
6451565
6452250
6453347
6453621
6455132
6455348
6455429
6456464
6457091
6457516
6457642
6458031
6458396
6459004
6460425
6461423
6461916
6463926
6465027
6465075
6466014
6467063
6468401
6468740
6469227
6470376
6471379
6471700
6472489
6474504
6475643
6475791
6476530
6476712
6477706
6477968
6478481
6478649
6478879
6479688
6480411
6480771
6482829
6483328
6484015
6484130
6484684
6485418
6486567
6486723
6486954
6487161
6487243
6487703
6488256
6488824
6489101
6489396
6489472
6490861
6491446
6491864
6492161
6492233
6492384
6493898
6494289
6496149
6496587
6496925
6497004
6497395
6498291
6499125
6499869
6500668
6501786
6502566
6502945
6502984
6505343
6505406
6507348
6507646
6507988
6508130
6508385
6508458
6510014
6510658
6510982
6512406
6512761
6513610
6514540
6515024
6515837
6515859
6516200
6516514
6517405
6517806
6517878
6518053
6518102
6519412
6520040
6521456
6521658
6521957
6521990
6522021
6522602
6523141
6524128
6525310
6525389
6526066
6527250
6528031
6529085
6529605
6530406
6531835
6531877
6532777
6534183
6534375
6535952
6536350
6536916
6537380
6537575
6539328
6539983
6540871
6541368
6542351
6542363
6542403
6543065
6543771
6544930
6545639
6545871
6546497
6547171
6548097
6548421
6548596
6548696
6548841
6548842
6549818
6550141
6550947
6551099
6552641
6552651
6553625
6553716
6555843
6556734
6557535
6558052
6558433
6558618
6558744
6558901
6558917
6559364
6560709
6561002
6561347
6561474
6562483
6564999
6567781
6568323
6568922
6569106
6569268
6570676
6572404
6572657
6572690
6572731
6573148
6573150
6573412
6574578
6575549
6577234
6577392
6577542
6577618
6577634
6578464
6578789
6578926
6578938
6579074
6579081
6579321
6580422
6580549
6581317
6581371
6581603
6581870
6582366
6582569
6582943
6583473
6583603
6584150
6584181
6584253
6584261
6584904
6585123
6585388
6586782
6587184
6587520
6587586
6587980
6588229
6589238
6589987
6590985
6591746
6594389
6594495
6594586
6594910
6595408
6596051
6596386
6597090
6597104
6598137
6600029
6600775
6601021
6601212
6601827
6602007
6602810
6603444
6603656
6603825
6605756
6605843
6605880
6606456
6606917
6607475
6608168
6609220
6609997
6610429
6610894
6610988
6611450
6611463
6612410
6612682
6613540
6613694
6613852
6613991
6614420
6614546
6614602
6615475
6615748
6615879
6616861
6618137
6619760
6619987
6620339
6621206
6621417
6624229
6625669
6625984
6626254
6627286
6628114
6630353
6630453
6630512
6630580
6630694
6630892
6631147
6631638
6631922
6632792
6632956
6633020
6633530
6633964
6634525
6634633
6634668
6635609
6637395
6637533
6638296
6638487
6639501
6640722
6641479
6642127
6642414
6642520
6642711
6642723
6645428
6646070
6647304
6647373
6647499
6647527
6647758
6648085
6648340
6648519
6650410
6651035
6651697
6652827
6653288
6653603
6654236
6655204
6655507
6656023
6656293
6657283
6658127
6659442
6659556
6659838
6662589
6662626
6663591
6664804
6665525
6665743
6666015
6666479
6666602
6666747
6667891
6667975
6668254
6668599
6670090
6670666
6671062
6671405
6671986
6672249
6672557
6672998
6673484
6673524
6673855
6673898
6674137
6674715
6674935
6675893
6676155
6676163
6676460
6677739
6678179
6680145
6680495
6680776
6681111
6681468
6682845
6682849
6683019
6684905
6685007
6685233
6685366
6685625
6686478
6686861
6687232
6690249
6691599
6692415
6692570
6692870
6693640
6694043
6694157
6694844
6694998
6695457
6695835