2346
3027
3259
3449
3708
4246
4644
5529
5738
6389
7530
8241
8933
10624
11836
12777
14131
14631
15263
16231
16896
17016
17867
18175
19790
20578
20657
22167
23130
24481
24488
24926
25276
25468
25687
25898
25924
27110
27300
28021
31199
31353
31701
31902
32581
32937
33047
34603
35134
36640
37122
37261
37508
38169
39558
39688
40134
40620
41014
41779
42127
42430
43086
43490
44059
44201
44366
46150
46175
46821
47256
48729
49141
50018
50242
51954
52221
53272
53953
54389
54617
56526
57490
57679
57814
59522
59876
60734
61718
61947
65479
66265
66761
66989
67495
69023
70592
71949
72076
72270
74283
74483
74595
76393
76593
76691
76876
77312
77480
78199
78827
78850
79009
80593
80659
80923
81548
82758
83355
83491
84211
86197
86392
86496
86808
86902
87318
88361
89040
90134
90748
91159
94013
95107
95201
96334
97675
97796
98416
100905
101455
101817
102977
103178
104624
106042
106408
107551
108622
109073
109211
109851
111322
111517
112043
112554
112637
112962
113539
113769
113828
113896
114170
115742
115803
117603
118241
118618
118981
119647
120494
121676
122015
122220
122453
122774
123295
124113
126576
126732
127128
127844
128068
129170
129610
129736
130081
130098
131524
131599
132782
133008
133025
133035
133268
133764
133995
134281
135226
135619
136121
136598
136908
137115
137125
139508
142559
143635
144450
144637
144972
146000
147076
147105
147552
147817
148026
148740
151231
151434
152553
153931
154547
154777
154876
156626
156758
156868
157847
157935
158484
159421
159732
160335
161300
161545
162457
162843
162908
163201
165532
167065
167629
167816
168327
168660
170219
170278
170463
170544
170876
171856
172193
172784
173264
174590
175250
176734
176747
176894
176906
177177
178443
178802
178853
179116
179477
179910
180565
181863
182025
182133
182166
182247
182403
182690
182803
183155
183334
183921
184056
184074
184443
184706
184887
186072
186465
186741
187273
187429
188066
188528
188552
189170
189496
189930
190839
191894
192509
193570
194232
194326
194614
194640
195693
195734
196368
196461
200346
201718
205667
205745
206386
206413
206893
207073
207465
208817
209377
209475
210140
210782
210998
212553
213023
213157
213246
213798
214257
214332
214767
214861
217018
217048
217432
218048
218306
218337
219423
219495
220038
220172
220409
220722
221995
222402
224164
224536
224890
224985
225063
225117
225345
225403
225426
226649
226760
226939
227373
227940
228232
228644
228648
230179
230422
231222
231878
232020
232066
232161
232285
234480
236067
237281
238443
240175
240208
241241
242476
242643
243287
243488
243799
244255
244382
244403
244664
244789
244969
245292
245673
245929
246050
246232
246975
248106
248886
251755
251928
252028
252093
252318
252467
252668
252939
253293
253702
253861
254238
254467
256816
257895
258268
258330
258768
258978
259916
260822
261441
262678
262904
263059
263270
263942
264235
264407
264948
265380
265387
265678
268347
269216
270055
270460
270502
270893
271123
271205
271978
272491
272932
273062
274515
274829
275431
277650
278524
278560
278645
279599
280054
280807
281638
282330
282451
283352
284521
284625
284693
285258
285529
286298
287808
288300
288543
289120
289617
289663
290651
291637
291832
291989
292396
292818
293025
293258
293488
293767
293897
293981
294035
295828
296110
298418
299040
300101
300563
300865
301066
302215
302298
302587
303894
305435
305660
306602
306923
308636
308710
309232
310677
311203
311890
312795
313385
313525
314223
314335
314753
314881
315185
315710
316599
316643
316866
317451
318555
319301
320504
320854
320943
322007
322233
322261
322580
322719
322820
323331
323785
324541
324575
325762
326283
326486
327788
328523
328524
329040
330249
330260
331349
332257
332547
333049
334104
334317
334747
335045
335589
336036
336047
336548
337588
337768
337779
340148
340522
340778
343595
344398
344985
345005
345990
346031
347176
347878
348588
350385
351149
351317
351510
351697
352598
352950
353266
353453
353588
353887
354207
355181
355469
356084
356310
356807
357244
357327
358074
359515
360220
360641
360996
361384
361413
361715
361954
361981
362351
362548
363078
364252
365812
366722
367160
368382
368398
369028
369153
369208
369585
370221
370989
371551
371668
372030
372077
373300
374372
375122
375467
375510
375551
377733
377927
378006
379069
379089
379360
379907
380029
380249
384915
385107
385477
386435
386833
387442
387787
388330
389419
389902
391935
393308
393467
393668
393783
393910
394106
394260
394375
394746
394945
396533
396690
397778
399039
400818
401095
401309
402604
403090
403331
403609
404632
405494
405540
406142
406305
406338
406430
406654
407578
407649
408259
408329
408603
409480
409539
409916
411189
412194
412328
413265
413807
414118
414253
414560
414838
415212
415302
415668
416190
416359
416436
417317
417334
418356
418522
422202
423115
423473
424803
425279
425572
425959
426016
426171
427606
429333
429979
431143
431424
431933
434176
435003
435175
436321
436855
436962
437666
438122
438712
438812
438844
438943
438969
439257
439773
439952
440402
440573
441435
441484
442007
442302
442307
443148
443472
443789
443945
444334
445038
445717
445782
447505
447867
448174
448244
448432
448714
448863
449738
449798
450297
450591
451821
452026
452093
452134
452579
452649
453434
453667
454145
455782
456482
456848
456924
457005
457115
457248
458002
459855
460224
460435
461068
461102
461185
461510
462502
463351
463806
463885
465167
466470
467850
468119
468142
468810
469103
469316
469360
470371
470625
470831
471174
471302
473308
473978
474042
475025
475199
476253
476363
476377
476508
477146
477270
477839
479064
480372
481182
481753
481809
482983
483324
484737
485953
486192
486267
486386
486446
486705
486768
486868
487773
488409
490340
491332
492391
492939
493570
494558
494783
494870
495517
496775
498165
498253
498510
498715
499972
500657
501025
501259
503221
503440
503557
503576
504410
504669
505086
505125
505631
506394
506552
508252
509505
510291
510490
510498
511909
512613
513066
513514
513528
514186
514554
515270
515635
515817
517177
517899
519986
520949
520961
521835
521932
523460
523706
523805
524465
526749
526864
526883
526949
527237
527367
527964
528120
528697
528906
529990
530232
530649
532698
533099
533175
534221
534474
536337
536469
536949
537107
537205
537613
538081
539639
539797
540249
540337
541066
541383
542150
542755
543792
544538
544878
544978
545409
545868
548189
548522
549061
549668
549689
551038
551744
551879
552751
554438
555654
556732
557470
557780
557853
558237
558914
559578
559804
560035
560061
560122
560648
561488
562817
562975
564324
566068
567054
569330
569832
569895
570339
570583
570934
571226
571365
572159
573315
573671
573705
573818
574147
575998
576002
577287
578098
578492
579266
580023
582221
583803
583819
583851
583934
583951
584939
585472
586135
587037
587528
587690
588035
588763
591158
591452
591533
593330
593877
593896
594737
595150
595414
595479
595953
596414
596671
596869
597068
597435
597660
598115
598858
599006
599336
599387
599481
599492
601031
601697
601767
602832
603238
603944
604162
605068
605506
606102
606879
607184
607805
609146
609463
611212
611254
614442
615402
616401
616765
618312
618856
620510
620640
620870
621026
621132
621524
622020
622832
622861
624807
625006
625126
627291
628872
630478
630992
631175
631258
631297
631706
633225
633932
634279
634509
635233
635493
636113
638356
638586
639026
641743
642222
643216
644977
645766
645913
645936
646162
647423
647557
648110
649135
649289
649506
649704
650409
650530
650746
651269
651889
652368
652442
652732
652801
654468
654590
655126
655592
656050
656074
656328
656459
656747
657064
657650
658015
658247
658496
658740
659100
659347
660637
660679
660795
661028
661280
661629
662998
663296
663640
663716
663832
663848
664532
665107
665836
666460
666667
666669
667489
667635
667751
668989
669266
669725
669862
670003
671240
671655
671818
672405
673541
673760
673896
674444
675431
675559
675762
675970
677955
678811
679678
680413
681999
682883
684607
685211
685904
686216
686241
686741
687035
687450
688448
689440
692745
693032
693368
694923
696531
696894
697453
698630
698782
698958
699415
699992
700605
700625
701276
701307
701740
702264
702291
702609
704092
705073
705560
705713
706166
706688
708195
708278
709292
709389
709835
710163
710777
711449
712441
713501
713897
715213
716036
717525
717657
717773
718441
718492
718619
719032
719124
719135
720668
722266
722269
722704
722948
723405
723557
724118
724284
724510
726837
727145
728717
729201
729422
729870
730648
731271
731424
731733
732150
732396
734349
735151
736631
736752
736793
737375
738107
739080
739404
739513
740509
740588
741152
741154
741339
742007
743242
743438
744528
745130
745862
747920
748562
749480
749688
749695
749806
749835
750362
750855
751368
751741
751933
752234
752671
752809
753165
753582
754529
754540
754556
754563
755008
755454
755848
756126
757523
758056
758531
758917
759108
759233
759510
760291
760460
760851
761075
761111
761713
762135
762849
763555
765785
768317
769325
770294
770388
770452
771126
771714
771737
772112
772600
773347
773559
774484
775169
775532
775640
776811
777135
777159
777268
777343
777560
777637
778571
778924
780478
780523
780818
780829
780963
781017
781489
782288
783341
784049
784407
784819
785261
785404
785638
786487
787281
787425
788608
788727
789142
789440
789915
790492
790634
790926
791638
792194
792424
792644
792674
793729
795843
795994
796038
797308
799280
799364
799999
802116
803342
803453
803626
803709
803711
803881
804149
804725
805427
805492
805782
806163
806809
806893
806974
806975
807111
808471
809236
809378
810066
810362
811084
811134
812828
812884
812945
812999
813613
814854
815273
815435
815690
816004
816155
816257
816624
817270
817625
817777
817820
818201
819009
819064
819667
820613
820677
822505
823204
823685
823897
824435
824528
824588
824751
825027
827438
828447
828581
828803
828913
829388
829514
829712
830927
831911
832045
833162
833643
834711
835052
835217
835371
835789
836325
836952
837152
839916
840759
840973
841131
842232
842959
845444
1126794
1128102
1129211
1129481
1129532
1131276
1131512
1131707
1131885
1131901
1132103
1133466
1134083
1134147
1134195
1136135
1136257
1136632
1136634
1136774
1136894
1138354
1138943
1139271
1139492
1140101
1140344
1140988
1140995
1141533
1142080
1142560
1142865
1142870
1143002
1144426
1144728
1146555
1146966
1147804
1148254
1148886
1149179
1150063
1150097
1150154
1150429
1150652
1150935
1151601
1152481
1153372
1155168
1155239
1156669
1156869
1158249
1158617
1160110
1160777
1161798
1162056
1162414
1165110
1165810
1167318
1167581
1168060
1170400
1172331
1172972
1174090
1175227
1175862
1175936
1176393
1176423
1176530
1176726
1176755
1176988
1177084
1178411
1178860
1180074
1180782
1180816
1181279
1181466
1181974
1182441
1182461
1183441
1183811
1183916
1185084
1186663
1186710
1187550
1187571
1188611
1188848
1189359
1189512
1189762
1189810
1190010
1191589
1192802
1194639
1195581
1195903
1196817
1197311
1197330
1197496
1198030
1198184
1198257
1199154
1200722
1200965
1201026
1202993
1203645
1205275
1206409
1206746
1206787
1207180
1207547
1207637
1207955
1208319
1208504
1208527
1209784
1211275
1211346
1213211
1213237
1213302
1213605
1214337
1214489
1214940
1215035
1215455
1215668
1215784
1216754
1217509
1218319
1218538
1218635
1221157
1222206
1222448
1223438
1223956
1224922
1225142
1225691
1228042
1228683
1228825
1228992
1229002
1230310
1231030
1231155
1231776
1232536
1235363
1235382
1236032
1236998
1237221
1238149
1239216
1239301
1239459
1240070
1240564
1240591
1240968
1241115
1242386
1242968
1243322
1244486
1244709
1245092
1247667
1248193
1249205
1250436
1250494
1250902
1252458
1252729
1253157
1253603
1253826
1254310
1254453
1254472
1255191
1255406
1256731
1257393
1257428
1258497
1258716
1258938
1259839
1259913
1259922
1260276
1261008
1261082
1261295
1261343
1261415
1262164
1265038
1265633
1265703
1265923
1267623
1268017
1269657
1269807
1270532
1270825
1270921
1271428
1271651
1271905
1272732
1273125
1273707
1274017
1274181
1274217
1274381
1275350
1276090
1276342
1277292
1277544
1278097
1278569
1278676
1279717
1280805
1280931
1281217
1282996
1284033
1284421
1284765
1284912
1285516
1285611
1285839
1286179
1286660
1287496
1287718
1289059
1289225
1289832
1290447
1290634
1290698
1292623
1293062
1293555
1294455
1294857
1295379
1296911
1297497
1298588
1299067
1299636
1302632
1302648
1303443
1305703
1306075
1306515
1306631
1306650
1307033
1307104
1307553
1307565
1307943
1308037
1308507
1308806
1310484
1311568
1311878
1313111
1314184
1315224
1315454
1316801
1317804
1318635
1318905
1319504
1320236
1320261
1320442
1320548
1320735
1320808
1321156
1321960
1321990
1322276
1322950
1323233
1323693
1325066
1325109
1325569
1325704
1327190
1327775
1328027
1328254
1328766
1329166
1331104
1332665
1333316
1334198
1334233
1334377
1334630
1335619
1336964
1337044
1338503
1338512
1339475
1340156
1340203
1340371
1340743
1340950
1341206
1341383
1342409
1344183
1344674
1344751
1345727
1346073
1346350
1348368
1348394
1348513
1348718
1349042
1349769
1350555
1350793
1351735
1351859
1353902
1353913
1354340
1354644
1354665
1354668
1354923
1354977
1355751
1356985
1357169
1357511
1357798
1358051
1359308
1360520
1361379
1361448
1361623
1362666
1362728
1365012
1365198
1365458
1365741
1366231
1366858
1367584
1367991
1368792
1370143
1371026
1371353
1371825
1374267
1375682
1375792
1376426
1377422
1377968
1378035
1378508
1379449
1379474
1380055
1380369
1381403
1381922
1381973
1382485
1383200
1384265
1384694
1384733
1386208
1386319
1386523
1387259
1388085
1388106
1388671
1388843
1389526
1390179
1390259
1390277
1390642
1390782
1391378
1391632
1391986
1392332
1392482
1393001
1393121
1393220
1393990
1394434
1394810
1395238
1395462
1397155
1399870
1400719
1400781
1401229
1401800
1402492
1402644
1402951
1405023
1405169
1405253
1405291
1405586
1405716
1405914
1406302
1406492
1408167
1408628
1409052
1409977
1410232
1411721
1411837
1412542
1412594
1413544
1413858
1415917
1416283
1416420
1416572
1417111
1417143
1418635
1419369
1419475
1419902
1420041
1420869
1421097
1421269
1421497
1421652
1422002
1422625
1423410
1423832
1424563
1425504
1425797
1426906
1426989
1429050
1429329
1429373
1430855
1430906
1433099
1433222
1433363
1433528
1433661
1433798
1434403
1436455
1436542
1436819
1438124
1438242
1438935
1438967
1439622
1440188
1440690
1441743
1443343
1443694
1443838
1445873
1446005
1446342
1446946
1448593
1448656
1450480
1450564
1450918
1451900
1452758
1452875
1453560
1453652
1453702
1454829
1456281
1456431
1457145
1458011
1458548
1459278
1459825
1459871
1459936
1460181
1460792
1460847
1462565
1462935
1463948
1464757
1465327
1465644
1466031
1466692
1467862
1468294
1468296
1469008
1469290
1469482
1469487
1469700
1469929
1470883
1470920
1471320
1471775
1472040
1472434
1472528
1473367
1473779
1474244
1474456
1475009
1475615
1475667
1475757
1475830
1477197
1478039
1478222
1478615
1479752
1480060
1480639
1481090
1481233
1481865
1482052
1482909
1483198
1483240
1483537
1483952
1484541
1484666
1485385
1486452
1486736
1486828
1487649
1488053
1490443
1490778
1492211
1492456
1492644
1493648
1493770
1493879
1493881
1494330
1495195
1495378
1495692
1499256
1499662
1499714
1499936
1500390
1500717
1500969
1501703
1501868
1502843
1502946
1503094
1503578
1505243
1505705
1506138
1506732
1506770
1506798
1507527
1508217
1508373
1508745
1508847
1509655
1509775
1510307
1511038
1511410
1511865
1514266
1515862
1516915
1519703
1519977
1520790
1521004
1522502
1523729
1523983
1525922
1526714
1527612
1527686
1527843
1527911
1528370
1528742
1528808
1529050
1529834
1530331
1531118
1531531
1532595
1532627
1532927
1533353
1533361
1535148
1535896
1535976
1537531
1537564
1537721
1537883
1538394
1539838
1540110
1541257
1541472
1543427
1543589
1543893
1543909
1544021
1544734
1545653
1545869
1546152
1546886
1547001
1547513
1548170
1548173
1548991
1550378
1550786
1551327
1552637
1553092
1553237
1553344
1553968
1553994
1554355
1554626
1554856
1555050
1558558
1561105
1561541
1561833
1562442
1562611
1563409
1563771
1564226
1567412
1567688
1567911
1568042
1568636
1568667
1569325
1569834
1572130
1573313
1573489
1574137
1574149
1574481
1575061
1575655
1576101
1576556
1576781
1576872
1577052
1577971
1579498
1580272
1582101
1582253
1582669
1583088
1583399
1584127
1587452
1587658
1588228
1588572
1589336
1589563
1589846
1591286
1592061
1592409
1592537
1592627
1592902
1593190
1593200
1593683
1594749
1596642
1596928
1598309
1599070
1599307
1600211
1600292
1600528
1601317
1602245
1602921
1603502
1603893
1604160
1606407
1606449
1606467
1606514
1606700
1606931
1607991
1608581
1608694
1608789
1608914
1608937
1609464
1609844
1610183
1610263
1610648
1610935
1612083
1613322
1614131
1614678
1615161
1615301
1616304
1616431
1616838
1617205
1617367
1618298
1618384
1618579
1618735
1618780
1619340
1619411
1619415
1619707
1619780
1620593
1620684
1620740
1622095
1622267
1623733
1624177
1624818
1625424
1625948
1627775
1629485
1631119
1631265
1631478
1631628
1632065
1633371
1633417
1634294
1634765
1635079
1636487
1638655
1640169
1640322
1640733
1640867
1640913
1641708
1641751
1643347
1644380
1645237
1645582
1646600
1647993
1648350
1648411
1648678
1649055
1649414
1649821
1649952
1650102
1650310
1650596
1650896
1650933
1651045
1651088
1651274
1651880
1652256
1652940
1653366
1654848
1655073
1656188
1656998
1657265
1657490
1657885
1657888
1659398
1659405
1660003
1660250
1660576
1660761
1663334
1663373
1663545
1664595
1664743
1665892
1666779
1667590
1668439
1671698
1672863
1672939
1673895
1675333
1675402
1675677
1676356
1676425
1677560
1678102
1678564
1678750
1679479
1680455
1680953
1681542
1682142
1682231
1682653
1682755
1682963
1683081
1683792
1684923
845595
845787
845805
845912
846017
847432
847508
848182
848779
849346
849505
849565
849719
849922
850423
850661
852107
852826
853667
853682
854390
854721
855235
855597
856751
857496
857767
858307
858846
859411
859414
861071
861132
861435
861957
862343
862789
863110
863394
863501
863662
863927
864186
864498
865735
865820
866202
867215
868209
868317
868902
869307
869891
870562
872124
872197
872426
873791
873948
874076
874691
876825
877740
877954
878384
879365
879615
879678
880793
880832
881808
882470
882845
883099
883405
883637
884008
884108
884246
884621
884748
885011
885913
885954
886085
886535
887481
887792
888525
888762
888923
889631
890699
890832
891885
891983
892182
892361
892676
893798
894633
895284
896194
896505
898841
899402
899702
901351
901934
902108
902912
903665
903911
904640
904715
905096
905543
905931
905942
906456
906473
906962
907386
907537
909281
909633
910072
910201
910236
910279
910321
910375
910413
911223
911535
911761
911854
912546
913206
913812
914234
917027
917587
917912
918404
918729
918927
918944
920262
920493
921960
922361
923010
924364
924655
925306
925397
926042
926711
926951
927385
927431
927538
928683
931361
931520
932675
932957
933067
933465
935021
936692
936833
937786
938722
941003
941109
941581
941905
942629
942931
943004
943018
943044
943323
943720
944766
944829
945348
945680
945936
946708
947304
948912
949968
950043
950175
950443
951366
951840
952122
952470
952580
952802
952971
952976
953567
954043
954252
954286
955146
955363
957204
959094
960254
960548
960583
960629
961214
963215
964141
965136
965425
965448
965965
966313
966921
967172
967580
968908
969885
969921
970865
971030
971369
971746
971895
972018
972300
972851
972990
973336
974121
974192
974633
974875
975305
975447
977417
977565
977639
978273
978886
980102
980972
981004
981066
981336
981583
982562
982805
982845
983440
983631
983722
983871
985085
985615
986257
987409
988482
988956
991265
992770
992788
993515
993568
994372
995661
995800
996891
996989
997234
997726
999110
999391
1000551
1000742
1000845
1000864
1001586
1002622
1003158
1003970
1005146
1005495
1005644
1005762
1006491
1008743
1008966
1009064
1009633
1010876
1011768
1011973
1011992
1012425
1013944
1014486
1014519
1014649
1015110
1015272
1015401
1016096
1016538
1016878
1017003
1018234
1018445
1018577
1018774
1019454
1020387
1021624
1022436
1022467
1023571
1023690
1023978
1024655
1025213
1026244
1026862
1026984
1027093
1027413
1028239
1028423
1028523
1028736
1030271
1030542
1031001
1031792
1032303
1032589
1032818
1032931
1033080
1033774
1035186
1035969
1036063
1037561
1038085
1038701
1039050
1039393
1039757
1040101
1040346
1040446
1040722
1040809
1040973
1041521
1041698
1042030
1042563
1042723
1043387
1044638
1045125
1046135
1046483
1047173
1048642
1048867
1049090
1049256
1049369
1049490
1049525
1049683
1049720
1050490
1051253
1051985
1052557
1052563
1054537
1056896
1057273
1058107
1058198
1058247
1059370
1062132
1062329
1062775
1062891
1063368
1064363
1065262
1065435
1065626
1065829
1066359
1066938
1067111
1067579
1067628
1068040
1068110
1068442
1068717
1069140
1069611
1070267
1071285
1071527
1071878
1072331
1072453
1072776
1072809
1073807
1074049
1074874
1074886
1075422
1076657
1076728
1078539
1079457
1079643
1081075
1081551
1082893
1083837
1084309
1084385
1084752
1085201
1085410
1086846
1088026
1088070
1088494
1088954
1089057
1090400
1092684
1092933
1094188
1094238
1094315
1094389
1094592
1095761
1096068
1096303
1096967
1097230
1097570
1097698
1098414
1098732
1098868
1098874
1099111
1099476
1099906
1101046
1102486
1102703
1103281
1103352
1104322
1104650
1106507
1106685
1107696
1108439
1108531
1109348
1109594
1110248
1111062
1112146
1112434
1113235
1114176
1115083
1115931
1115999
1116029
1116822
1117126
1117334
1117822
1118183
1118550
1118762
1119325
1119765
1120359
1120552
1121327
1122597
1123805
1123989
1124090
1125033
1125054
1126123
1126295
1126547
1685577
1686204
1686482
1686537
1686810
1687070
1687387
1688642
1689024
1689188
1689985
1690025
1690245
1691009
1691419
1691737
1691738
1691866
1691914
1693776
1694286
1694628
1695311
1695476
1695587
1695722
1696364
1696630
1696974
1696997
1697934
1698935
1699726
1700290
1701039
1701538
1701570
1702033
1702061
1705121
1705676
1705887
1708054
1708704
1709294
1710419
1710552
1712727
1714311
1714793
1714806
1715817
1716852
1717652
1718474
1718773
1719256
1719331
1720327
1720564
1720566
1721366
1722610
1723030
1723120
1723289
1723341
1723763
1724473
1725710
1726999
1727187
1727405
1727645
1728105
1728814
1729465
1729865
1731527
1731778
1732826
1734509
1734665
1735016
1735354
1738384
1738472
1738794
1740155
1740565
1740945
1741527
1741841
1742618
1743477
1745255
1745310
1746322
1746726
1746924
1747309
1748281
1748546
1748917
1749605
1750158
1751312
1752531
1752779
1754016
1754929
1756982
1757199
1757915
1758281
1758724
1759265
1760169
1760297
1760484
1761606
1763863
1765556
1765580
1766812
1767825
1768490
1768709
1768724
1768804
1770251
1770865
1771651
1771978
1772442
1772645
1772962
1773064
1774041
1774075
1774359
1774626
1775130
1775572
1775981
1776048
1776098
1776547
1776839
1777046
1777642
1778937
1779067
1779228
1779349
1779572
1779649
1780358
1781930
1781968
1782105
1782752
1784276
1784311
1784495
1784751
1785145
1786622
1787072
1787131
1787502
1788670
1789333
1790311
1791146
1794472
1796264
1797376
1798143
1798918
1799249
1799433
1799557
1800113
1800648
1801520
1801566
1801879
1802429
1802562
1802823
1804730
1805012
1805117
1805399
1806115
1806293
1806930
1807630
1807675
1809083
1809566
1809938
1810620
1811051
1811455
1811924
1812222
1812283
1812527
1812569
1812625
1812669
1812704
1813076
1814224
1814366
1815817
1816346
1816741
1816848
1817274
1817321
1818147
1818549
1818836
1819130
1820041
1820302
1820407
1821498
1822048
1822342
1823835
1823902
1824430
1824872
1825146
1825225
1825676
1827910
1829071
1829462
1829808
1829960
1831461
1832896
1833972
1834181
1834398
1834742
1834803
1835616
1837454
1838927
1840008
1840870
1841225
1841394
1841654
1844064
1845047
1845120
1845234
1847490
1848316
1849048
1849478
1850923
1851556
1851661
1851700
1853128
1853474
1854134
1854318
1854797
1854863
1854974
1855960
1856281
1856824
1858666
1858974
1859216
1859537
1860116
1860164
1860885
1861146
1861464
1861506
1862302
1862354
1863353
1863474
1863765
1864502
1865154
1866188
1866562
1867119
1867212
1867565
1867951
1868034
1868110
1868246
1868389
1870192
1870720
1870743
1870896
1871415
1871695
1871741
1871922
1872542
1873191
1874364
1874611
1876032
1876770
1876977
1877292
1878073
1878078
1878148
1878437
1878733
1879563
1880492
1880839
1880880
1881401
1881710
1881781
1881877
1882224
1882247
1882303
1882924
1883461
1883976
1885136
1885671
1888284
1888402
1889050
1889415
1889867
1891935
1893084
1893971
1894388
1894497
1894507
1894552
1894627
1895058
1895371
1895443
1895609
1897512
1898616
1899033
1899467
1899679
1899726
1900051
1900764
1901057
1901115
1903053
1903354
1904645
1904838
1904895
1905825
1905831
1906497
1906644
1906970
1907227
1907270
1907887
1908594
1909965
1910284
1910483
1911500
1911753
1912401
1915094
1915837
1917002
1917213
1918354
1918482
1919027
1919045
1919291
1919901
1919919
1920374
1921148
1921162
1921529
1921740
1922366
1922449
1922848
1922957
1923826
1924480
1925250
1925409
1925678
1925753
1926006
1926743
1926996
1927146
1927155
1927259
1927758
1928179
1928260
1928822
1928988
1929832
1930165
1930210
1930440
1930498
1931415
1932295
1933216
1933622
1933787
1934720
1935284
1935367
1935471
1935611
1938023
1938201
1938203
1938241
1939038
1939806
1940427
1940627
1942096
1942344
1943834
1944557
1944668
1947841
1947915
1948095
1948428
1948438
1950923
1951818
1951897
1952059
1952486
1952789
1954729
1954737
1955721
1956260
1956425
1959793
1960457
1960954
1961654
1962041
1962289
1962482
1963170
1963270
1963765
1964389
1964720
1964830
1965139
1965365
1965895
1966868
1967951
1969810
1972729
1972875
1974708
1974713
1976170
1976310
1977116
1977389
1977635
1977773
1978136
1979374
1979650
1979963
1980330
1980773
1980888
1981628
1981663
1982877
1982920
1983007
1983223
1983563
1983865
1983993
1984179
1986180
1987937
1989223
1989499
1990349
1990392
1990484
1992688
1992701
1993474
1993599
1995149
1995379
1996406
1996530
1996958
1997169
1997244
1997686
1997998
1998703
1998855
1999419
1999539
2000218
2001059
2001571
2001716
2003287
2003366
2004153
2004174
2004250
2004681
2004872
2005070
2006206
2006241
2006254
2006859
2006864
2007230
2007522
2007638
2008066
2009011
2009013
2010220
2012296
2013171
2013552
2014651
2014671
2014852
2015457
2015493
2016039
2016292
2016685
2016808
2016853
2017257
2017464
2017713
2017932
2018076
2019222
2019366
2019408
2019626
2020267
2020659
2021903
2021954
2022504
2022592
2023647
2023724
2023772
2024729
2025763
2026811
2028176
2028464
2028681
2029029
2029215
2031504
2031934
2032125
2032389
2033050
2034021
2035934
2036519
2036767
2036776
2037045
2038166
2041378
2041563
2041694
2042272
2043007
2043187
2043203
2043690
2043697
2044530
2044723
2044951
2045113
2045372
2045376
2045493
2045596
2045672
2045704
2047155
2047752
2048017
2048401
2049211
2050511
2051144
2052599
2053200
2053311
2054733
2054823
2055187
2055351
2055540
2055864
2055918
2055951
2056198
2056250
2056273
2056646
2056867
2056910
2058933
2059250
2060026
2060578
2060615
2061248
2061378
2063601
2064998
2065446
2066059
2067045
2067623
2069039
2069782
2069861
2069935
2070013
2070252
2070724
2071191
2071965
2072045
2072335
2073677
2073827
2074525
2074791
2075516
2076365
2077636
2077922
2078062
2078393
2078579
2078707
2078910
2079263
2079367
2079462
2080061
2081967
2082479
2083683
2084107
2084294
2085111
2085794
2085896
2086134
2087587
2087815
2088193
2088684
2088754
2089086
2089709
2089786
2090315
2090693
2090947
2091080
2091701
2092003
2092097
2093406
2093538
2093886
2094063
2095180
2095206
2095990
2096173
2096334
2100064
2100937
2100982
2101847
2102627
2103888
2107112
2107187
2107338
2108016
2108228
2108232
2108416
2108526
2108603
2109288
2109519
2109688
2109765
2109773
2110262
2110896
2111780
2112141
2112972
2113218
2113944
2114602
2115546
2116423
2117155
2118362
2118421
2118586
2118919
2118994
2119021
2119084
2119194
2120185
2120888
2121833
2121888
2121982
2122427
2122548
2122574
2122645
2122742
2123189
2123355
2123593
2124895
2125059
2125359
2125396
2125836
2127872
2127925
2128468
2128817
2129227
2130147
2130157
2130342
2130414
2130913
2131104
2131505
2133239
2133360
2133509
2135426
2135687
2135766
2136297
2137728
2138131
2138408
2138462
2138635
2138953
2139482
2139752
2139863
2139911
2140087
2140116
2140152
2140354
2140370
2140570
2141581
2141727
2142400
2142731
2143404
2143683
2144618
2144673
2145129
2145556
2146285
2146616
2146641
2146989
2148145
2148284
2148502
2151772
2152082
2152592
2152626
2153849
2153990
2155681
2156157
2157491
2157533
2159152
2159260
2159404
2159619
2159820
2159888
2161413
2161545
2161960
2162140
2163119
2163715
2165294
2165490
2165544
2165905
2165914
2166115
2166710
2168404
2169316
2169791
2170208
2170268
2170314
2170563
2170966
2171010
2171907
2173103
2173149
2174983
2175274
2175342
2175634
2176256
2176475
2176794
2178849
2178870
2179170
2180783
2181545
2181819
2181900
2182275
2182632
2183145
2183212
2183840
2183863
2185098
2186256
2187024
2187326
2187805
2187810
2187850
2190071
2190725
2190947
2191473
2191531
2192345
2192842
2193226
2193860
2194060
2194357
2195140
2195661
2197154
2197262
2197832
2198524
2199118
2199140
2199505
2200489
2200776
2204914
2206199
2207104
2207178
2207536
2207943
2210256
2210420
2210794
2211578
2211783
2211971
2213156
2213892
2214035
2217821
2217965
2218895
2219093
2219372
2219689
2219847
2220144
2220473
2220604
2221582
2222742
2223314
2223558
2223684
2224039
2225575
2225678
2226825
2227237
2228005
2228389
2228873
2228880
2229231
2230802
2231234
2231448
2231469
2231917
2233681
2234461
2234495
2235445
2236224
2236496
2237112
2237342
2238577
2239328
2240213
2240466
2240782
2241176
2241225
2241653
2242141
2243678
2244213
2245603
2245819
2246565
2246729
2247339
2247596
2247907
2247974
2248786
2249214
2250339
2250911
2251205
2251603
2252920
2253986
2254698
2255430
2256353
2256997
2257351
2257448
2258092
2258787
2259117
2260742
2261769
2262123
2262231
2262329
2263427
2263533
2263614
2263874
2264342
2265545
2266207
2266479
2267317
2268498
2268607
2269093
2270237
2270394
2270614
2270646
2270906
2272028
2272301
2272407
2273258
2274331
2274671
2275027
2275042
2275549
2275662
2275968
2277562
2279239
2279928
2280002
2280574
2282178
2282871
2282955
2283319
2284532
2285678
2286847
2287377
2287683
2288246
2288495
2288546
2288997
2289674
2289945
2290792
2290836
2291011
2291655
2293216
2293375
2293602
2293632
2294009
2294062
2294989
2295624
2295909
2296345
2296561
2296850
2297115
2297566
2297634
2297662
2297695
2298658
2299282
2299383
2301256
2302163
2302722
2303055
2303513
2304226
2304756
2305206
2306745
2307644
2309248
2309799
2310147
2310193
2311234
2312050
2312139
2316443
2316865
2316941
2319491
2320316
2320872
2321322
2321422
2322701
2322863
2322942
2323653
2324486
2325876
2326207
2326642
2327073
2327535
2327541
2327623
2328276
2329041
2329735
2331834
2332835
2333204
2333389
2333735
2334363
2334616
2335235
2335638
2335682
2335814
2335893
2336531
2336870
2339527
2340522
2340958
2341114
2341857
2342067
2343409
2345205
2345232
2345755
2346406
2346592
2347019
2347724
2348096
2348365
2348604
2348815
2349588
2349672
2349773
2350805
2351268
2351334
2351338
2352274
2352377
2352494
2353005
2353551
2353942
2354168
2354208
2354725
2354920
2355032
2355446
2356578
2356986
2357144
2357396
2357710
2358029
2358141
2358863
2360505
2360708
2361433
2361686
2361882
2362791
2363139
2363196
2363525
2364031
2364579
2364599
2367469
2367606
2368536
2371585
2372796
2372933
2373136
2373708
2373992
2374071
2374320
2374382
2375155
2375965
2376576
2376903
2376943
2377271
2378000
2378120
2378171
2378470
2379002
2379444
2379782
2379802
2379942
2380177
2382382
2382383
2382536
2383259
2383473
2383764
2384834
2385896
2386855
2387314
2387388
2387422
2387519
2388283
2389266
2389843
2390003
2390916
2391277
2391477
2392980
2393328
2393932
2394908
2395424
2395857
2396521
2396696
2397218
2397247
2398090
2398633
2398677
2400516
2400950
2401977
2402260
2403235
2403494
2403668
2403943
2406590
2407525
2407813
2409280
2409507
2409791
2410221
2410636
2411908
2413862
2413908
2414906
2414964
2415446
2416110
2416435
2416494
2416940
2417134
2418746
2418916
2419677
2420179
2420324
2422988
2424022
2424344
2424384
2424574
2424595
2424775
2426454
2427111
2427356
2428789
2428886
2429397
2429457
2430023
2430444
2430606
2433190
2433306
2433618
2434291
2434547
2434792
2434995
2435043
2435052
2435261
2435320
2436199
2437359
2437543
2437950
2438340
2438908
2438987
2439340
2439729
2439954
2440517
2440880
2442427
2442957
2443750
2444734
2445125
2445152
2445484
2445620
2445838
2445976
2446351
2446656
2447196
2447771
2448544
2448603
2450757
2452344
2453085
2453444
2454407
2454701
2454999
2455149
2455299
2455969
2456349
2456658
2457774
2458155
2458915
2458987
2459096
2459117
2459942
2460324
2460587
2461886
2462018
2462349
2462720
2463422
2464210
2464350
2465346
2465613
2466257
2467394
2467542
2467974
2468415
2468514
2469129
2469219
2469329
2469776
2470223
2471534
2471657
2472533
2473564
2473927
2474239
2474802
2475110
2475226
2475676
2477522
2478203
2478356
2478414
2478940
2479505
2479751
2480015
2480793
2481082
2481135
2481487
2481739
2482076
2482868
2484017
2484111
2485288
2485663
2486278
2486560
2486673
2487672
2489355
2489690
2490672
2490828
2490937
2492228
2492270
2492341
2492383
2492880
2492973
2493359
2493545
2493601
2494927
2494933
2495503
2496220
2496282
2496474
2496645
2496897
2497231
2497337
2497705
2498604
2500133
2500773
2500881
2501486
2502039
2502106
2502988
2503360
2503911
2505143
2505503
2505523
2505571
2505606
2505672
2506176
2506571
2506576
2507399
2507919
2508183
2508389
2508434
2508697
2508724
2509432
2509800
2509815
2510746
2510925
2511427
2514411
2515185
2515616
2516121
2516993
2517144
2518807
2520080
2520545
2520719
2521163
2522179
2522408
2522433
2522697
2522753
2523788
2523803
2524671
2524787
2525129
2525650
2526422
2526437
2526533
2527010
2527300
2527401
2528018
2528031
2529044
2530107
2531378
2531566
2531618
2531738
2533156
2533501
2534460
2535503
2536189
2536543
2537081
2538405
2538854
2538858
2538991
2539015
2539981
2541149
2541686
2541890
2543029
2543032
2543061
2543536
2544782
2546384
2546585
2547532
2547839
2548301
2548447
2548714
2549239
2549296
2549647
2550671
2550680
2550960
2551114
2551267
2551852
2552244
2552471
2552673
2552687
2554022
2554162
2555123
2555763
2556067
2557257
2557292
2557624
2557646
2557815
2558257
2558289
2558939
2559571
2559642
2559775
2560636
2561009
2561756
2563306
2563722
2563791
2564492
2564801
2565528
2566118
2567363
2569593
2569972
2571513
2571667
2571830
2572191
2572438
2572718
2572846
2573269
2573371
2574622
2575435
2575519
2575875
2577076
2577566
2578097
2578603
2578609
2578817
2579290
2579862
2580079
2580631
2581348
2581454
2581712
2581916
2582600
2582947
2583353
2585653
2586430
2586535
2586869
2587569
2587778
2587900
2588140
2588190
2588440
2588600
2588684
2589589
2589779
2590737
2591505
2591866
2592826
2594039
2594371
2594872
2594962
2596885
2596975
2597060
2597368
2597804
2598116
2598414
2599081
2599123
2599467
2602385
2603821
2604359
2606486
2606661
2606739
2606841
2606953
2607431
2607545
2607829
2609728
2609895
2610623
2611013
2611220
2611743
2612860
2613610
2615768
2617059
2617060
2617379
2618314
2618726
2619170
2619363
2621162
2621382
2621428
2622899
2624467
2625078
2626625
2626999
2627112
2627593
2628428
2628981
2629010
2629011
2629042
2629773
2629796
2630167
2631545
2631607
2631716
2632007
2632241
2632400
2632795
2632978
2633034
2634091
2634181
2634485
2634962
2635114
2636033
2636043
2636271
2636813
2637229
2637569
2638184
2639281
2639286
2639617
2640129
2640214
2640927
2640942
2641966
2642948
2643042
2643524
2643956
2644107
2644920
2646176
2646343
2646710
2646880
2646917
2647208
2647447
2648135
2648312
2648957
2649458
2649569
2650115
2651018
2651039
2651313
2651342
2652041
2652532
2652543
2652631
2652843
2653240
2653297
2655207
2655739
2655809
2656513
2656721
2656774
2656835
2657002
2657614
2657674
2657688
2657776
2658909
2658920
2659041
2660688
2660920
2661924
2662011
2662654
2662657
2662991
2663126
2663241
2663246
2663461
2663478
2664186
2664660
2664825
2664989
2665001
2665295
2666033
2668689
2668964
2668999
2669221
2670000
2670064
2670250
2671897
2672857
2673710
2673731
2673809
2674446
2675200
2676032
2676510
2676569
2676914
2678004
2678020
2680686
2680930
2681208
2681365
2683126
2683138
2683256
2684319
2684419
2685542
2685964
2686232
2686299
2686497
2687437
2687450
2687764
2687780
2688600
2688767
2689264
2689771
2690199
2690601
2690910
2691341
2692528
2692872
2693644
2694436
2694476
2695106
2695132
2695468
2696284
2697213
2698999
2699227
2699515
2700013
2701910
2702038
2702224
2702724
2703317
2703886
2703906
2705289
2706015
2706511
2706554
2706689
2706993
2707096
2707906
2708120
2708320
2708412
2708639
2709083
2709830
2710577
2710814
2711334
2711497
2711971
2712220
2712375
2712428
2713877
2714984
2715033
2715302
2715924
2715954
2717184
2717409
2717413
2718044
2718065
2718066
2718180
2718328
2719247
2719856
2719858
2719903
2720883
2720919
2721019
2721474
2722372
2722612
2723009
2723057
2723418
2723652
2724927
2725255
2726610
2727255
2727332
2728238
2728561
2729176
2730430
2730557
2730580
2731161
2731398
2732336
2732852
2732956
2733506
2735873
2736221
2736727
2736777
2736806
2736865
2737152
2737223
2738312
2740108
2740401
2740518
2741456
2741617
2741674
2741860
2742566
2742873
2743118
2744070
2744755
2748291
2748427
2748689
2749894
2749968
2750205
2750286
2751106
2751796
2752539
2752820
2752860
2753786
2753859
2753909
2754959
2755567
2755925
2756145
2756769
2757410
2757436
2758182
2758407
2759189
2760023
2760121
2760424
2760885
2761010
2761375
2762556
2762759
2764787
2765316
2765928
2766850
2767199
2767623
2768222
2769438
2769894
2770057
2772625
2772974
2773064
2773071
2773597
2773770
2773873
2774419
2775403
2776866
2778832
2779045
2779900
2779953
2780302
2780317
2781343
2781460
2781962
2782406
2783038
2783114
2783297
2783391
2783599
2783721
2784536
2785343
2785665
2786328
2786414
2786427
2786843
2787201
2787393
2787797
2788622
2788949
2789149
2789220
2789817
2790371
2790963
2791301
2791358
2792652
2793079
2793280
2793934
2795265
2795292
2795322
2795707
2796904
2797429
2797578
2797614
2798116
2798335
2798546
2799533
2799849
2800015
2800200
2800992
2801386
2802496
2803994
2804368
2804701
2807896
2808356
2809603
2809807
2809970
2810733
2810885
2811681
2812128
2812282
2813158
2813655
2814488
2814599
2814805
2815077
2815636
2815752
2815956
2816005
2816428
2817045
2818211
2818356
2819379
2820290
2820503
2820666
2821577
2822176
2822472
2823772
2823987
2824117
2824234
2824897
2825717
2826176
2827157
2827975
2828073
2828222
2828223
2828328
2829581
2829912
2831129
2831276
2832850
2833456
2834109
2834145
2835554
2835575
2836913
2836993
2837425
2837454
2838610
2838730
2839285
2839442
2839691
2839802
2840161
2840770
2841449
2841738
2841823
2842050
2842343
2842761
2844169
2844419
2845432
2845943
2846599
2847101
2847457
2847687
2848236
2849139
2849146
2849611
2849977
2850343
2850428
2850513
2850561
2850768
2851669
2851912
2852297
2852373
2852950
2853196
2853936
2854086
2854974
2855027
2855784
2856680
2856714
2856921
2857554
2857681
2857869
2858962
2859564
2860169
2860264
2861036
2861620
2862217
2863069
2863711
2864074
2864467
2864833
2865023
2865573
2865590
2865837
2865986
2866058
2866113
2867860
2868019
2868048
2868641
2869759
2871672
2872766
2873673
2874181
2874285
2874393
2874733
2876521
2876941
2876952
2878371
2880143
2881741
2882497
2882733
2883128
2884844
2888139
2888523
2888623
2888910
2889272
2889555
2890343
2891201
2891706
2892388
2893213
2893604
2893666
2893864
2894170
2894469
2894577
2894829
2895883
2896078
2896110
2896169
2896389
2896508
2896970
2897699
2898709
2899148
2899791
2900192
2900828
2901579
2903095
2903216
2903565
2904039
2906250
2906554
2907117
2907446
2909023
2909652
2911173
2912665
2912722
2912724
2912749
2912934
2913193
2913315
2914429
2914757
2915766
2916431
2916539
2917024
2918064
2918361
2918787
2919034
2919246
2919958
2920533
2921119
2921413
2921461
2923119
2923199
2923313
2923641
2924021
2924739
2924961
2925248
2925746
2926082
2926151
2927107
2927338
2927412
2927422
2928513
2928561
2929872
2931927
2932203
2932306
2932751
2933131
2933583
2934744
2935778
2936290
2936451
2937348
2937557
2937833
2938636
2938857
2939980
2940108
2940119
2940542
2940841
2941077
2941162
2941765
2941813
2942034
2942468
2942765
2943936
2944122
2944179
2944745
2945222
2945806
2946856
2946943
2946956
2947388
2948451
2949124
2949313
2950496
2951563
2952407
2954358
2954434
2954899
2955216
2956195
2956208
2956638
2956795
2956970
2957045
2958218
2959048
2959180
2959394
2959953
2961549
2962492
2962989
2963055
2963086
2963577
2964848
2964957
2966249
2966456
2966803
2967430
2967688
2967778
2969763
2971371
2971770
2972386
2972540
2972917
2973656
2974744
2976266
2976395
2977088
2977338
2977628
2977652
2977996
2978086
2978104
2978765
2978869
2978997
2979211
2979465
2980497
2980732
2980896
2981825
2982473
2982546
2983972
2984423
2984454
2984737
2984969
2985321
2986259
2986711
2987712
2988227
2988484
2989474
2989679
2989948
2990104
2990148
2991065
2992281
2992925
2993252
2994357
2995266
2995484
2996326
2997548
2998141
2998274
2998398
2998844
3001714
3002805
3002920
3003414
3003884
3004644
3005157
3006035
3006387
3007552
3007930
3009042
3009516
3010223
3010724
3012764
3012855
3013098
3013223
3013286
3013391
3013670
3013895
3015024
3016003
3016095
3016206
3017816
3018392
3018867
3019367
3020377
3020378
3020401
3021843
3023399
3025047
3025562
3025981
3026492
3026956
3028174
3028175
3028442
3028504
3029717
3029876
3031297
3031988
3032474
3033403
3033964
3034245
3034720
3034725
3034800
3034932
3035825
3036372
3036626
3037195
3037215
3037624
3038602
3038693
3039302
3039342
3040174
3040794
3040822
3042381
3043000
3043244
3043284
3043329
3043439
3044283
3045304
3045492
3045959
3046237
3046423
3047314
3048084
3048213
3048540
3049669
3049820
3049874
3050329
3050343
3052737
3055247
3055403
3057037
3058843
3059115
3060154
3061368
3061466
3061755
3062622
3063109
3063200
3063668
3064165
3064211
3064478
3064495
3065329
3065873
3066889
3067632
3069475
3069647
3070065
3070773
3072923
3073529
3073898
3074227
3074797
3075137
3075427
3076437
3076637
3076678
3077655
3078115
3078128
3078159
3079218
3079617
3079700
3080109
3080595
3080700
3081248
3081930
3082002
3082131
3082701
3084057
3084756
3084963
3085725
3086239
3086814
3087047
3087293
3087307
3088036
3088100
3088273
3088522
3088945
3089200
3089431
3090141
3091687
3092900
3092966
3093367
3093549
3093601
3094104
3094759
3094947
3094957
3096612
3097360
3099411
3099758
3100596
3100836
3101356
3102010
3102471
3103284
3103320
3103607
3103995
3104077
3104110
3104779
3105273
3105574
3105785
3106015
3107514
3108426
3108812
3108931
3108952
3109205
3109850
3109895
3109957
3109968
3110265
3110769
3111184
3111566
3112044
3112112
3112847
3114366
3115305
3115497
3117355
3117631
3117668
3119395
3119692
3120191
3120710
3121440
3122228
3122429
3123107
3123292
3123708
3124379
3124402
3124497
3126119
3126538
3128391
3128873
3128976
3129112
3129744
3130291
3130664
3130867
3130978
3131929
3132146
3132340
3132639
3132798
3133931
3133990
3134048
3134141
3134433
3134463
3134845
3135791
3135913
3137111
3137207
3137654
3138032
3138127
3138329
3138446
3140238
3140794
3141913
3142928
3145310
3145419
3145494
3146284
3146698
3147487
3147876
3148267
3148712
3149177
3149582
3149595
3149667
3150407
3150846
3152061
3152747
3153301
3153756
3154030
3154200
3154667
3155163
3156787
3157094
3157582
3157583
3157639
3157815
3158055
3158066
3158124
3158248
3158318
3159742
3159813
3160411
3160571
3160633
3160732
3161950
3162092
3163560
3164766
3165226
3165544
3165753
3166652
3167442
3167779
3167819
3168274
3168309
3168631
3168764
3169275
3169369
3170703
3170726
3172378
3172864
3174459
3174729
3175021
3175769
3175999
3178085
3178506
3179112
3179308
3179444
3180095
3180590
3180641
3182133
3182371
3183513
3184199
3186206
3186719
3187111
3188339
3189052
3190351
3191707
3191827
3192018
3192775
3193733
3194496
3194740
3195254
3195818
3196346
3196523
3197269
3197673
3198498
3200091
3200355
3201490
3201727
3201965
3202014
3202338
3202550
3203370
3203925
3204218
3205737
3206331
3207676
3208044
3208194
3208340
3208662
3208827
3208951
3209814
3210032
3211299
3211797
3212681
3212807
3213007
3213150
3213392
3213671
3214040
3214477
3214603
3215973
3216731
3217132
3218779
3219910
3219922
3220635
3220743
3221028
3221661
3222335
3222366
3223609
3224365
3224780
3225458
3226756
3227113
3227611
3227794
3228344
3228520
3229205
3229536
3229719
3230498
3230623
3231632
3231931
3233016
3233186
3234269
3234582
3235070
3235387
3235975
3236088
3236326
3236583
3236875
3238112
3238836
3238894
3238985
3239396
3240040
3240642
3240883
3241240
3241717
3242264
3243333
3246419
3246562
3248236
3249172
3249351
3250174
3251247
3251274
3252138
3253947
3254191
3254362
3254516
3256455
3256535
3257482
3257828
3257838
3259996
3260248
3260375
3260396
3261669
3262327
3262548
3263088
3263381
3265700
3266107
3267851
3268531
3268681
3269426
3269876
3270006
3270255
3270274
3270416
3271649
3271855
3272988
3273860
3274371
3274631
3275248
3275994
3276103
3276363
3278846
3279765
3280092
3280787
3281097
3281592
3281593
3282006
3282789
3282837
3282921
3283044
3283796
3283843
3284448
3284866
3284870
3285040
3285480
3285787
3286307
3287559
3287568
3288217
3288650
3288907
3289541
3291627
3291629
3291632
3291789
3292119
3292370
3292396
3293576
3293958
3294107
3294137
3294203
3294712
3296000
3296176
3297475
3298362
3298976
3299370
3299919
3300277
3300318
3300425
3300600
3300821
3301795
3302652
3302721
3303505
3303679
3304700
3304865
3305010
3305592
3305985
3307645
3307814
3308016
3308610
3309653
3310082
3310221
3311519
3312477
3313373
3314271
3314809
3315164
3315333
3315654
3315943
3316103
3316338
3316713
3317086
3317427
3317508
3318616
3320083
3320130
3321349
3321421
3321617
3322484
3322564
3323146
3324660
3325165
3325358
3325439
3326128
3326319
3326622
3328105
3328174
3328974
3330667
3330910
3330912
3331609
3332476
3334753
3334968
3335149
3335763
3335841
3336284
3337613
3338004
3338658
3338871
3339493
3339969
3340187
3340562
3340619
3341344
3341390
3342323
3342345
3342677
3343657
3343783
3344129
3344400
3345296
3345874
3346148
3346868
3348748
3349474
3349883
3350309
3350438
3351315
3351755
3352762
3354259
3354373
3354789
3354983
3355109
3355336
3356010
3356264
3356631
3357556
3358808
3358931
3359088
3361653
3362563
3362609
3363137
3363340
3363431
3363468
3363631
3365825
3365836
3366553
3367120
3367352
3367782
3368405
3368707
3368789
3369369
3371068
3371277
3371357
3371438
3372659
3374099
3374352
3374575
3375470
3375794
3376075
3376134
3376179
3376889
3377851
3379110
3379401
3379475
3379557
3379813
3379946
3380938
3380995
3381610
3385130
3385665
3385754
3386382
3386906
3387885
3388191
3388202
3388238
3388445
3388796
3389383
3390012
3390771
3390893
3391072
3391085
3392776
3393497
3393751
3393914
3393921
3393922
3393997
3394876
3395304
3395409
3395939
3395963
3396174
3398590
3398872
3399167
3400380
3400941
3401078
3401871
3402297
3402559
3402717
3403002
3403080
3403797
3404010
3404730
3404985
3405364
3406569
3407405
3407737
3409206
3410506
3410517
3411260
3411609
3411824
3412251
3412650
3413258
3413494
3413640
3414160
3414890
3415061
3416496
3418325
3418756
3419232
3421187
3421393
3422021
3422761
3423048
3423097
3423276
3423478
3423830
3425412
3425491
3426874
3429264
3429838
3430183
3430855
3430956
3431140
3431965
3433191
3433596
3433612
3433699
3433956
3434403
3434480
3435217
3437255
3437715
3437876
3438095
3438894
3439282
3439928
3439977
3440005
3440895
3441054
3442006
3442459
3442475
3442896
3444848
3445696
3446535
3447394
3447942
3449193
3449702
3450296
3451109
3451257
3451740
3451989
3452742
3452812
3452830
3454205
3454621
3454742
3454862
3459496
3461474
3462165
3462269
3463019
3463232
3463863
3463868
3463936
3464019
3464250
3464988
3465286
3468592
3468878
3469830
3469838
3470847
3471089
3471172
3472107
3472624
3473188
3473553
3473685
3474492
3474980
3475501
3475898
3476133
3476221
3476917
3476978
3478216
3478923
3481304
3481662
3481711
3481918
3484129
3484248
3484826
3485023
3485082
3485665
3486237
3487214
3487343
3487659
3488742
3489349
3489875
3490286
3490497
3491721
3492044
3492200
3492300
3492334
3493617
3493673
3494796
3494817
3495401
3498894
3499049
3499833
3499934
3500109
3500437
3501149
3501751
3502657
3504424
3505205
3505504
3505937
3506085
3506853
3507662
3508678
3508728
3509852
3511229
3511313
3511960
3512422
3512694
3513348
3515011
3515014
3516185
3516210
3516243
3516976
3517919
3518308
3518685
3518885
3520015
3520974
3521724
3521752
3522186
3522491
3523311
3523689
3523930
3524219
3524754
3526276
3526844
3527619
3528020
3528706
3529680
3530678
3531641
3531722
3531913
3533700
3534078
3534514
3534841
3535061
3535129
3535643
3536877
3536963
3539251
3539749
3540302
3540586
3540866
3541721
3542167
3543241
3543363
3543611
3544455
3544978
3545804
3546274
3546319
3546646
3548085
3548091
3548528
3548667
3549244
3549280
3551361
3552485
3552728
3552814
3553634
3555181
3555557
3556124
3556131
3556665
3556712
3556877
3557435
3557442
3558030
3558737
3559188
3559366
3559694
3559817
3560474
3560681
3561045
3561318
3561491
3562817
3562871
3563149
3563555
3564288
3564501
3564634
3564708
3565723
3566150
3566185
3566294
3567065
3567748
3567897
3567917
3568589
3568778
3570960
3571560
3572198
3574435
3574867
3574896
3575722
3576452
3577144
3577622
3577721
3578365
3579481
3580819
3581054
3581514
3581862
3582643
3583945
3584174
3584287
3584482
3585569
3585608
3585806
3587894
3588184
3588829
3588881
3589030
3589180
3589478
3589648
3589824
3589868
3592325
3592937
3594925
3595802
3596826
3597215
3597490
3597688
3597812
3597890
3597911
3598001
3598005
3598101
3598403
3598485
3600895
3602184
3602409
3602730
3603067
3605178
3605898
3606059
3607865
3608618
3610090
3610360
3611566
3612023
3614003
3614470
3614545
3614606
3614662
3614712
3615547
3616337
3616942
3617026
3618215
3618711
3618889
3620306
3620651
3620738
3621361
3622006
3622130
3622273
3622978
3623388
3623490
3623768
3624265
3624283
3624853
3625202
3625873
3626746
3627323
3627467
3627721
3628001
3628239
3628307
3628390
3629172
3629602
3630211
3630501
3631739
3631945
3632382
3632727
3632856
3633226
3634160
3634178
3634252
3634371
3635231
3635592
3635820
3636299
3637440
3638030
3638280
3638617
3639415
3640088
3640164
3640406
3640493
3641485
3641705
3642668
3642793
3643184
3643722
3646191
3646377
3647246
3647280
3647475
3647684
3648317
3650753
3651882
3651919
3652286
3652675
3653181
3653329
3653578
3654019
3654958
3656014
3656128
3657805
3658311
3658450
3658489
3658944
3659347
3659753
3659776
3660376
3661495
3661590
3662135
3662242
3662966
3663408
3663684
3664070
3664244
3664810
3664866
3665703
3665838
3666628
3666733
3666868
3667207
3667816
3668633
3669728
3669892
3670236
3672022
3673097
3674419
3674717
3676168
3676320
3676921
3677494
3677735
3677874
3678022
3678303
3679702
3680517
3680895
3680933
3681546
3682079
3682506
3682677
3682887
3683079
3683289
3684032
3685822
3685853
3686866
3687991
3688548
3688879
3691350
3692069
3692487
3693223
3694460
3694553
3694727
3695053
3695814
3695948
3696202
3696623
3698092
3698188
3698192
3698464
3698529
3699548
3699806
3701165
3701899
3702018
3702836
3703639
3704063
3704808
3705622
3707082
3707451
3707938
3709011
3709077
3709853
3710194
3711152
3711164
3712844
3713033
3713644
3713673
3714699
3715112
3715608
3715621
3715893
3717504
3717513
3718163
3718263
3718345
3719765
3720655
3720832
3722769
3723417
3723952
3724286
3725264
3725644
3725946
3726225
3726900
3727337
3727670
3727885
3727940
3728100
3728788
3728811
3730799
3731044
3732125
3732459
3732504
3732731
3734393
3734562
3734662
3735254
3735501
3736587
3736785
3736789
3736981
3737148
3738231
3738628
3738707
3739333
3740117
3740229
3740565
3740673
3741604
3741909
3741935
3742220
3742728
3742853
3744181
3744449
3744657
3744750
3745074
3745671
3745706
3746408
3746843
3747824
3747843
3748359
3748473
3748707
3748830
3749240
3750004
3750098
3750834
3751755
3751933
3752087
3752356
3752820
3752858
3752959
3753069
3754837
3755045
3755485
3755779
3756392
3756800
3756983
3757261
3757494
3757573
3757847
3758309
3758487
3758795
3759349
3759772
3760442
3761137
3761144
3762267
3762467
3762909
3763592
3764726
3764842
3765146
3765212
3765899
3768347
3768553
3770045
3772251
3772456
3772994
3773444
3773978
3774817
3775492
3776104
3776656
3777130
3778026
3778124
3778313
3778566
3779972
3780664
3781271
3782203
3782230
3782381
3783463
3784069
3784122
3784286
3784608
3784799
3785230
3785913
3785985
3786303
3786476
3786580
3786609
3786983
3787384
3787548
3787679
3788293
3788756
3788782
3789596
3790382
3790596
3791383
3792423
3793828
3793838
3795393
3795781
3796105
3796437
3797561
3797955
3798616
3799485
3800340
3800683
3800744
3801748
3803476
3804262
3805353
3808007
3808214
3808656
3809877
3810100
3810155
3810728
3810796
3811703
3811922
3812581
3812674
3814927
3815234
3817175
3817224
3818259
3819047
3819236
3819302
3819468
3819970
3820017
3820134
3820535
3822168
3822332
3822845
3823650
3824627
3824817
3824922
3825272
3826607
3826680
3828188
3828971
3830521
3830749
3831456
3831755
3833212
3834072
3834089
3834129
3834305
3834682
3835866
3836167
3836278
3836597
3837445
3837524
3837951
3838707
3838944
3839031
3839435
3839449
3840297
3840895
3841577
3841795
3842028
3843044
3843104
3843861
3844556
3844562
3844683
3845084
3845414
3846501
3847226
3847502
3848492
3849592
3850134
3850572
3850791
3850838
3852057
3852957
3854096
3855200
3855844
3856600
3856774
3857589
3858327
3858428
3859752
3860509
3860537
3860985
3861075
3861232
3862077
3862339
3863294
3863498
3863577
3863674
3863930
3864031
3864552
3864964
3865878
3866329
3866343
3866498
3866546
3866861
3868276
3868283
3869354
3869401
3869534
3869952
3871804
3872402
3872548
3872572
3872593
3872621
3872822
3873366
3873756
3873892
3874248
3874479
3874884
3874999
3875267
3875514
3876167
3876721
3877872
3877964
3878184
3878284
3878891
3879946
3880319
3880418
3880625
3880970
3881375
3882038
3882100
3882792
3884134
3884813
3885174
3885797
3886397
3886405
3887202
3887732
3888953
3889083
3889192
3889939
3890515
3892557
3894096
3894785
3894932
3895001
3895182
3895741
3896793
3897018
3897281
3897822
3897912
3900013
3901418
3902680
3902706
3903145
3903692
3903992
3904647
3904906
3905029
3905422
3907332
3907486
3907920
3908058
3908307
3908971
3909066
3910272
3911070
3911544
3911833
3912754
3914040
3914044
3915423
3915466
3916051
3916725
3916961
3917201
3918121
3918164
3918203
3918730
3919252
3920964
3921009
3921164
3921437
3922607
3922621
3922980
3924071
3924997
3925024
3925175
3925645
3925846
3926133
3926741
3927635
3927769
3927958
3928910
3929922
3931439
3931686
3932119
3933342
3933936
3934362
3934376
3934627
3934762
3934983
3935009
3935190
3935600
3936086
3936184
3937308
3937678
3938141
3938237
3938913
3939487
3940121
3940891
3944427
3944630
3945008
3946657
3946922
3947547
3948222
3948283
3948467
3948980
3949145
3950231
3950252
3951163
3951443
3951689
3951931
3952371
3953396
3953591
3953854
3954467
3954624
3954826
3954948
3955245
3955431
3955755
3957060
3957073
3957409
3959062
3959183
3960383
3960977
3961523
3962692
3963682
3965597
3966246
3967470
3968050
3968072
3968122
3968178
3969168
3969227
3969530
3970104
3970343
3971078
3971642
3972556
3972736
3973232
3974781
3976826
3977075
3978097
3978118
3979215
3979335
3979370
3979572
3979762
3979774
3980515
3982959
3983009
3983090
3983305
3983337
3984009
3984170
3984489
3985114
3985426
3985697
3986043
3987400
3987515
3987527
3989544
3990111
3990160
3990314
3990411
3990808
3990956
3991094
3991628
3991819
3992087
3994292
3994447
3994634
3994726
3996438
3996906
3997706
3998107
3998122
3998405
3999913
3999968
4000844
4001810
4002065
4003106
4003399
4003655
4004081
4004973
4005494
4005791
4006054
4006145
4006249
4006472
4006491
4006684
4006750
4007210
4007378
4008523
4008649
4008799
4008954
4009205
4009267
4009607
4009658
4010588
4012213
4012288
4012937
4015235
4015920
4016163
4016456
4016516
4018124
4018726
4018795
4019529
4019834
4020743
4022448
4023660
4023802
4024196
4024427
4024595
4025135
4026662
4027415
4028045
4028178
4028591
4029583
4030105
4031439
4031672
4033296
4033882
4033983
4034745
4034884
4035060
4035380
4035473
4036566
4036632
4036857
4037100
4037197
4037452
4037590
4037899
4038188
4038738
4040125
4040176
4040210
4040378
4042000
4042013
4042061
4042272
4042685
4043143
4043183
4044410
4044506
4044850
4045242
4045283
4045694
4045817
4046538
4046964
4046998
4047241
4047244
4047738
4048182
4048511
4048816
4049376
4049613
4049633
4049885
4050757
4051248
4051639
4052547
4052807
4053092
4053509
4053554
4054006
4054687
4055046
4055050
4056479
4056792
4056864
4057858
4058651
4059866
4060832
4060948
4062062
4062510
4062656
4062733
4062942
4063001
4063866
4064736
4065354
4065759
4066312
4067202
4069505
4070904
4071283
4071322
4072562
4073020
4073709
4074620
4074655
4074950
4077712
4077759
4078878
4079171
4079260
4080072
4080658
4080954
4081770
4082407
4083030
4083122
4083346
4084267
4084295
4084593
4084838
4084891
4085756
4086871
4086932
4087020
4087258
4087851
4088198
4088518
4089394
4089915
4090619
4092385
4092413
4092856
4093142
4093177
4094686
4094860
4094978
4095278
4095604
4096003
4096123
4096981
4097472
4097729
4097791
4098221
4099623
4099726
4100414
4102165
4102560
4102982
4103023
4103484
4104111
4104826
4105485
4107204
4107261
4108084
4108515
4109043
4109379
4109634
4109761
4110203
4110293
4112988
4113046
4116013
4116132
4116276
4116494
4116835
4117496
4117882
4118385
4118874
4118962
4120489
4120775
4121989
4122221
4122449
4123371
4123746
4124165
4124476
4125207
4125764
4125900
4126352
4126595
4126633
4127362
4127388
4128093
4128488
4128747
4129575
4129818
4133250
4134598
4135542
4136916
4136960
4137187
4137339
4137844
4138680
4139350
4139463
4139809
4139893
4140889
4141041
4141125
4141140
4141886
4141888
4141991
4142291
4142702
4142860
4143625
4144942
4145537
4146767
4147161
4147375
4147635
4147855
4150634
4151517
4151949
4151983
4152632
4153742
4154416
4154782
4155292
4157005
4158260
4158715
4159364
4159443
4159673
4160151
4160418
4160745
4161875
4162986
4163254
4163651
4163705
4165546
4165753
4166177
4166568
4166785
4166861
4167022
4167239
4167521
4167575
4167795
4168352
4169069
4169517
4169571
4169785
4169966
4170252
4170259
4170354
4170484
4171150
4171369
4171420
4171462
4171804
4172128
4172487
4173474
4173530
4174564
4175221
4176033
4176441
4176821
4176976
4177123
4177498
4177583
4177610
4178891
4178981
4180793
4181226
4181622
4182176
4182624
4182656
4183671
4184409
4184801
4184821
4185335
4186116
4186212
4186340
4186619
4186755
4187992
4188708
4189453
4190144
4190640
4190742
4191145
4191470
4191472
4191948
4193837
4194245
4194300
4195236
4195425
4195719
4196230
4196712
4197423
4197431
4198123
4198287
4198784
4198953
4199059
4200418
4201207
4201242
4202171
4202264
4202762
4203188
4203296
4203690
4204055
4204302
4204709
4205621
4206062
4206473
4207251
4208992
4209103
4210942
4211515
4211805
4212434
4212452
4212649
4213294
4214257
4214779
4214832
4215108
4215470
4215701
4216550
4216771
4216886
4217762
4219409
4219961
4220586
4221508
4221552
4221654
4221771
4221962
4222346
4222567
4223748
4223918
4224381
4224940
4225739
4225928
4227367
4227440
4228071
4228369
4229115
4230023
4231973
4232563
4232700
4232982
4233663
4233881
4234416
4235667
4236101
4236150
4236300
4239749
4240494
4240499
4240508
4241221
4242069
4243454
4243802
4243933
4244477
4244520
4245083
4246868
4247437
4247823
4248049
4249016
4249174
4249981
4250736
4251260
4252060
4253423
4253977
4254283
4254416
4255354
4255869
4255915
4256111
4256325
4256470
4256522
4256537
4256589
4258514
4258638
4259314
4260009
4260607
4261051
4261392
4261682
4261986
4262904
4263232
4263894
4264028
4264794
4264806
4264957
4265101
4265150
4266229
4266643
4266809
4267727
4268107
4268945
4269978
4270354
4270763
4271893
4271956
4273466
4273971
4274021
4274983
4275501
4277783
4277974
4277983
4278146
4278439
4278525
4278913
4279394
4279593
4279775
4280557
4281046
4281591
4281634
4282776
4283797
4283877
4283998
4284436
4284506
4284835
4285524
4286060
4286740
4286843
4286903
4287586
4287732
4288715
4290567
4293249
4293349
4294298
4296229
4296605
4297334
4299660
4300339
4300526
4300864
4301705
4301923
4302478
4303138
4303617
4303634
4303948
4304689
4304921
4305033
4305240
4305910
4306433
4307388
4307726
4307760
4307836
4308394
4308902
4309162
4310397
4312311
4312367
4312597
4314270
4314294
4315021
4315627
4316110
4316684
4317165
4317187
4317650
4319203
4319971
4320326
4321613
4321721
4321953
4322431
4323449
4325261
4325368
4326197
4326394
4328400
4328702
4329913
4330387
4330493
4330822
4331542
4332938
4332955
4334284
4334410
4334616
4334830
4338002
4338058
4339214
4339352
4339713
4340778
4341020
4341170
4341769
4342123
4344307
4345286
4345892
4346832
4348049
4348931
4349005
4349771
4349793
4349918
4349952
4350158
4350842
4351521
4351852
4353004
4353033
4353052
4355526
4356495
4356723
4356814
4356994
4357617
4357756
4358420
4358755
4359008
4359142
4359994
4360366
4361052
4361139
4361528
4361548
4362745
4363283
4363462
4363682
4364257
4364703
4364770
4365099
4366250
4366549
4366693
4366698
4366930
4366935
4367368
4368614
4368622
4368883
4369380
4369941
4370255
4371103
4371123
4371817
4372221
4372394
4373432
4373913
4374014
4374326
4375443
4375492
4376649
4377079
4377207
4377498
4377942
4378932
4379923
4380192
4380222
4380467
4381304
4382276
4383010
4383573
4384291
4384744
4386099
4389502
4389655
4390398
4391181
4391243
4391247
4391297
4391838
4393789
4394541
4394692
4395549
4396113
4396260
4396611
4398029
4398955
4399737
4399992
4401017
4401419
4401773
4403341
4403618
4404096
4404333
4405147
4405496
4405836
4406357
4406574
4406864
4406997
4407185
4407298
4408533
4408625
4408703
4409685
4409964
4410169
4410613
4411514
4411675
4411805
4411988
4412269
4413999
4414019
4415395
4415604
4415741
4417658
4418553
4420053
4420228
4420339
4420704
4422111
4422603
4422814
4423788
4424022
4424158
4424275
4424340
4424609
4425276
4425561
4425655
4425753
4427133
4428197
4428455
4428661
4428961
4429010
4429050
4429430
4429503
4429890
4430019
4430837
4431358
4431587
4431812
4432003
4432059
4432255
4432294
4432335
4432900
4433374
4433870
4434357
4434512
4434621
4435513
4437698
4438393
4438675
4438848
4439816
4440221
4441499
4442886
4443341
4443611
4444694
4445267
4446382
4446769
4446829
4447057
4447948
4448250
4449471
4449951
4450494
4450601
4450609
4450792
4451257
4451746
4451848
4452752
4452931
4453262
4453450
4453796
4454296
4454676
4454682
4455179
4455625
4455914
4456433
4458873
4458953
4458987
4459873
4460712
4461097
4461474
4461572
4461669
4461910
4461958
4462873
4463000
4463226
4463931
4464470
4464922
4465053
4465290
4465716
4465984
4467266
4467419
4468154
4468240
4468310
4468475
4468691
4468757
4469563
4469620
4471040
4471216
4471285
4473078
4473223
4473431
4473780
4474211
4474256
4474277
4474435
4474730
4475721
4475956
4476379
4476399
4477747
4478885
4479966
4480140
4480840
4480894
4481750
4481897
4481912
4482013
4483780
4487286
4487569
4487893
4487954
4488533
4488930
4490401
4490498
4491205
4491311
4491613
4491656
4492949
4493884
4494029
4495397
4495960
4496640
4497067
4497494
4497506
4497872
4498205
4498552
4498725
4498774
4499304
4499537
4499776
4500231
4500541
4501114
4501613
4502003
4502069
4502178
4503414
4504315
4504656
4504723
4505208
4505230
4505503
4506273
4506638
4508806
4508872
4508892
4509606
4511049
4512220
4512399
4513036
4514162
4514821
4514859
4515174
4515680
4515777
4517312
4518461
4519487
4520266
4520305
4520329
4522255
4522552
4523544
4523935
4524660
4525200
4526027
4527594
4527922
4528097
4528237
4529071
4530600
4530612
4530809
4531297
4531578
4531917
4532541
4533135
4533243
4533832
4534034
4534120
4534397
4534570
4534589
4535276
4535540
4536018
4538480
4539824
4539960
4540919
4541888
4541994
4543023
4543940
4544792
4546133
4546271
4546939
4548036
4549960
4550788
4551286
4551457
4551800
4552337
4552646
4554689
4555092
4555384
4557199
4558722
4560845
4561152
4561465
4562347
4564518
4564867
4565861
4565892
4566072
4566357
4568327
4569321
4569745
4570523
4570784
4570796
4571185
4571410
4572286
4572352
4572542
4572635
4573042
4573087
4574167
4575826
4576110
4576154
4576256
4576617
4578607
4578847
4578858
4579009
4579090
4579125
4579632
4580427
4581710
4581866
4581877
4582403
4582596
4583283
4583701
4585648
4586290
4586971
4586974
4587799
4589478
4589590
4590446
4590506
4590636
4591023
4591384
4592841
4592887
4593249
4593466
4593568
4593748
4594113
4594661
4594757
4595068
4595099
4595691
4596171
4596950
4597009
4597800
4598095
4598363
4598942
4601417
4601486
4601521
4602430
4602774
4603196
4604914
4605697
4605778
4606436
4607020
4609518
4609552
4609859
4610137
4610188
4610189
4610494
4610878
4610918
4611284
4612166
4613081
4613199
4613378
4614308
4614596
4615066
4615548
4615552
4615779
4616786
4616848
4617178
4617756
4617847
4617869
4618056
4618301
4622782
4623869
4623872
4623903
4624327
4625517
4626128
4626791
4628566
4629358
4629978
4630475
4631069
4631260
4631544
4631934
4632824
4633939
4634012
4634390
4634475
4634991
4635517
4636568
4637738
4637979
4638133
4638750
4638912
4639775
4640097
4640312
4640886
4641106
4641364
4642137
4642211
4642298
4642842
4644212
4644613
4646350
4646973
4647721
4647864
4648071
4648550
4648921
4649642
4651143
4652104
4652658
4653234
4653366
4654021
4654071
4654172
4654354
4654815
4655165
4655697
4656183
4657069
4657640
4658131
4658153
4659112
4659513
4661505
4661637
4661732
4662765
4662831
4662920
4663645
4663761
4663931
4663982
4664757
4665180
4665277
4665842
4666035
4666228
4666639
4666862
4666916
4667138
4667374
4667460
4670765
4670824
4671417
4671507
4671701
4671789
4673917
4675376
4676257
4676381
4676573
4677344
4677846
4678082
4678709
4679196
4679887
4680389
4681961
4682219
4683290
4684268
4685405
4685420
4685832
4685850
4686167
4686777
4687631
4687645
4687770
4688749
4689482
4689541
4689571
4690818
4692042
4692301
4694152
4694557
4696227
4696393
4696598
4697082
4697130
4697151
4697409
4697424
4697574
4697782
4698602
4698761
4698868
4699795
4699972
4700036
4700462
4701480
4701776
4702430
4702471
4702818
4703369
4703380
4703412
4704186
4704620
4704625
4704986
4704992
4705222
4705258
4706914
4707008
4707166
4707423
4708244
4709111
4709248
4709474
4709560
4710673
4710943
4711721
4713508
4714156
4714981
4715028
4715296
4715789
4715851
4716273
4716305
4716390
4718412
4720865
4720882
4722216
4723781
4724155
4724303
4724322
4725402
4725561
4725936
4726441
4726498
4727051
4727567
4727590
4730597
4730721
4731174
4734037
4734324
4734800
4735132
4737343
4738157
4738358
4738635
4739414
4739758
4741117
4742287
4742576
4742655
4742816
4743310
4743621
4744309
4745399
4745426
4746270
4747123
4747488
4747989
4748034
4748458
4748830
4749318
4750256
4750642
4751252
4751519
4752148
4752275
4752549
4753595
4753847
4754574
4754638
4755196
4756166
4756320
4756481
4756572
4756599
4757209
4757584
4757917
4759276
4759539
4759919
4759953
4760271
4760536
4762192
4762194
4762382
4762472
4762663
4763122
4763322
4763880
4764914
4765141
4766218
4766767
4767357
4767537
4767974
4768643
4768835
4769182
4770195
4770545
4770716
4771511
4771704
4771979
4772564
4773106
4774141
4776006
4776397
4777222
4777449
4778326
4779062
4779189
4780203
4780625
4783276
4783559
4783965
4785353
4785474
4786374
4788169
4788435
4789133
4790059
4790272
4790826
4790859
4791498
4793660
4794051
4794196
4795677
4795869
4797363
4797525
4798061
4800213
4800347
4800350
4800618
4800744
4800976
4801652
4801941
4802227
4802315
4802940
4803320
4803372
4803663
4804072
4804423
4805644
4805985
4806466
4806618
4807727
4807894
4808446
4808592
4808615
4809029
4809386
4810147
4810683
4810687
4811362
4811861
4812498
4812531
4813052
4814087
4814241
4815069
4815072
4819022
4819543
4819586
4820164
4821542
4821700
4821934
4822574
4822600
4823622
4823764
4823776
4824695
4824961
4825276
4825654
4826060
4827067
4827128
4827723
4828049
4828352
4828464
4828885
4829648
4831010
4831582
4831862
4832901
4833618
4833871
4834023
4834155
4834661
4835665
4836458
4836697
4836795
4837605
4837808
4837816
4837826
4837939
4838945
4839153
4839183
4839514
4839985
4841495
4841527
4842607
4843404
4844082
4844383
4844965
4845313
4845345
4846004
4846126
4846726
4847532
4849733
4850677
4850690
4850760
4853251
4853281
4855372
4855415
4855700
4856975
4857165
4857179
4858481
4858572
4859842
4859918
4860620
4860778
4862857
4863752
4864001
4865082
4865202
4865803
4866535
4869098
4869816
4869924
4870368
4870572
4871475
4871624
4871960
4872190
4872946
4873096
4873223
4873317
4873746
4873881
4874831
4875409
4875454
4876984
4877131
4877460
4878192
4878637
4879039
4879350
4879789
4881657
4882752
4883232
4883285
4884143
4885072
4885165
4885968
4887039
4887936
4888408
4888522
4888667
4888773
4889186
4889512
4889653
4890122
4890145
4893040
4893950
4894216
4894526
4894660
4895716
4896259
4896346
4896758
4896850
4897191
4897336
4898173
4898175
4898673
4899590
4899878
4899900
4900696
4900795
4902130
4902944
4903076
4903317
4903719
4904645
4904836
4905450
4906106
4906900
4906947
4907334
4907821
4908064
4908464
4908927
4909194
4909317
4910159
4910284
4910311
4910333
4910372
4910868
4912175
4912531
4912647
4914216
4914704
4915229
4915834
4917024
4917277
4918081
4918974
4920080
4920291
4920439
4920848
4922489
4922658
4923044
4923155
4923909
4923983
4924330
4924365
4925624
4925980
4926080
4927295
4928135
4928261
4928971
4929128
4930856
4931171
4932274
4932944
4933244
4933624
4934285
4934933
4935045
4935077
4935506
4935512
4935607
4935950
4936243
4937323
4937486
4938723
4938732
4938737
4939009
4940798
4940934
4940979
4941197
4941661
4942102
4942674
4942791
4943655
4943824
4944643
4945950
4946559
4947830
4951594
4951862
4952033
4953202
4955905
4956440
4956775
4958634
4960411
4961011
4962290
4962616
4962801
4963329
4964181
4964199
4964326
4964814
4964909
4965416
4965563
4968314
4968637
4969151
4969975
4970770
4971393
4972504
4972630
4972741
4972766
4973117
4973434
4973571
4974045
4974339
4974654
4974867
4975471
4975698
4976033
4976340
4976704
4979178
4979450
4979784
4980584
4981168
4981781
4981840
4982422
4983377
4984241
4985005
4985190
4986341
4986351
4987948
4988228
4988656
4989402
4989527
4989567
4990370
4990758
4990793
4992159
4992423
4992864
4992973
4993224
4993243
4995726
4997204
4998115
4998382
4998639
4999063
5000076
5000438
5001462
5001646
5001797
5002637
5002770
5003017
5003088
5004101
5004341
5004549
5004679
5005296
5005549
5007491
5007550
5007877
5008047
5008181
5008894
5008992
5009454
5009504
5009952
5011052
5011626
5013558
5013655
5013794
5014330
5014452
5014634
5014642
5015453
5015462
5015576
5016210
5016257
5016402
5017037
5017229
5019142
5022056
5022330
5022676
5022973
5023509
5023933
5024457
5025299
5025464
5025750
5026187
5026874
5027198
5027815
5028609
5029962
5030007
5030236
5030262
5031097
5031541
5031641
5032814
5033661
5035474
5036234
5036319
5037041
5037820
5038568
5038710
5039033
5040313
5040322
5040955
5042351
5042367
5042515
5042855
5043132
5044013
5044152
5046641
5047172
5048391
5048461
5050165
5050912
5051882
5051982
5052558
5052879
5053794
5054209
5054245
5057623
5057860
5058072
5058524
5060433
5060797
5060952
5061212
5061876
5061925
5063366
5063405
5063619
5063635
5064639
5065341
5065401
5066467
5066784
5066890
5068962
5069408
5069432
5069635
5069678
5069772
5070636
5070746
5071058
5071306
5071825
5071906
5072099
5073069
5073093
5073150
5073499
5073543
5075263
5075815
5076310
5076622
5077028
5078695
5078889
5079775
5080726
5080884
5081016
5081847
5082058
5082215
5082825
5082977
5083273
5083738
5084072
5084581
5084594
5084747
5084762
5084953
5085164
5085264
5086937
5087553
5087573
5087649
5088716
5088852
5089377
5090642
5090851
5091458
5092506
5092566
5093926
5094426
5095167
5095463
5096440
5097619
5098973
5099511
5099640
5100212
5101252
5101925
5102324
5102435
5103389
5103862
5103919
5105667
5105990
5106070
5106513
5109126
5110427
5114027
5114433
5114803
5115330
5115567
5116074
5116117
5116512
5117510
5117514
5117563
5117720
5118356
5119526
5120392
5120725
5121323
5121874
5123652
5124628
5125882
5126010
5126139
5127266
5127589
5127642
5129191
5129645
5130207
5130513
5130893
5130944
5131240
5131421
5132269
5132337
5132684
5132863
5133125
5133661
5135264
5135438
5136333
5136872
5137164
5137203
5137376
5137437
5138322
5138555
5138909
5139907
5140538
5140584
5141416
5141554
5141793
5141838
5142131
5142257
5142547
5143268
5144211
5145926
5146468
5146631
5147178
5147246
5147658
5148399
5148619
5149260
5149670
5149774
5151611
5154268
5154514
5154714
5155163
5155692
5156661
5156835
5157014
5157919
5158344
5159393
5159412
5160828
5160925
5161534
5163225
5164707
5165659
5166535
5166877
5167744
5167745
5168179
5168196
5168268
5168844
5169306
5169873
5170982
5171254
5172309
5173089
5173335
5174173
5174900
5175129
5175931
5176491
5176599
5176980
5178060
5178084
5178232
5179055
5179187
5179473
5180654
5180930
5181034
5182145
5182488
5183226
5183394
5183567
5183746
5183960
5184116
5184315
5184457
5184802
5185738
5185935
5186667
5187555
5187735
5190081
5190170
5190905
5190957
5191092
5192118
5192127
5192208
5192925
5192939
5193331
5194912
5195004
5195399
5196493
5196911
5197013
5197323
5198110
5199389
5201875
5204855
5205504
5207285
5207466
5207521
5207871
5208549
5209019
5209728
5210513
5211097
5212157
5212945
5212970
5213109
5213566
5213676
5214162
5214413
5215273
5215519
5216035
5216452
5216464
5216679
5217163
5217799
5218793
5219118
5219516
5219726
5220238
5220260
5222399
5222921
5225049
5225843
5226173
5226951
5227036
5227612
5228132
5228211
5228236
5228288
5228580
5228675
5229074
5229818
5229853
5230760
5233368
5234584
5234936
5234944
5235425
5236160
5236725
5238507
5240834
5241609
5241966
5242969
5243635
5243701
5243822
5244686
5244725
5245121
5245272
5245427
5246273
5246726
5248337
5248583
5249085
5249447
5249604
5250911
5251346
5251368
5251532
5252492
5252672
5253684
5254053
5254832
5256000
5256065
5256207
5256229
5256444
5257018
5257173
5257240
5257355
5258175
5259035
5259581
5259753
5260367
5261055
5262549
5264324
5264442
5264673
5264937
5266078
5266214
5266825
5267321
5267348
5268451
5268583
5269018
5269437
5270331
5270891
5271113
5271925
5272866
5273332
5273775
5275607
5275989
5276440
5276509
5276681
5276757
5276898
5277920
5278283
5278285
5279112
5279222
5279605
5279736
5279754
5280649
5281269
5281368
5281614
5281886
5282035
5283051
5284026
5284331
5284704
5284817
5284962
5285116
5285212
5285271
5286288
5286484
5287224
5288784
5289634
5289776
5289838
5291225
5292986
5293679
5293760
5293789
5294481
5294585
5294612
5294643
5295203
5295382
5296022
5298169
5298198
5298272
5299105
5299934
5300021
5300589
5300774
5301393
5301995
5303216
5303448
5303863
5304825
5307483
5310435
5311028
5311233
5312337
5312414
5312597
5312737
5312750
5312849
5314269
5314433
5314640
5315585
5315890
5316169
5316331
5317068
5317845
5318786
5319271
5320250
5320378
5320980
5321078
5321297
5321681
5321824
5322986
5325285
5325722
5325977
5326126
5328401
5328843
5329554
5330665
5332582
5332800
5332822
5333908
5334048
5334382
5334461
5334821
5335195
5335205
5336134
5336779
5337115
5337744
5339920
5340061
5340322
5342167
5342293
5342885
5343283
5343649
5343823
5344023
5344270
5344382
5344438
5345282
5345883
5346544
5346682
5348853
5348898
5349874
5350581
5350815
5351357
5351541
5351614
5352331
5352354
5352934
5353065
5354597
5357060
5357762
5357868
5358305
5358560
5358770
5359148
5359967
5360572
5360626
5360934
5361051
5362341
5362918
5363161
5363208
5363655
5363864
5364484
5364501
5366359
5366647
5366849
5367222
5367606
5367761
5368126
5368401
5368780
5369056
5369403
5369442
5370499
5371121
5371136
5371376
5371463
5371976
5371985
5374323
5374471
5375118
5375828
5378283
5379363
5379385
5380989
5381044
5381801
5381911
5382248
5382280
5382354
5383227
5384029
5384762
5386445
5386947
5387470
5388090
5388100
5388680
5388689
5389512
5389738
5390099
5390399
5390854
5390944
5391019
5391302
5392741
5393081
5394069
5394321
5394736
5395536
5396259
5399185
5401058
5402128
5403475
5404506
5405335
5405436
5406619
5406919
5406964
5408279
5408284
5408686
5408970
5410391
5410465
5410560
5410692
5411138
5412471
5413015
5413140
5413413
5413464
5413539
5413782
5415164
5416205
5416517
5416706
5417574
5419479
5420075
5420146
5421327
5422735
5423082
5423101
5423349
5423511
5423575
5423868
5424351
5424388
5424958
5425045
5426422
5426612
5426738
5427128
5427150
5429387
5429424
5429455
5429983
5431262
5432802
5432940
5433110
5434236
5434381
5434771
5435365
5435520
5435884
5435927
5435941
5436097
5436534
5436714
5437166
5437378
5438979
5439038
5439867
5440470
5441515
5441928
5442613
5443048
5443523
5444037
5444580
5444813
5444904
5445009
5445253
5445285
5445791
5446268
5446565
5446809
5447330
5448109
5448653
5448773
5449317
5449553
5449966
5450241
5450252
5450898
5451199
5452445
5453859
5454158
5454268
5454821
5455028
5455147
5455282
5456235
5456466
5456730
5456835
5456888
5457187
5457500
5457950
5459152
5460895
5461083
5462124
5462679
5462700
5463357
5463369
5463394
5463569
5464187
5465966
5467966
5468375
5468802
5468883
5468947
5469163
5469568
5469570
5470018
5470750
5470764
5471969
5472053
5472699
5472854
5473070
5473993
5474084
5475153
5475530
5476794
5476831
5477068
5477294
5477434
5477824
5477865
5478563
5478651
5479708
5479752
5480842
5481696
5482479
5483062
5484166
5485769
5486031
5486263
5486780
5488637
5488682
5488763
5489223
5490201
5491499
5491680
5491813
5492547
5493113
5493299
5494434
5495231
5496547
5497430
5498923
5499922
5500257
5501453
5501477
5501697
5501787
5502098
5502188
5502400
5502953
5502995
5503127
5503620
5504188
5504591
5505057
5505226
5506278
5506556
5507561
5508566
5508651
5509210
5510099
5511012
5511578
5512011
5512122
5512148
5512271
5512408
5513120
5514754
5514861
5515939
5516499
5517128
5517227
5517266
5517335
5518288
5518309
5519249
5519890
5521492
5521733
5523227
5523643
5523816
5524703
5524927
5525130
5525335
5525358
5525557
5525841
5526799
5528487
5529288
5529906
5530592
5531442
5533150
5533163
5535622
5537520
5537700
5538558
5539166
5539447
5540417
5540648
5540797
5541371
5541703
5543822
5544332
5545207
5545730
5545820
5547516
5547718
5549044
5549054
5549170
5549759
5549913
5550300
5551836
5552752
5554070
5555595
5555742
5555772
5556728
5556819
5556949
5557083
5558518
5559026
5559320
5559424
5560048
5560176
5561111
5561888
5562218
5563303
5563533
5563670
5563841
5564299
5564394
5564822
5565889
5566463
5566747
5566840
5567595
5567992
5568101
5568345
5569690
5569738
5569873
5570529
5570835
5571312
5571417
5571669
5572324
5572554
5572795
5572889
5573406
5573889
5576773
5576891
5576932
5577438
5578101
5578561
5578726
5578792
5578844
5579472
5579487
5581040
5582357
5583537
5584334
5586569
5586691
5586969
5588587
5589308
5589814
5590686
5591634
5591886
5593567
5595348
5596201
5596605
5596782
5597372
5597769
5597822
5597884
5598084
5598647
5598738
5600096
5602077
5602915
5603905
5604127
5604172
5604346
5604422
5604661
5605705
5606036
5606086
5606891
5607452
5608099
5608574
5608942
5609031
5609210
5610941
5611673
5611869
5612033
5612395
5613312
5614212
5614680
5615173
5616224
5616660
5616822
5617287
5617507
5618055
5619155
5619475
5619644
5619876
5620226
5620492
5620714
5620763
5621120
5621231
5621501
5621694
5623073
5624343
5624378
5624458
5625600
5626625
5627621
5627652
5627686
5627865
5629072
5629711
5629986
5630089
5630200
5630815
5631394
5631524
5631558
5632256
5632348
5632893
5633170
5633667
5634903
5636176
5636413
5636447
5636677
5639319
5641659
5641996
5642514
5642823
5643194
5643242
5643441
5643827
5644905
5645361
5646276
5646435
5646928
5646979
5647168
5648140
5648660
5649716
5650607
5652073
5652218
5652789
5653276
5654223
5654536
5654657
5655959
5656696
5656862
5657866
5658109
5658411
5658426
5660146
5661075
5661083
5661164
5662152
5663109
5663422
5663616
5664536
5664552
5664956
5666912
5666989
5667159
5668300
5668344
5668519
5668855
5669537
5670388
5670766
5670917
5670942
5671000
5671706
5672067
5674210
5674444
5674850
5674981
5675730
5676328
5676999
5677472
5678342
5678493
5680020
5681939
5682124
5683641
5684876
5685196
5686626
5687317
5687839
5688121
5688332
5688512
5688616
5688896
5689075
5689681
5689901
5690266
5690777
5690968
5691428
5691686
5694407
5694760
5695078
5695324
5695625
5695790
5695930
5695969
5697384
5698189
5698255
5699548
5699974
5700730
5700832
5702050
5702228
5703089
5703676
5704326
5704833
5705185
5705257
5706235
5706985
5707235
5708313
5709474
5710437
5710438
5712297
5714134
5716180
5716648
5717104
5717122
5717640
5717673
5717794
5718423
5719772
5720888
5721186
5722068
5722292
5724185
5725473
5726610
5726806
5727207
5728234
5728505
5728680
5729984
5730862
5730934
5732691
5732843
5733671
5734421
5734535
5735438
5736070
5736119
5738322
5739186
5739353
5739882
5740192
5740347
5741174
5741505
5741735
5742153
5742284
5743191
5743883
5743916
5744666
5745957
5746170
5746354
5749447
5749994
5750058
5751714
5752249
5752536
5752800
5752975
5753525
5754502
5755565
5755730
5756064
5756104
5756123
5756556
5757680
5757780
5758257
5758280
5758708
5759398
5759399
5759769
5760124
5760199
5761008
5761173
5761592
5762290
5763207
5763875
5763877
5763926
5764689
5765120
5765611
5766034
5766465
5767737
5768409
5769252
5769548
5769732
5770004
5770046
5770337
5770827
5771023
5771871
5771900
5772815
5774390
5774487
5775947
5776053
5776714
5777042
5777888
5779494
5780027
5780081
5781078
5782964
5783252
5783896
5784380
5784528
5785790
5786311
5786681
5787020
5788425
5788919
5788987
5789233
5790049
5790429
5790866
5791399
5791941
5792058
5792179
5792699
5793619
5794077
5794258
5794702
5794806
5797064
5797239
5797334
5797655
5797738
5798250
5798634
5799650
5801122
5802295
5802780
5802834
5803647
5804055
5805724
5806182
5806695
5808339
5808581
5808838
5808976
5809177
5809270
5809292
5809331
5809429
5809608
5810021
5810358
5811659
5811882
5812996
5813061
5813595
5813740
5813871
5813965
5814330
5814617
5815339
5815706
5816923
5817020
5817383
5817753
5819532
5819777
5819809
5820154
5820229
5820541
5821416
5821741
5822115
5822421
5822602
5823836
5824203
5826819
5826947
5827839
5830235
5830249
5830692
5830977
5831499
5831721
5832226
5832765
5833053
5834670
5834772
5835259
5836547
5836565
5836655
5837593
5837731
5838098
5838150
5838696
5839344
5839349
5839755
5843983
5844289
5846269
5847005
5847525
5848429
5848719
5851559
5852268
5852346
5853383
5853500
5853813
5853856
5854721
5855716
5856367
5856891
5857626
5858110
5859562
5860282
5860956
5861465
5862219
5863148
5863423
5864247
5864280
5864521
5865001
5865113
5865402
5865618
5865623
5866062
5866063
5866332
5866524
5868760
5869493
5870234
5870988
5871664
5871744
5872066
5872268
5872384
5872416
5872654
5873998
5874063
5876564
5876706
5876711
5876871
5877301
5878456
5878511
5879759
5880614
5880792
5881028
5881138
5882056
5883013
5883824
5884307
5884411
5884614
5885473
5886395
5889196
5889412
5889622
5889849
5889886
5891603
5891804
5892432
5893147
5893153
5893565
5895090
5896486
5896545
5896899
5896973
5898454
5898908
5900145
5900244
5900474
5900819
5901053
5902054
5903118
5903164
5905657
5907380
5908161
5908173
5908684
5910153
5910880
5910902
5911320
5912042
5912055
5912296
5912419
5914667
5914703
5914988
5915023
5915197
5915758
5915886
5916668
5918318
5918331
5920227
5921762
5922757
5923642
5924900
5925486
5925806
5926845
5927937
5928498
5928729
5929129
5931149
5931645
5932106
5932212
5932527
5932645
5933010
5933089
5935411
5935576
5935860
5936313
5936694
5937070
5937134
5937406
5937464
5938018
5938533
5939709
5941260
5941555
5942226
5942600
5942941
5943573
5944305
5945134
5945176
5945812
5946543
5949263
5950946
5950998
5951902
5952251
5953044
5953261
5954989
5956855
5957374
5959867
5959976
5960281
5960379
5960741
5961173
5961458
5961982
5962380
5962512
5963313
5964236
5964341
5964583
5965400
5965781
5965806
5966045
5966352
5966748
5968450
5969530
5971223
5973170
5973183
5973339
5974330
5974482
5975078
5976244
5976880
5977820
5978293
5979032
5979957
5980469
5980535
5981335
5982791
5983328
5984883
5985457
5985553
5986370
5986761
5987243
5987427
5988847
5989029
5990253
5991089
5991166
5991210
5991690
5992657
5993964
5994813
5996328
5996392
5996408
5997638
5998227
5998829
5999247
5999319
5999991
6000093
6001642
6001802
6002251
6002300
6003937
6004169
6004893
6005136
6005258
6005375
6005491
6005592
6005739
6006372
6006893
6007575
6007855
6008456
6008809
6008903
6009073
6010161
6010502
6011797
6012148
6012285
6012463
6013670
6013793
6014237
6014371
6014593
6014734
6015969
6016024
6017475
6017664
6018438
6018550
6018844
6019197
6019807
6020591
6020778
6021353
6021489
6021513
6022104
6022930
6022951
6023275
6023388
6023490
6024766
6025457
6025594
6025729
6026150
6026884
6027326
6027559
6028606
6029124
6029350
6030359
6031185
6031501
6032098
6032260
6032560
6032568
6033738
6034339
6035287
6035436
6036369
6037010
6037659
6038001
6038007
6038153
6038701
6038857
6039117
6039412
6039540
6040682
6041917
6042594
6042898
6043063
6043155
6044126
6044626
6044721
6045282
6045609
6046722
6047598
6047855
6049005
6049201
6049250
6049348
6049474
6049683
6049761
6050650
6051009
6051694
6052419
6052955
6053064
6054400
6054410
6056370
6056407
6056428
6057118
6057680
6058440
6059451
6059808
6059879
6060799
6061353
6061429
6062202
6062219
6063346
6064510
6064834
6065765
6065952
6066281
6067406
6069171
6069354
6069403
6069892
6070636
6071773
6071864
6072246
6072582
6072690
6073186
6073486
6073773
6073844
6073944
6074536
6074634
6075195
6075482
6076294
6076296
6077466
6077627
6077629
6077919
6078580
6078746
6080008
6081835
6082828
6082906
6083014
6084005
6084041
6084259
6084382
6085507
6086720
6086994
6087227
6088035
6088407
6088453
6090107
6090704
6090823
6090843
6091648
6093383
6093385
6094825
6094894
6095078
6095649
6097180
6097758
6097895
6098372
6098808
6100707
6100921
6102084
6102567
6103079
6103605
6105044
6105636
6106398
6107732
6107844
6109236
6109523
6110386
6110501
6110655
6111005
6111193
6111349
6111555
6113643
6115222
6115666
6116093
6116267
6116622
6117490
6119591
6120674
6120835
6120866
6122247
6122336
6122418
6122540
6122676
6123282
6123353
6124340
6124908
6125432
6126784
6127020
6127505
6128305
6129042
6129373
6129489
6129647
6130061
6131361
6131395
6132373
6133595
6133705
6133718
6135502
6135982
6136913
6137546
6140737
6141023
6142077
6142199
6143334
6144049
6144816
6144885
6145509
6145602
6145762
6146194
6146661
6147132
6147227
6148533
6148949
6149103
6149396
6149437
6149740
6149836
6150850
6150854
6151868
6151898
6152271
6152807
6153526
6157820
6158399
6158528
6158568
6160932
6161432
6161754
6161963
6162556
6164191
6164489
6165661
6168038
6168260
6168483
6168749
6169687
6170727
6170788
6171099
6173330
6173533
6174048
6174664
6174881
6175178
6175613
6175702
6175763
6176173
6176666
6176826
6176980
6177389
6178550
6180088
6181212
6181993
6182184
6182315
6182615
6183046
6183134
6184071
6185474
6186541
6186689
6187343
6189790
6190000
6190031
6190481
6190548
6192178
6192442
6192656
6193244
6193387
6193668
6194167
6195841
6196191
6196401
6198319
6198521
6198777
6199442
6199443
6199466
6199518
6201019
6201364
6201837
6202346
6202757
6202928
6203135
6203726
6204419
6205760
6205990
6206141
6206338
6208341
6208468
6208789
6208958
6209108
6209816
6210769
6211020
6211038
6211476
6211591
6211704
6212055
6212094
6212218
6212968
6214198
6214223
6214374
6214625
6215198
6215876
6218806
6219190
6220167
6220222
6220288
6220434
6220948
6220976
6221950
6222799
6222899
6224208
6225338
6227062
6227570
6228404
6228639
6228716
6231050
6231376
6231920
6232217
6232250
6232607
6233490
6233511
6234427
6234513
6234578
6235486
6235779
6236203
6236352
6236489
6236655
6237760
6239545
6239859
6240097
6241770
6241882
6242695
6243265
6243298
6243740
6244876
6245303
6246699
6247758
6248142
6248826
6249629
6249857
6249865
6250234
6250261
6250274
6250618
6251029
6251347
6251701
6252258
6252339
6253921
6254663
6255687
6255946
6257081
6257698
6258175
6258257
6259892
6260597
6261264
6261338
6261550
6261599
6262157
6262748
6262782
6263084
6263161
6263530
6263769
6263782
6263866
6264527
6264667
6267113
6268380
6268674
6269036
6270478
6270997
6271146
6271268
6271787
6272541
6272871
6273135
6273292
6273439
6273937
6274308
6274982
6275526
6276002
6276109
6277445
6277567
6277659
6278640
6278746
6278886
6279410
6279876
6280063
6280724
6280729
6281293
6281349
6282963
6283841
6284131
6284864
6285203
6285811
6287598
6287886
6288217
6288392
6288639
6289663
6289774
6289818
6290643
6291588
6292951
6294258
6294267
6294352
6295720
6296305
6296379
6297090
6297600
6298148
6299238
6300999
6301376
6301548
6301808
6301893
6302287
6303153
6303458
6303768
6304798
6306613
6306694
6307703
6309064
6309625
6310827
6313379
6314542
6314648
6314960
6315361
6315514
6315881
6316654
6316950
6316999
6317015
6317783
6318705
6322070
6322189
6324038
6324179
6324860
6325386
6326165
6327532
6327915
6327943
6328265
6328398
6329135
6329750
6330150
6330529
6330955
6331854
6332186
6332628
6332689
6332743
6333150
6333457
6334611
6334975
6336097
6338095
6338317
6339037
6340041
6340146
6340624
6340805
6342011
6342440
6342957
6344506
6344528
6345637
6345660
6345864
6346299
6346510
6347275
6347422
6347674
6347963
6347988
6348209
6349774
6351319
6351584
6352970
6355161
6355234
6355365
6356254
6359257
6359569
6359760
6360753
6360929
6360960
6361847
6361985
6362195
6362711
6362737
6363239
6363986
6364726
6365543
6366585
6366895
6369381
6370256
6371921
6371964
6372413
6374812
6375025
6375687
6375908
6376220
6376251
6376287
6376782
6377035
6377479
6377874
6378814
6379610
6380205
6381029
6381194
6381648
6381772
6382253
6383111
6383225
6384320
6384761
6384850
6386249
6386601
6387768
6388026
6388167
6388405
6388941
6390385
6390538
6390556
6390577
6390713
6390992
6390993
6391223
6392169
6393850
6394120
6394232
6394692
6394967
6394981
6395896
6399172
6399409
6399646
6400116
6400735
6400985
6401268
6402582
6403128
6404067
6404349
6405354
6405825
6406534
6407433
6408145
6409283
6409725
6409919
6410074
6411748
6411758
6411937
6412553
6412953
6413113
6413352
6413600
6414261
6414380
6414526
6414536
6415816
6415905
6416018
6416772
6417326
6417685
6418015
6418313
6418502
6419067
6419143
6420045
6420108
6420413
6420470
6420545
6421269
6422627
6422673
6423064
6423160
6423637
6424466
6424872
6425027
6425076
6425270
6425384
6425464
6425707
6427275
6427859
6428251
6428782
6428926
6429319
6430723
6431167
6431569
6432187
6433643
6433844
6435166
6436662
6436945
6437675
6437686
6437719
6438229
6440469
6440871
6443051
6444067
6445047
6447075
6447982
6448380
6448854
6449481
6449809
6450391
6450520
6450974
6451402
6451809
6453299
6453840
6454341
6454416
6454985
6455178
6457494
6457845
6458217
6458374
6459747
6460178
6461889
6462915
6463135
6464140
6464502
6465351
6465496
6465993
6466680
6466750
6467812
6467824
6467944
6469780
6470454
6470588
6470707
6470913
6471700
6472173
6472889
6473090
6473684
6474807
6474978
6475333
6475600
6477960
6478037
6479200
6479411
6480028
6480090
6480196
6480920
6481250
6482182
6482696
6483342
6483433
6484341
6485073
6487211
6487354
6487460
6487818
6489051
6489202
6489842
6489857
6490702
6490836
6491458
6491758
6493336
6493910
6494371
6494526
6495713
6495767
6495978
6496289
6496761
6496854
6499298
6501905
6501935
6501968
6502261
6504238
6504646
6504903
6505076
6505614
6505633
6506022
6506216
6506319
6506360
6506541
6506713
6507043
6507066
6507358
6508344
6509862
6510309
6511914
6511988
6512540
6513473
6513786
6514283
6515497
6515954
6516168
6516575
6516698
6517380
6518277
6518296
6518656
6518743
6519452
6520593
6520736
6521927
6522196
6522821
6523204
6523518
6523617
6523773
6524480
6525253
6525401
6526408
6526683
6526986
6528221
6528637
6528778
6529006
6529144
6529290
6530401
6530729
6530780
6530829
6532280
6533558
6533911
6534771
6535089
6535803
6536182
6536287
6536372
6536432
6536856
6537832
6538363
6538786
6538895
6539156
6539477
6540231
6540326
6540728
6541018
6542257
6542526
6542904
6542951
6543426
6543602
6544796
6544870
6544951
6545298
6545601
6545810
6545933
6548892
6548953
6550568
6551199
6551405
6551708
6552089
6552958
6553229
6553777
6553779
6553814
6554054
6554424
6554631
6554692
6556077
6556259
6556476
6556738
6556836
6557494
6557636
6558837
6558887
6558952
6558996
6559229
6559433
6560380
6561133
6561330
6562449
6562670
6563042
6563398
6564575
6565164
6566747
6566932
6567246
6567708
6569433
6570754
6570964
6571059
6572017
6573412
6574829
6575791
6576796
6577227
6578038
6579185
6579742
6579744
6579830
6579833
6580478
6580950
6581362
6581448
6581499
6583082
6583099
6583541
6583652
6583719
6585025
6585378
6586038
6586536
6586539
6587626
6588632
6589345
6589375
6589612
6589670
6589786
6590006
6590127
6590252
6592084
6592530
6592865
6593369
6593431
6593800
6593945
6594276
6594641
6595327
6595838
6596170
6596305
6596329
6596559
6596724
6597141
6597641
6598080
6598145
6598175
6599894
6601071
6602180
6603163
6603388
6603500
6603596
6603654
6603804
6604007
6604653
6605602
6606078
6607232
6607365
6607662
6609731
6610092
6610383
6611915
6613443
6615076
6615939
6616236
6616421
6616436
6618469
6618486
6618521
6618598
6620134
6620155
6620340
6621178
6622164
6623315
6623429
6624647
6624824
6626210
6626456
6628708
6628712
6629310
6629528
6630348
6630764
6632387
6632793
6633084
6634120
6634374
6634682
6634774
6635381
6636592
6637845
6637980
6638572
6639511
6640234
6641386
6642028
6642035
6642466
6642681
6644374
6644567
6645182
6647043
6647316
6647481
6647570
6648059
6649451
6651066
6651227
6651865
6652967
6653011
6653327
6653915
6653957
6655639
6656689
6657532
6658709
6658888
6659376
6659684
6659736
6659826
6659928
6660037
6660091
6660377
6661173
6661221
6661437
6661632
6661952
6662166
6662492
6662917
6662932
6663253
6663555
6663592
6663594
6663805
6663863
6664020
6664351
6664576
6665346
6666082
6666370
6666437
6666805
6666918
6667736
6668200
6668698
6670343
6670357
6670684
6672619
6672882
6673741
6674126
6674374
6674458
6675000
6677441
6678095
6678747
6679540
6679620
6680590
6681071
6681090
6682386
6682537
6683047
6683462
6684655
6685359
6686195
6688359
6689221
6689417
6690371
6690416
6690561
6690723
6691304
6691509
6691676
6691843
6692121
6692823
6693209
6694641
6694896
6695388
6695622