1742
3150
6134
8513
9704
12104
12222
16252
24294
27280
28472
31784
32196
34058
36829
40624
43445
44235
47574
49144
49471
49827
50722
51992
53253
54025
56373
57307
59458
61814
62387
63970
68689
69742
71811
71958
72234
73370
73770
74954
75291
75596
78896
79843
80661
82328
87448
89412
90983
92348
92447
93879
95352
96049
96304
100606
104973
106647
107721
108699
117317
117538
117975
118835
119634
120215
120837
122393
124221
127253
127394
129857
135830
137592
138033
138107
141124
145345
147138
148001
149687
155769
156315
156771
157479
159155
160979
163859
166920
168689
173763
176321
176557
177950
180512
181567
182114
185280
188691
191209
192311
192716
196262
197101
197563
197614
198574
200084
201605
207307
207637
209071
211678
212928
215205
215608
217780
221181
224912
224997
226002
228186
229188
231842
232279
234381
235903
236982
239051
239537
241589
242043
245701
246257
251271
255233
255841
256520
259734
261058
262590
268144
268669
270831
273277
276220
280396
280725
282022
282047
282204
286844
292963
295515
296903
297936
299406
302760
304932
306803
307257
308316
310428
312694
316653
317973
318302
320034
320684
322002
323465
326084
327139
329219
330135
332687
334872
337920
340179
341098
345995
347282
352300
354373
358742
361864
363354
364315
364372
364457
365717
366002
370274
370320
370682
370817
371437
372654
377517
378097
378684
381565
388526
389168
390110
393459
396174
397322
397683
403863
404139
405783
411100
413645
415334
419545
421665
422736
426069
428178
429462
433050
439411
443600
443676
443720
444449
444785
449611
457256
457709
458059
459622
460188
463145
465662
469444
470117
470606
471408
473744
474857
475436
479428
482217
484326
484371
487624
491821
491932
492333
492366
493022
496008
498506
499597
504435
507008
509410
510340
511229
512739
513962
514394
514671
515204
515626
516454
519026
519267
519751
521237
523703
530459
531273
531425
532245
533232
537482
542800
543132
544725
549146
550666
553571
555577
557107
559289
560972
563687
566542
566722
570907
572013
573385
577000
582429
582573
584860
585839
585987
586356
593392
593523
594599
595087
597946
600545
602353
603504
609267
610345
619237
620879
621516
625662
628982
628997
633097
633573
634054
635493
635709
641845
645572
647738
649452
653466
654081
656968
661362
663597
664339
667081
668999
671218
673175
673874
674635
676847
683411
683752
688877
691080
692070
695094
698095
702207
702404
705626
708471
711404
713821
715053
715352
717547
719970
721692
722281
722422
722742
724758
724929
725277
726861
727611
728124
732586
736193
736638
737361
737524
737605
738566
746789
747707
748139
749083
749429
749900
750399
758054
758765
759155
762025
764809
768756
768867
769391
769437
770006
770896
775043
775270
776989
778044
778969
779363
780466
782464
784593
786023
787021
788220
792240
792289
794010
794439
796842
800528
800651
804238
805023
805162
805778
807274
807691
808198
808437
811824
815104
815287
816266
817056
818712
819583
821839
823873
824562
827857
831111
831150
836002
837775
840552
841337
841449
844126
1127394
1131937
1132061
1133436
1134670
1136037
1138679
1139785
1144792
1145774
1154853
1158141
1163677
1164865
1165127
1165292
1165996
1167353
1170299
1177554
1181373
1184544
1189191
1189523
1192714
1196667
1200358
1203395
1203637
1206737
1208057
1208940
1213203
1214215
1216505
1218213
1220986
1223948
1228536
1230440
1231610
1232233
1234517
1235634
1240649
1243156
1246575
1246677
1246714
1248826
1248953
1249607
1251407
1251515
1253496
1255843
1256430
1259513
1261859
1262135
1263121
1264137
1275173
1279714
1280332
1283987
1285602
1286411
1288844
1289100
1297684
1299932
1300008
1302953
1304579
1305320
1306591
1308919
1310168
1312285
1316326
1317797
1318053
1320134
1322075
1322399
1324693
1330619
1331501
1331665
1333018
1334539
1334648
1334818
1336871
1341687
1346368
1348309
1349972
1352850
1352936
1353181
1353954
1355030
1355766
1357034
1358846
1361274
1369064
1370723
1375828
1377994
1379084
1383324
1387829
1389433
1393928
1396749
1401816
1402236
1402528
1408095
1410324
1410677
1411657
1413153
1415424
1415778
1416898
1418544
1422587
1428829
1433416
1435779
1436064
1437020
1443488
1446662
1448975
1450447
1450786
1451540
1456940
1458652
1460876
1461177
1464886
1465607
1466474
1468449
1469821
1470146
1473498
1480513
1481377
1484649
1485355
1487451
1489427
1490460
1492013
1492957
1494521
1494530
1495288
1497980
1501596
1503021
1503830
1505945
1508453
1509917
1510138
1514933
1515435
1516633
1517124
1520152
1520810
1523783
1524469
1531363
1531455
1533246
1536658
1537231
1537351
1541551
1543433
1545179
1545722
1546371
1547917
1551496
1556509
1559771
1560979
1563391
1566356
1567313
1568237
1572374
1572433
1572969
1574642
1576130
1578317
1587041
1590188
1592439
1598167
1600960
1601066
1601349
1606380
1606597
1610247
1611950
1613801
1614766
1619903
1623656
1625063
1627506
1630288
1630316
1632202
1642899
1643202
1643920
1649692
1654473
1659825
1661566
1662485
1667824
1671225
1671763
1676082
1676126
1676551
1682504
1684964
848214
849348
849610
850164
853601
862160
862838
863089
865854
866546
867416
868143
873651
878202
880971
881101
881497
882145
891150
894403
895892
896460
898794
901656
901773
902701
907703
907887
908383
908975
912972
914870
916103
916473
917468
919105
919535
922125
925257
926054
926387
929591
929729
930897
933832
936300
943739
944322
945847
949362
950419
950800
951837
952240
952461
956383
956468
961687
964074
965362
965966
969834
973392
976841
983325
987176
988169
990481
993366
993462
999887
1000182
1001206
1006064
1007075
1009151
1010016
1011278
1018126
1020998
1021695
1022741
1022825
1028822
1030150
1030873
1030943
1040230
1041038
1041692
1042156
1048216
1052004
1053758
1055301
1055728
1056224
1056718
1057087
1059967
1060027
1067965
1069821
1071664
1072730
1076561
1081028
1081685
1082720
1082947
1084642
1084712
1087880
1090738
1092129
1093107
1095485
1097694
1098984
1099839
1101359
1104043
1105760
1107633
1107867
1110070
1111388
1112867
1114679
1116988
1117631
1123358
1124429
1124816
1688674
1688734
1691521
1691574
1691867
1695206
1696055
1697149
1697356
1713955
1718971
1719346
1721033
1723085
1726762
1728112
1732539
1735689
1737078
1739562
1740874
1741626
1747009
1747114
1747115
1748452
1749382
1751354
1753087
1755343
1765600
1768969
1769578
1769686
1769883
1774405
1781048
1782961
1784995
1786271
1786788
1787391
1794334
1798675
1798951
1799420
1799436
1800963
1802030
1807227
1809590
1810300
1810567
1812020
1813920
1814009
1815293
1815878
1818591
1819518
1822377
1823044
1823905
1824215
1824223
1830365
1831588
1834101
1834636
1835437
1835870
1837368
1838022
1838177
1840393
1842326
1850699
1855911
1857505
1857852
1859047
1864363
1867646
1870105
1875882
1878610
1882600
1882613
1885326
1885970
1886222
1890330
1891071
1891201
1892279
1896755
1898660
1904256
1905036
1906998
1910528
1911769
1916850
1917460
1922218
1926874
1931045
1931112
1936281
1938281
1945200
1946319
1948527
1948579
1954045
1955355
1959056
1959299
1968464
1968698
1972239
1972507
1973084
1973380
1974867
1979875
1980904
1981369
1981815
1982042
1986947
1987497
1988239
1989117
1991292
1991550
1998154
1998511
1998611
2000508
2000999
2001160
2001556
2007560
2007861
2008460
2009023
2012828
2015268
2017969
2018488
2020423
2021999
2028660
2032709
2033058
2034812
2044617
2046738
2047454
2047787
2047847
2048927
2049314
2049390
2049710
2051749
2051988
2053267
2056577
2057540
2066690
2069354
2071007
2076638
2078580
2078913
2081292
2082883
2085128
2086898
2090297
2092735
2095386
2096371
2096428
2097312
2099928
2102830
2102893
2106222
2106999
2108390
2110016
2111516
2115616
2116704
2117720
2120308
2120322
2123766
2124004
2125078
2127967
2131956
2135962
2136445
2140559
2143515
2153179
2155048
2158378
2163778
2166475
2167105
2169766
2171660
2172204
2177958
2179326
2180876
2182736
2185427
2189369
2190206
2191576
2194522
2195149
2196573
2198391
2199429
2203607
2209855
2210535
2213146
2217322
2218065
2218092
2218113
2218979
2221586
2222095
2222586
2223483
2223861
2224948
2225847
2228053
2230307
2232516
2234996
2235839
2238163
2240271
2242974
2244959
2245147
2245363
2245577
2246419
2246971
2247010
2248116
2249282
2250466
2251788
2253177
2256537
2261727
2264860
2265987
2267752
2267970
2268404
2268929
2270225
2270486
2272249
2274429
2274852
2276161
2276288
2277108
2277613
2284167
2284974
2285077
2290011
2293073
2294575
2296464
2296515
2296778
2298418
2301749
2301775
2303811
2304344
2307520
2309096
2312393
2322852
2325390
2325982
2326123
2330739
2331276
2333535
2333978
2335522
2337871
2339332
2342136
2345873
2353121
2354818
2356853
2356901
2358469
2359558
2359575
2361482
2362527
2362845
2362955
2363169
2363315
2364989
2367390
2367693
2373019
2374083
2379864
2380339
2382798
2384007
2385577
2388429
2391471
2396851
2400011
2402629
2404100
2405767
2409357
2410448
2411873
2412833
2415021
2415664
2415827
2415856
2415975
2418929
2421691
2423755
2425905
2429299
2430248
2430820
2432934
2436517
2437024
2438074
2438650
2438936
2439151
2439291
2439439
2441285
2443859
2444210
2446214
2446772
2447069
2448341
2448648
2451038
2451377
2454364
2460802
2464397
2464684
2468949
2469173
2474809
2475437
2475561
2475703
2475709
2481872
2483254
2483387
2489427
2490256
2492294
2492358
2494880
2495494
2496250
2496743
2498837
2500672
2501445
2501908
2503325
2504395
2504825
2508026
2509803
2509978
2510829
2513838
2519141
2520966
2521835
2522501
2522909
2524805
2525531
2528294
2530326
2530903
2536357
2537795
2539991
2541186
2543276
2545045
2545451
2545880
2546047
2547159
2550793
2551134
2556637
2558152
2558448
2564575
2565637
2567356
2570637
2574031
2577423
2579384
2579902
2582554
2583600
2584721
2590021
2592561
2592563
2593909
2594739
2599162
2605143
2605270
2606592
2607834
2607835
2608246
2608842
2608932
2611274
2612225
2613836
2619174
2636978
2640066
2640259
2640795
2641289
2641579
2641594
2642216
2645964
2652153
2652262
2653035
2653348
2655305
2657448
2658594
2659007
2660960
2661834
2664304
2665068
2666549
2669958
2670657
2671106
2672001
2673005
2674399
2674619
2675757
2675846
2676115
2677058
2680606
2680709
2683236
2695475
2695871
2697664
2700541
2702150
2706705
2707576
2715569
2716447
2722699
2722813
2724649
2724922
2725119
2726646
2729389
2733052
2735702
2735815
2736161
2736737
2737426
2738895
2741973
2744249
2746390
2746683
2747046
2747734
2748275
2748428
2749656
2752781
2753661
2755664
2757708
2758872
2761370
2762131
2764216
2766429
2769657
2770863
2773699
2774120
2781195
2781312
2782718
2784372
2787551
2792893
2796243
2797656
2798799
2799531
2801651
2802091
2806041
2806576
2807838
2808235
2808300
2809185
2809221
2810392
2811131
2811388
2812568
2814885
2817062
2817327
2818874
2819971
2821209
2822879
2825076
2825268
2829231
2830328
2830554
2831030
2834909
2842294
2842578
2844381
2851218
2857147
2857996
2858733
2863215
2863565
2864342
2865879
2868503
2869195
2874806
2876315
2878184
2878300
2879684
2880320
2882408
2883962
2888053
2892283
2893960
2894496
2895059
2895314
2895565
2895939
2897439
2899636
2903759
2909570
2911206
2911446
2911554
2913928
2914765
2915476
2918511
2920610
2920812
2921541
2922504
2922700
2923799
2925293
2925863
2930994
2937816
2939637
2939958
2940988
2941452
2942054
2942521
2943575
2944029
2945214
2946304
2946805
2948501
2949739
2950515
2952041
2952356
2955306
2955335
2957037
2957519
2958655
2960457
2961034
2962922
2963177
2965969
2968768
2971528
2971657
2973334
2975342
2976492
2979218
2980854
2982465
2983253
2983613
2984890
2985569
2988759
2989185
2990098
2993811
2994783
2996177
2999186
3000282
3001053
3002526
3003985
3012543
3017836
3017907
3019835
3023354
3026861
3029560
3031650
3034515
3034638
3034694
3038327
3038360
3043243
3043340
3043662
3045637
3049285
3050233
3050403
3052782
3054719
3055145
3055876
3056878
3056914
3056968
3056979
3059081
3060330
3062090
3062151
3063603
3068284
3068723
3070847
3074315
3076731
3077174
3078722
3078821
3080146
3082469
3087400
3094174
3096796
3099448
3100242
3103449
3105702
3105830
3119547
3119825
3129079
3131298
3132080
3132166
3135245
3142838
3144327
3149701
3150654
3156679
3157528
3157583
3157611
3157806
3157831
3158845
3159287
3159563
3160908
3161436
3162419
3164385
3168370
3168411
3176072
3176769
3181292
3181343
3182522
3183920
3187736
3190230
3194568
3196108
3197602
3202455
3205274
3205310
3206260
3209529
3209546
3212161
3213300
3213409
3214710
3219001
3219743
3222599
3228934
3229456
3230108
3231985
3235684
3235825
3237758
3237827
3238976
3244819
3246074
3246566
3247956
3250117
3251529
3252342
3254506
3259268
3260047
3260583
3262732
3266822
3267238
3274966
3275493
3276676
3278269
3278579
3278982
3281802
3282261
3286273
3287417
3288390
3291683
3298760
3298764
3299589
3300079
3300126
3302058
3302679
3305924
3310627
3311281
3316997
3324733
3328221
3332237
3334846
3341237
3343787
3345396
3345542
3346332
3348703
3353477
3353686
3356260
3359224
3373457
3376694
3377034
3378245
3382112
3382572
3387345
3388179
3389104
3391189
3397323
3397774
3399295
3399490
3402505
3403140
3406620
3407793
3408666
3408693
3409566
3412670
3412697
3416422
3417584
3418064
3419128
3420578
3425626
3432545
3434493
3440544
3441886
3444938
3446717
3447424
3452597
3455012
3455985
3458755
3459422
3461119
3462408
3464693
3466084
3470755
3470886
3474574
3478452
3479595
3480409
3480577
3480845
3481132
3481491
3484030
3485209
3485983
3492360
3496221
3497438
3498325
3499709
3502828
3504085
3504349
3506020
3507982
3509896
3510597
3510989
3513147
3514620
3515565
3517074
3517587
3518326
3518736
3519235
3520252
3523008
3523946
3524409
3526351
3528071
3530492
3532796
3533858
3535844
3539266
3539712
3540212
3544255
3549497
3555662
3556427
3560720
3562634
3565620
3568582
3569568
3573136
3575910
3578002
3581126
3582362
3584097
3587241
3588411
3590280
3603274
3605666
3605918
3608219
3608820
3610160
3612928
3612942
3613238
3615184
3617864
3619874
3621076
3622503
3622534
3622723
3622878
3630674
3632926
3635701
3637542
3638048
3640058
3641343
3645462
3651652
3652267
3652336
3654160
3661587
3662661
3664378
3665611
3666967
3668948
3673086
3676690
3678675
3682152
3682592
3686897
3687074
3688252
3691307
3691463
3692210
3692381
3692668
3693133
3693222
3695153
3697474
3699323
3701351
3702447
3702589
3703037
3703320
3703849
3704793
3705063
3707260
3707551
3708770
3709319
3713029
3714611
3716517
3716596
3716644
3717879
3722249
3726712
3728325
3731249
3732477
3733775
3738037
3739932
3741198
3743066
3746348
3747671
3748537
3751061
3753882
3754660
3755669
3756225
3756836
3760025
3761335
3763124
3764244
3766593
3767955
3777100
3780993
3785510
3788128
3788920
3790231
3792464
3793811
3797050
3797475
3799205
3799512
3800976
3805663
3808874
3809359
3811293
3813295
3815229
3816237
3817017
3817083
3818433
3819629
3822183
3823942
3826370
3826622
3827248
3829128
3829453
3831863
3833590
3833640
3835194
3836654
3836824
3837103
3839226
3839873
3843670
3844711
3847637
3848507
3851035
3851760
3851959
3858875
3860759
3863352
3864908
3869812
3870906
3871186
3871741
3873040
3873352
3880262
3883704
3883962
3885008
3890337
3891575
3891851
3892696
3892981
3894610
3895130
3900801
3902140
3902506
3903658
3904900
3908549
3909155
3910722
3910738
3911645
3913970
3919552
3922274
3922411
3926145
3926889
3927164
3928279
3932566
3940974
3943067
3944247
3944276
3944292
3945074
3946090
3950176
3951482
3952200
3952709
3954290
3956140
3957316
3957455
3958551
3959442
3961731
3962215
3962901
3965423
3968308
3969112
3974073
3975021
3977695
3979627
3982893
3987676
3988433
3990023
3991308
3993622
3994414
3996379
3997826
3998579
3999930
4005913
4019861
4020512
4022116
4026699
4028769
4028934
4030086
4030145
4033510
4033691
4034380
4036144
4036279
4040231
4046768
4047702
4054369
4056680
4057824
4060684
4064238
4065770
4068883
4070357
4071294
4077105
4077292
4079203
4080186
4082086
4086718
4088530
4088884
4096293
4098017
4099622
4106942
4106999
4110230
4116366
4117327
4124580
4125043
4129959
4136097
4138062
4139050
4139469
4140445
4145056
4148493
4150214
4155557
4155663
4156064
4158069
4159636
4161068
4167750
4170483
4170490
4176297
4177660
4178578
4179686
4180414
4183043
4183241
4186100
4186501
4188924
4189707
4190273
4191190
4191827
4193161
4193785
4195140
4195507
4195628
4195928
4196510
4197159
4197302
4197304
4199837
4202063
4203713
4203919
4204247
4205964
4208263
4209757
4211202
4214054
4216433
4216940
4217609
4224670
4228328
4229495
4233725
4237000
4238991
4242638
4243167
4245744
4251342
4252466
4255228
4256307
4258008
4258547
4258971
4261273
4261310
4261978
4264531
4264779
4267570
4270131
4271886
4271945
4272129
4274446
4274741
4276046
4283814
4286456
4289416
4290106
4294987
4295794
4297183
4299684
4303020
4304733
4306475
4306688
4308566
4310854
4311331
4313256
4314755
4314777
4318260
4319510
4320919
4321018
4322179
4326211
4326980
4330284
4335104
4340416
4341041
4341834
4344587
4344708
4344746
4345569
4348415
4352258
4353214
4357042
4360199
4363180
4365550
4367619
4369077
4369618
4372105
4375813
4379410
4379443
4384749
4385602
4391907
4394490
4398382
4401060
4403330
4407826
4410099
4412123
4412589
4415111
4415680
4416330
4423495
4424501
4426023
4429984
4431068
4434925
4436570
4437244
4439357
4440111
4440942
4441209
4441697
4442572
4444485
4444832
4447217
4449007
4457239
4458994
4459718
4463554
4468375
4468816
4470245
4471202
4472650
4476799
4477047
4478584
4481728
4487953
4490003
4490999
4492338
4494199
4497748
4500262
4500716
4501395
4503844
4505494
4506640
4511059
4512684
4515378
4526805
4530034
4531662
4538299
4544197
4545685
4548340
4549013
4550857
4552890
4554113
4556423
4557613
4558592
4559605
4562608
4565196
4565327
4566464
4568399
4568650
4569883
4574838
4575986
4578657
4580825
4586225
4590676
4590859
4592536
4594784
4595815
4599423
4599808
4600105
4600306
4601888
4602611
4602647
4602719
4602974
4603026
4607458
4607522
4607588
4607895
4608020
4608192
4608416
4611597
4616258
4616742
4620317
4625743
4626447
4626717
4628566
4629476
4635513
4636640
4638810
4639873
4641212
4641324
4641576
4641766
4642988
4643267
4644714
4647581
4650670
4650917
4654418
4656975
4658133
4660482
4661756
4662214
4663737
4668522
4670117
4672193
4673262
4674119
4674478
4678105
4681482
4682282
4682657
4682993
4683121
4683144
4688702
4690971
4691768
4691920
4692821
4693487
4700495
4701186
4704446
4706128
4708714
4709306
4713117
4714362
4715317
4717874
4717992
4719585
4720440
4722449
4724034
4724737
4725215
4725514
4725731
4731434
4731533
4733109
4733884
4736514
4737155
4739830
4740988
4744135
4746385
4747119
4748250
4748637
4751197
4751746
4753974
4756442
4756986
4761283
4761686
4761848
4765165
4771364
4772654
4774393
4776943
4777653
4781451
4781525
4781978
4782370
4782528
4786616
4786922
4788888
4795648
4796761
4797049
4800484
4800765
4801379
4802891
4805253
4807572
4808318
4812269
4812582
4813398
4818071
4824964
4825362
4826780
4833902
4834294
4840224
4844793
4847524
4849410
4849772
4850198
4851102
4852020
4853490
4855282
4855537
4856260
4857691
4858801
4858914
4859912
4860765
4861291
4861770
4862995
4864924
4865257
4866221
4874993
4875463
4875484
4876410
4879031
4880470
4881120
4886356
4890465
4893618
4894426
4895732
4896956
4897391
4897819
4900674
4903497
4905861
4907364
4911202
4914677
4920458
4921318
4923792
4924263
4927721
4931648
4933338
4934532
4941832
4943021
4943076
4944543
4946029
4948499
4950874
4953611
4957555
4958098
4961694
4964497
4967690
4968356
4972486
4973061
4973679
4976501
4977567
4979452
4983013
4983630
4985189
4985404
4995971
5001232
5002642
5007610
5008634
5015625
5016141
5017894
5019542
5019727
5020021
5020918
5023031
5028029
5029241
5029846
5031051
5033221
5035172
5036451
5037302
5042165
5044938
5045637
5046326
5046872
5047694
5052936
5054543
5063118
5063562
5063633
5063794
5064008
5064205
5065105
5065319
5071441
5077463
5079976
5080771
5082663
5082968
5083287
5084315
5084619
5084765
5084977
5085081
5088493
5095339
5102085
5105126
5106967
5111661
5115493
5117391
5117584
5118829
5120724
5122020
5125189
5125943
5131650
5135944
5141052
5141904
5143698
5145652
5148317
5149065
5150220
5151359
5155434
5155930
5156803
5157785
5162313
5164176
5165746
5173733
5174276
5174795
5175060
5175363
5179224
5180376
5181240
5181393
5184836
5186760
5188062
5189846
5192267
5198370
5200011
5200447
5205518
5206004
5209814
5210446
5210566
5211017
5217197
5217198
5220454
5222398
5225658
5229219
5231506
5233580
5239877
5241526
5242994
5244919
5246078
5246764
5247161
5248428
5251162
5253191
5255594
5256265
5257071
5260022
5261364
5263655
5263817
5264815
5266672
5267212
5267994
5268857
5270661
5276474
5277146
5277910
5278243
5288494
5289372
5297133
5298562
5300292
5304725
5304931
5305224
5306435
5308160
5309364
5310518
5313303
5314202
5314498
5315301
5315424
5317756
5321129
5321795
5322838
5332407
5333627
5334421
5339133
5340196
5340969
5343561
5344804
5347369
5349117
5351199
5352005
5352579
5353686
5354409
5357560
5368795
5369901
5374082
5374334
5376215
5379120
5380370
5382749
5383061
5392079
5394051
5398937
5399968
5400644
5401228
5402514
5402778
5404423
5406438
5411527
5411931
5412135
5412285
5417904
5419607
5419626
5421719
5422074
5423920
5423948
5425080
5435611
5437170
5437595
5437844
5438739
5439215
5441096
5443250
5445320
5445780
5446437
5448552
5448605
5450075
5454747
5457114
5458967
5462291
5463552
5471861
5472455
5476970
5484581
5488478
5494132
5495161
5498906
5504866
5510321
5513498
5514511
5518149
5520877
5521180
5524651
5526783
5527201
5527649
5528368
5528865
5529574
5532213
5533096
5533355
5543946
5544116
5544498
5544691
5547983
5548525
5548761
5552067
5552273
5552284
5553132
5562975
5564404
5574707
5576380
5577721
5579783
5581164
5581175
5582517
5584343
5586505
5587485
5588104
5591807
5591843
5592947
5595322
5600289
5600483
5600822
5602451
5605832
5606933
5607830
5611034
5614083
5620204
5620323
5620821
5620875
5624689
5628405
5631576
5632175
5632466
5632552
5636795
5640289
5641032
5641658
5643900
5643909
5644837
5647463
5648965
5649117
5651204
5652510
5653218
5654572
5654930
5660067
5661258
5661929
5662353
5665061
5667377
5677406
5678091
5687936
5689123
5692307
5693188
5700257
5702298
5703127
5705357
5708025
5711367
5712646
5713050
5716608
5716720
5719233
5721731
5722123
5724598
5731144
5733640
5739388
5744847
5746962
5747837
5749725
5751976
5755015
5757171
5758923
5759775
5761091
5762778
5765574
5766937
5771598
5772319
5774794
5775327
5785761
5789435
5790756
5791960
5792018
5795793
5795806
5798836
5803981
5808204
5808856
5815077
5815149
5815534
5828682
5828890
5828923
5831681
5832364
5836355
5837679
5838344
5839357
5843135
5845017
5845125
5845601
5846713
5846887
5849505
5850660
5856406
5867004
5867212
5867598
5867740
5869420
5870271
5872618
5887027
5888174
5889492
5894143
5895540
5896125
5901392
5902375
5903849
5905547
5909898
5910137
5911054
5912976
5917121
5931996
5933719
5935365
5936629
5938580
5939076
5939482
5945295
5946123
5948616
5949720
5949772
5949952
5950836
5955046
5957805
5959319
5959676
5961584
5966880
5967290
5967902
5973718
5973880
5979303
5980177
5982724
5991868
5996335
6002853
6007064
6007596
6009460
6009775
6012915
6016821
6018663
6020269
6022213
6026277
6026343
6036779
6037103
6037872
6049662
6053829
6059080
6059306
6061475
6062312
6063054
6064136
6064350
6064649
6064732
6066451
6072437
6072700
6073597
6074614
6078550
6082773
6083350
6084035
6086860
6087978
6093799
6094258
6100287
6100382
6103846
6104715
6107589
6108914
6110494
6112700
6115567
6115848
6116344
6116777
6117993
6118114
6118697
6121926
6124539
6126247
6126472
6127534
6129962
6132407
6133366
6142007
6142623
6142832
6144459
6146360
6147269
6150279
6150517
6150543
6152228
6158243
6158369
6160405
6163496
6167256
6168798
6171695
6172929
6177117
6177867
6178155
6178490
6182537
6184184
6184390
6184718
6186327
6188443
6188485
6189015
6189970
6189992
6190145
6190936
6192287
6194802
6195455
6195723
6198246
6199678
6200355
6200437
6203069
6204763
6204919
6206491
6207698
6209915
6211019
6213462
6218599
6219551
6220191
6221023
6225109
6226803
6228416
6229951
6235010
6236843
6236875
6237442
6238493
6238609
6245985
6247338
6253027
6255432
6262144
6263625
6264984
6271005
6272260
6273645
6274694
6275233
6282737
6286904
6296686
6297892
6300424
6303700
6308157
6308938
6313659
6322639
6326623
6327843
6332183
6333339
6333638
6339968
6341341
6342420
6344826
6345224
6349359
6350007
6352560
6354253
6357759
6361347
6363820
6364472
6374571
6377263
6379194
6381454
6382825
6383712
6386610
6390787
6392480
6394007
6395057
6395728
6395738
6396176
6398763
6402043
6402099
6403443
6407325
6408466
6410700
6411004
6414156
6416499
6420379
6422752
6422933
6426874
6427002
6437034
6438153
6439603
6440185
6440418
6440644
6441407
6441505
6443638
6443854
6445196
6446868
6447354
6449593
6450759
6451838
6453651
6455938
6458313
6458777
6461094
6465502
6471159
6471681
6476286
6478697
6481800
6482590
6487704
6488967
6489445
6494449
6497302
6497691
6497942
6500116
6501056
6504499
6506582
6507350
6517550
6517633
6520598
6525891
6529589
6530615
6532941
6534520
6538009
6541646
6543227
6547602
6549500
6551461
6552378
6555751
6557334
6558291
6562607
6564512
6564746
6565511
6569674
6571333
6574794
6578965
6580707
6586274
6591364
6591843
6594435
6594563
6595054
6600925
6602407
6602491
6602896
6603937
6607140
6608189
6610526
6611891
6612291
6614539
6614865
6616791
6618771
6619879
6620638
6622315
6627529
6629235
6630956
6631632
6631708
6632235
6633233
6634259
6644234
6646744
6647753
6648083
6649040
6650355
6655052
6662609
6665941
6667899
6668078
6669105
6671221
6671406
6673724
6674871
6680759
6680943
6681184
6681468
6683831
6684461
6689730
6694456