515
718
1312
1490
1713
2444
2794
3427
5470
5694
5820
5895
5923
6829
7055
7562
7771
7989
8378
8494
9111
9614
9777
10464
10643
11800
12959
13984
14202
14286
14415
14528
14545
14627
15699
15982
16265
16836
17100
17182
17811
18336
19286
19815
20441
21175
21492
21764
23412
23665
23700
24657
25785
25981
26221
26251
26434
27494
27634
28992
29049
29167
29172
30033
30850
31005
31145
31373
31851
32037
32395
32662
32724
32868
33707
33887
35152
36325
36497
38231
39226
39481
40055
40064
40213
40399
40700
41015
41463
42875
43258
43525
43887
44072
44616
44834
47148
47376
47961
48155
49068
49242
49280
49300
49530
49636
49857
50055
50305
50886
51568
51803
53622
54924
56205
57506
58460
58697
58778
60420
61217
61369
64848
67153
67242
70378
70746
71240
71569
71747
71853
72513
72720
72830
72980
73632
73859
74193
74599
75128
75288
75442
75872
76352
76749
77417
77658
77673
77729
78305
78681
79475
79980
80174
80454
80638
82447
83448
83771
83912
84678
84683
84900
85945
86039
87840
88078
88825
92249
92311
92719
92820
93330
93632
94670
95505
95793
96305
97602
98450
99339
99607
99952
100221
100810
100817
100874
101022
102985
103190
103246
103367
103548
105202
105282
106479
106663
107153
107967
108302
109015
109508
110346
111318
111394
111417
112398
113938
115421
115780
116997
117777
117897
117993
119202
119820
120571
121518
121593
122478
122629
122869
123127
123425
124037
125800
126001
126963
127151
129036
129126
129356
130122
130513
130584
130682
130835
131021
131459
131863
131894
132532
133849
134654
135073
135173
135829
136143
136623
136922
137100
137225
137632
138660
139028
139818
140205
140276
140331
140571
140630
140689
141102
141109
141536
141584
141776
144115
145499
145998
146150
148191
148725
149241
149601
150998
151161
154157
155703
156662
157581
157797
157842
158420
159253
160296
161059
164042
165435
165607
166628
167394
168466
168782
169266
169457
169809
170610
170731
171176
172400
172401
173549
173586
174021
174210
174581
174699
174843
174975
174993
175002
175021
175035
175960
176583
176823
178498
178564
178663
179330
179334
181275
181377
181623
181757
182572
182823
184222
184248
184772
184861
184965
185805
186422
187181
187273
187581
190964
191540
192184
195198
195720
196558
196581
196746
197302
197880
198845
199288
199683
200359
200462
201045
201603
201613
201935
202086
202119
202599
202799
204485
204844
204943
205253
205310
205520
205662
207487
207829
208315
208997
209753
209918
210284
211678
212262
213394
214146
214590
215411
216070
217515
217553
218426
220044
220489
220782
220848
221181
222065
222781
223163
223825
224186
224782
225510
226493
226699
226725
226761
228019
229505
229909
230384
230673
231427
232659
232780
233482
233978
236803
236915
237865
238576
238605
239176
240522
241097
241323
241384
241664
242037
243310
243511
243631
243980
244876
245824
246136
246465
247731
247881
248222
248851
248950
250070
250286
250368
250377
250476
250859
251076
251378
251388
251604
252502
252706
253213
253643
254334
254639
255260
255857
256414
257535
257629
257811
258418
260192
261292
262092
262149
262497
264092
265058
265164
266580
267047
267167
267826
268072
269173
269871
269895
272763
273354
273513
273784
274139
274608
275190
275341
276219
276635
276974
277741
278464
278748
278869
278989
279190
279799
279819
279831
280623
280707
281275
281851
281852
281854
282288
284042
284278
284338
284407
284669
286063
286203
286256
286299
286823
287087
288411
288785
289185
289225
290256
291303
291486
292553
293168
293551
293787
294635
295112
295664
295766
295931
295968
296530
296564
297898
298323
298446
299063
299530
299578
300006
300230
300974
301030
302321
302505
303248
303309
304495
305242
305299
305650
306133
306257
307213
307530
308758
309216
309275
310577
310793
311166
311196
312238
313109
314681
314720
314971
316572
317005
319284
319661
319853
320045
320137
320502
320558
321772
321964
322251
322588
323425
324004
324218
324255
325348
325374
326422
326796
327365
327818
328744
328960
329219
329779
329875
331637
332582
334115
334432
335081
335365
335857
336185
336534
336967
337082
338286
339350
339585
340191
341265
341426
342058
342349
343101
343393
343549
343774
343876
345689
346009
346928
347614
347775
348077
348577
348825
348868
349181
350316
350757
351291
351963
354285
354426
354541
355451
355802
356343
356648
356996
357339
357929
358171
358712
359363
360646
360846
361196
361652
361795
362393
362844
363217
363784
364038
364565
365501
365568
366939
367380
367397
368151
368698
369186
370106
370367
370592
371110
371133
372265
372747
373068
373539
374996
375851
376288
376543
376794
376823
376887
377285
377421
377632
377673
377739
377881
377959
378019
379010
379064
379383
379611
379834
381892
382307
382989
383555
384367
384555
384784
385118
385574
385721
385722
385977
386248
386559
387180
387339
387779
387836
389042
389149
389296
389351
389932
390202
390524
390772
390830
391130
391287
392851
392925
393105
393833
393841
394984
395307
396198
396952
397893
398034
398050
398155
398442
398454
401073
401331
401384
401750
402296
403214
403554
403559
403747
403886
404055
404273
405007
405467
406919
407526
407631
407690
408083
408135
408658
408731
408931
408957
409041
409095
409571
409685
410694
410935
411095
411650
412583
412827
412867
412977
412980
413188
414372
415235
415534
415728
415773
415908
416318
417146
417283
417358
419740
421753
423652
423919
424026
424179
424616
424862
424984
425414
426513
426702
426762
426911
427212
427470
427714
427776
428119
428951
429563
430304
430539
431150
431978
432117
432267
432449
432871
433082
434640
434861
435368
435590
436165
437190
437205
437255
437352
438046
438509
439042
439605
440405
440696
442083
442209
443371
443602
444257
444269
444490
447014
448607
450756
451299
451652
451781
452318
452334
454158
455506
456093
457042
457996
458265
458389
459093
460596
461072
461879
462657
462913
463048
463183
463201
463376
463649
463864
464281
465428
465513
465771
465888
466359
466534
466884
467369
467559
468713
468759
468869
469699
469788
470217
472205
472231
472514
473811
473834
473927
474910
475386
476149
476161
476497
476783
477005
477169
477177
477857
478107
478150
479207
479712
479773
480186
480241
480511
480619
480691
480805
481017
481310
482353
482394
483347
483911
485260
486117
486502
488513
488769
489167
489445
489596
489662
489938
490406
490719
490976
491015
491038
491093
491125
491357
491445
491821
492576
492586
493829
493999
494177
494596
495900
495959
496707
497852
498197
498214
498923
499322
499816
500508
500562
501700
501931
502265
503496
504234
504313
504374
504933
505533
505590
507021
507352
509420
510931
511202
511621
512355
512736
512762
512986
513313
514176
514204
514457
514663
515878
515931
516303
519087
519620
519725
520580
520718
522091
523831
524181
524999
525120
525280
526219
526420
527396
528196
528608
528793
529195
530340
530949
531061
531924
533098
533117
533124
534835
536207
536747
536997
537154
537294
537904
538533
539608
540258
540314
540596
540889
542368
542940
542994
543829
544165
545599
545725
546419
547635
548279
548377
549170
549406
549947
552149
552358
552896
553931
553972
555503
556192
556761
556809
557188
557718
558282
558430
559544
560036
560254
560612
560830
561423
561440
561768
562451
562977
563169
563761
564078
565511
566032
566525
566756
566797
567102
567588
568967
569376
569540
569982
570677
570937
571422
571525
571780
572556
572607
572695
572758
573522
575576
575636
575858
578318
578414
581523
582624
582650
582958
583181
583486
584443
585359
585828
586792
587144
587581
588357
589000
590907
591665
591916
593097
593123
593163
593291
594193
594798
595026
596569
597024
598458
598619
599463
599607
600298
601238
602087
603791
604263
604281
605256
605509
605555
607792
608061
608116
608315
609316
611665
612393
612528
612867
613470
614119
615825
615899
615996
616839
616967
617445
617649
618771
618838
619016
619555
619559
619625
619924
620746
621660
621679
623418
623809
624462
625008
625135
625933
627250
627722
628535
628849
628973
629292
629693
630508
631352
632480
632797
633401
634173
634487
634560
635589
636581
637141
637168
638051
638589
639011
639745
640441
640669
641599
641782
642099
642446
642938
643285
643288
645256
645596
647415
647769
648244
648518
648752
649316
649509
650673
651703
652948
653696
654187
654407
654891
655096
655214
656463
656521
656986
657617
657701
657735
657939
658960
658966
659316
659373
659970
661592
662950
663357
665102
665700
666286
667865
668406
668443
668493
669084
669580
670162
670658
671018
671066
671242
671349
672232
673307
673433
673631
673790
673799
674355
674674
675857
676297
678230
679519
681320
681657
682327
682498
682762
683061
683329
684106
684294
685759
688141
688925
689033
689530
689980
690427
694458
694496
694583
694684
695677
695802
696492
696629
696670
699481
699716
700122
700437
702270
702479
703285
703291
703673
703730
703768
703890
704114
705165
706786
706904
707849
708187
708263
708582
710193
710995
711860
712714
712718
713152
714219
714843
715554
715609
715900
718748
719042
719392
720160
720214
720322
720491
721052
721621
723528
723561
723646
726597
726855
727697
727770
727799
727945
728078
728091
728103
728527
728558
729381
729447
730448
730796
731150
731357
732384
732401
732445
732604
732650
733079
733339
733566
733680
734225
734579
735101
735212
736661
737605
738173
738297
738566
738949
738988
739202
739403
739510
739852
740715
741842
742494
742746
742871
743019
743239
743265
743281
743456
743864
744141
744239
744582
745003
745154
746836
746861
747983
750132
750391
750924
753405
755563
755871
756343
757523
758033
758098
758525
758944
759820
762591
763812
764816
765189
765830
767030
767299
768163
768553
768638
768783
769270
769402
769419
769841
770215
770413
772072
773090
774693
775169
775968
777356
777404
777781
778924
779785
780781
780938
781105
781722
781748
782069
782205
782273
782595
784147
784317
784496
784722
785036
787115
787434
787645
787875
787982
788144
788564
788698
789398
789540
790114
791999
792366
792909
792996
795082
795315
795946
796032
796249
796761
796976
797212
797728
798416
798916
799175
799188
799961
800375
801490
802168
802584
802661
803040
803852
803862
804554
805406
805786
805876
805940
806746
806920
806952
807205
807896
808178
808668
808871
809051
809343
809422
809721
810104
810436
810952
811208
811589
811824
812226
812591
813424
813738
813803
814543
814879
815359
816387
817419
818712
819237
819270
819540
819775
819912
820056
820556
821500
822329
822829
824235
824236
824442
825239
825923
826149
826402
826446
826668
828160
830506
830783
831727
832057
833768
834365
834440
836883
837714
838478
838542
838708
839089
839105
839843
841004
841736
842636
842944
844194
844295
844443
844900
845153
1126927
1126942
1127310
1127379
1127721
1127789
1128929
1129259
1129547
1129602
1129704
1129978
1133509
1133523
1134333
1135898
1136441
1137017
1138226
1138369
1138477
1139017
1139364
1140202
1140360
1140612
1140893
1140898
1140986
1141812
1141989
1142153
1142907
1143126
1143844
1144583
1145076
1145409
1145702
1146607
1146803
1146935
1147828
1148007
1148072
1148437
1148708
1148857
1149065
1149286
1149767
1150031
1150241
1150741
1150943
1151820
1151856
1153599
1153946
1154547
1154599
1155076
1155209
1155235
1155526
1157281
1158066
1160534
1161121
1161396
1162764
1163048
1163991
1165130
1165709
1165891
1166169
1166618
1166627
1166984
1167024
1170092
1170276
1170790
1171497
1172688
1173837
1174446
1175059
1175417
1176420
1176548
1176793
1177327
1178412
1178527
1178970
1179052
1179137
1179476
1180130
1180782
1180830
1181969
1182457
1182663
1183571
1184019
1184214
1184556
1184837
1185231
1185305
1186611
1186989
1187021
1187165
1188143
1188270
1189221
1189313
1189459
1189892
1190467
1190767
1191149
1191554
1191874
1192650
1192944
1193090
1193325
1193354
1194228
1194655
1194908
1195783
1196701
1198127
1198634
1199131
1199370
1199397
1201497
1201549
1201568
1203958
1204160
1205079
1205520
1205617
1205989
1206181
1206686
1206907
1208130
1208704
1210376
1210978
1211314
1211855
1213038
1213303
1213844
1215502
1216247
1216973
1217307
1217367
1218514
1220884
1221088
1221150
1221531
1222293
1224096
1224126
1224520
1225036
1225290
1226232
1226867
1228895
1228977
1229516
1229803
1230046
1230760
1230885
1231055
1231445
1231673
1231848
1234134
1234147
1234231
1235670
1237631
1237647
1237830
1238857
1240205
1240301
1240649
1240786
1240791
1241123
1241392
1242818
1243692
1244338
1244341
1245658
1246935
1248159
1248880
1249930
1250365
1250625
1251871
1252084
1252990
1253844
1254082
1254219
1254524
1255128
1255874
1256292
1258156
1258177
1258678
1259049
1260625
1261400
1261509
1261744
1262079
1262361
1262792
1263420
1265356
1265519
1265584
1266173
1267071
1268203
1268314
1268808
1271435
1273156
1273389
1274547
1274923
1276653
1276722
1276977
1277027
1277394
1277696
1277930
1279003
1281013
1281955
1282934
1282977
1282994
1284229
1284534
1284881
1284949
1286258
1287733
1289649
1289714
1290553
1290700
1290927
1292200
1292827
1293327
1293589
1293703
1293923
1294329
1294759
1295829
1296667
1297786
1298256
1298547
1300164
1301704
1302360
1302516
1302713
1304413
1304696
1304712
1306031
1306032
1306125
1306822
1306826
1308536
1309010
1309264
1309324
1309336
1309371
1310603
1310843
1311499
1312084
1312932
1313130
1314189
1314435
1314521
1315338
1315543
1315570
1315650
1316051
1316562
1316929
1316993
1317430
1317492
1320892
1320971
1321005
1321429
1322788
1323844
1324844
1325447
1326446
1326632
1327310
1327763
1328148
1329348
1329575
1329612
1329846
1330943
1331202
1331350
1331665
1331844
1332654
1332703
1333858
1334417
1334603
1335626
1336715
1337176
1338825
1339032
1341129
1341276
1341781
1342292
1342381
1343356
1344256
1345179
1345530
1346552
1347229
1348305
1349080
1349972
1350107
1353518
1353585
1353599
1353759
1353812
1354115
1354647
1357848
1357876
1358922
1358941
1359915
1360529
1362086
1362453
1362517
1362858
1363093
1363683
1363686
1363927
1364120
1365007
1367289
1367375
1367699
1369412
1369466
1371432
1371562
1371648
1372102
1372898
1373400
1373474
1374429
1374470
1374899
1375347
1375954
1377314
1377356
1377479
1377734
1378597
1378823
1378855
1378868
1379646
1379969
1380457
1380577
1380985
1381829
1381982
1382738
1383507
1384694
1385015
1385214
1386468
1386808
1387146
1387179
1387725
1388156
1388830
1389682
1390225
1390461
1390826
1390973
1391721
1391736
1391964
1392545
1392697
1392957
1393692
1394039
1394495
1394735
1395808
1396550
1397946
1397989
1398324
1399032
1399454
1399669
1399990
1400344
1400508
1400928
1401314
1401963
1402105
1402740
1402761
1404291
1404304
1404491
1405882
1406619
1406620
1406815
1407150
1408760
1409160
1409796
1409805
1410349
1410443
1411673
1413732
1414489
1414520
1415299
1415683
1415917
1416715
1417132
1417478
1417941
1418056
1419114
1419725
1419759
1420031
1420598
1420855
1421340
1421676
1421910
1422348
1424006
1424211
1425664
1426889
1429133
1429200
1429540
1430383
1430465
1431482
1431520
1431680
1432190
1433170
1433554
1433807
1434333
1435877
1436017
1436361
1436816
1438062
1438197
1438580
1438623
1439938
1440038
1440084
1440369
1441054
1441087
1441400
1441707
1442235
1443286
1443602
1444142
1444244
1444435
1444529
1446384
1446732
1448299
1449043
1449742
1450604
1452024
1452134
1452688
1453834
1454464
1454799
1455145
1455885
1457385
1457662
1458369
1458395
1458690
1458954
1459800
1459882
1461487
1462731
1462890
1463398
1463578
1464322
1464366
1464738
1464765
1465362
1466107
1466402
1466436
1466450
1466456
1467778
1468425
1468966
1469101
1469165
1469365
1471665
1472277
1473527
1473664
1473875
1474051
1474382
1474535
1475245
1475849
1476020
1476643
1478250
1479601
1480393
1481268
1482632
1483672
1483884
1484291
1484815
1485016
1485206
1485331
1486154
1486859
1487058
1487799
1488040
1488291
1489675
1490150
1490636
1490739
1490946
1491334
1491657
1492187
1492460
1492888
1493600
1495048
1497782
1498019
1498278
1498406
1498507
1498762
1499904
1500327
1500949
1502254
1503199
1503545
1503598
1503637
1503900
1503943
1504066
1506158
1506680
1506716
1507027
1507547
1507625
1508764
1508807
1508959
1509881
1510297
1511097
1511236
1511294
1511573
1511882
1512184
1512388
1513464
1514879
1515781
1516647
1517149
1518227
1518257
1518522
1518528
1518999
1520399
1521389
1522665
1523239
1523429
1523445
1523678
1523821
1526270
1527272
1528453
1528566
1528659
1529736
1530529
1530709
1530979
1531005
1531138
1531580
1531599
1532790
1533138
1533341
1535573
1535601
1536983
1539015
1539156
1539437
1539759
1540035
1540116
1540501
1541165
1544754
1545650
1546241
1547429
1548106
1550273
1553088
1554088
1554391
1554537
1556223
1557343
1557710
1558066
1558569
1560302
1562196
1562701
1562791
1562906
1563484
1563665
1563873
1563932
1564533
1564716
1566069
1566565
1568729
1568765
1570138
1570373
1570616
1571018
1571447
1572703
1573765
1574598
1576413
1577125
1577156
1577522
1577577
1577872
1577937
1578082
1579431
1579583
1580331
1580843
1581201
1581628
1582167
1582446
1582777
1582785
1583056
1583785
1584838
1585478
1586137
1586680
1589252
1590217
1590240
1592006
1592342
1593041
1593275
1593301
1593532
1594666
1595130
1595819
1596096
1597622
1598367
1598589
1598965
1599009
1599121
1599835
1600110
1600174
1600453
1601158
1601499
1602332
1603837
1604145
1604628
1605132
1605319
1605548
1605794
1606561
1608164
1608513
1609690
1609953
1610523
1611461
1612319
1614468
1615386
1616545
1616944
1618171
1618644
1618911
1620355
1620803
1621665
1622078
1622619
1622627
1622709
1624559
1625160
1625652
1627095
1627349
1628007
1628328
1628768
1630304
1630482
1631807
1631973
1634731
1636156
1636780
1637310
1637377
1638195
1638446
1638948
1639731
1639882
1639984
1642098
1642167
1642960
1643186
1644982
1645775
1646221
1646392
1646425
1646863
1646876
1647631
1648913
1649650
1650358
1651526
1652890
1655014
1655417
1655661
1656300
1657554
1659170
1660247
1662589
1662773
1662880
1663002
1663050
1664074
1664574
1664895
1664921
1666581
1666628
1667508
1667906
1668105
1668327
1668841
1669101
1670412
1670517
1670835
1671420
1671642
1672113
1673078
1673295
1673741
1673869
1673973
1674109
1675615
1675635
1675893
1676837
1678022
1678027
1678930
1679915
1680380
1680600
1681759
1682917
1682966
1683140
846294
846568
846643
847478
847989
848181
848207
849663
851030
851118
851240
851556
852028
852957
853207
853654
854608
854665
854932
855594
856628
856715
856736
857460
857732
857863
858164
858439
859520
860081
860795
861205
861305
861827
863079
863503
863585
865720
865757
866136
866623
866709
867476
868702
868963
869122
869331
869393
870304
870390
870591
870883
872097
872429
873120
873707
875215
875627
875799
876630
877192
877237
879354
879821
879843
880000
880505
880990
881037
881100
881263
881295
881853
881909
882550
882610
883431
883793
884826
885626
886240
886409
886438
887246
888714
888845
890649
891368
891811
891982
892872
893737
894127
894727
895267
895544
895867
895922
896097
897246
897716
897749
897803
898040
898763
900539
901462
901561
902855
902929
903181
903444
904392
904584
904932
905567
907152
907388
907687
908411
908775
908905
908978
909614
910911
911494
911847
912039
912186
913751
914589
915422
916069
916172
916434
917767
918612
918722
919349
919970
920918
921037
922805
923207
923884
924623
924637
925744
925861
925983
927457
928473
929290
929668
930679
930923
931185
933124
933360
933920
934160
934979
936032
936906
936910
938365
938803
939096
939430
940024
940461
940728
942468
942775
942936
943815
944268
944312
944412
945670
946364
946596
946758
947175
948018
948069
952606
954479
954491
956097
956188
956564
956613
960068
961179
961789
962567
963156
963363
963419
964071
965748
965895
967281
968107
968756
970062
971149
971337
971872
971980
972119
972327
973503
973987
974315
975100
975550
975620
975824
975850
977293
977645
977663
977965
978051
978849
979090
979232
980038
980407
981197
981491
981627
981987
982046
982120
983318
984264
985792
986828
986830
987481
987698
987834
988458
989277
989646
990064
990807
991009
991628
992802
993686
993984
994499
996991
997293
997301
998401
998836
999339
1000200
1000534
1000709
1001816
1003386
1004165
1004406
1004683
1004962
1007855
1007860
1008213
1008751
1009874
1010522
1010612
1011542
1011891
1012065
1013202
1013709
1014003
1014066
1014164
1014395
1015052
1015887
1016733
1016913
1017147
1017227
1018169
1019343
1019573
1020259
1021087
1021340
1022619
1023838
1023989
1025238
1026019
1026567
1028272
1030161
1030265
1030630
1030745
1031489
1032060
1033015
1033101
1033768
1034054
1034493
1034965
1035657
1035922
1035947
1036541
1036885
1037171
1038124
1038686
1038915
1039336
1039442
1040221
1040772
1041749
1042020
1042876
1043019
1043593
1044937
1045192
1045776
1045821
1046909
1047002
1047279
1048197
1050139
1050201
1050704
1051063
1053095
1053661
1053743
1054193
1055335
1055911
1055980
1056122
1056786
1056929
1057452
1058813
1059225
1059708
1059734
1060943
1061474
1061691
1061738
1062019
1062061
1062280
1062659
1062769
1062830
1063705
1064313
1064751
1064874
1064944
1065115
1065319
1065890
1068197
1068282
1068357
1072761
1072960
1073308
1073972
1074517
1074557
1074807
1075553
1077403
1077681
1079145
1079904
1081430
1081656
1081951
1083264
1083722
1084402
1084576
1084582
1085474
1085522
1085657
1086084
1086480
1086963
1087109
1087303
1087894
1088377
1088556
1089115
1089758
1090517
1091205
1092764
1093996
1094460
1094501
1094817
1094909
1095269
1095686
1095706
1096956
1098055
1098352
1098696
1099387
1099708
1099778
1100931
1102361
1103074
1103618
1103628
1103664
1104490
1105017
1107828
1108172
1108280
1108509
1108628
1109594
1109627
1112272
1113202
1113650
1113778
1113861
1114235
1114589
1115402
1116050
1117891
1119008
1119278
1119706
1120529
1120697
1121874
1122020
1122082
1122211
1122258
1122550
1122959
1124466
1125019
1125421
1126019
1126155
1126413
1126440
1686355
1687516
1687837
1687891
1688697
1688705
1689853
1690037
1690650
1690674
1690894
1690922
1692014
1692103
1693323
1693361
1693474
1693947
1694156
1694606
1695137
1695161
1695396
1695536
1695703
1696374
1697406
1699169
1699524
1699797
1699913
1700459
1701783
1702260
1702808
1703194
1703233
1703765
1704962
1706689
1706720
1707468
1707500
1708418
1708731
1709480
1709519
1712499
1713700
1714315
1714414
1714699
1715278
1715344
1715791
1715853
1716527
1716602
1716881
1718763
1719409
1720086
1723464
1723859
1724046
1724366
1724397
1724503
1725309
1726046
1726088
1727847
1728042
1728214
1729002
1730979
1731209
1732460
1733546
1735667
1735956
1736429
1738187
1739108
1740063
1740091
1741204
1741322
1741368
1743141
1743348
1743494
1744320
1744951
1745183
1745585
1747153
1747349
1747491
1747851
1748054
1748328
1749595
1751466
1751499
1751964
1752104
1752944
1753106
1753305
1753706
1756281
1756595
1756803
1758506
1758555
1760385
1760488
1760832
1762572
1763132
1764421
1765374
1765988
1767243
1767711
1768956
1769020
1769341
1772096
1772520
1772693
1772717
1772742
1773239
1774306
1775357
1775823
1776807
1777488
1777574
1779108
1779134
1779276
1779486
1779621
1779946
1780113
1780124
1780494
1780605
1780906
1781063
1781428
1781920
1781993
1784240
1784674
1784908
1785696
1785870
1785887
1786152
1786345
1786634
1786892
1787402
1788034
1788758
1789772
1790412
1791600
1793015
1793923
1795227
1795472
1795557
1796053
1796647
1796660
1797489
1797705
1798387
1799384
1800144
1801677
1801792
1802542
1802731
1803468
1803907
1804265
1804628
1804815
1805229
1805814
1806121
1806312
1807402
1807564
1807840
1808776
1809846
1809880
1810878
1811866
1813478
1814106
1814519
1815456
1816423
1817094
1818141
1819146
1819246
1819946
1821459
1823055
1824199
1824813
1825673
1826827
1828309
1828484
1828629
1828901
1829733
1829783
1829936
1830168
1830475
1830641
1831502
1832846
1833062
1833752
1833754
1833927
1834013
1834042
1834531
1834707
1834783
1836659
1836714
1836975
1837281
1837435
1837917
1838255
1838392
1838713
1839432
1841458
1842875
1844470
1844682
1845342
1845668
1846525
1846750
1846976
1847435
1847826
1848081
1848859
1849839
1850597
1851594
1851800
1852008
1852577
1852643
1852672
1853838
1854572
1855022
1855026
1856435
1856667
1856927
1856935
1858314
1858838
1859042
1859866
1860930
1861167
1861891
1862158
1862373
1862417
1862569
1862765
1863104
1864291
1865590
1866213
1866992
1867372
1867374
1867407
1868643
1868950
1869030
1869423
1871673
1872110
1872196
1872568
1873099
1874331
1875628
1875636
1876302
1877990
1878974
1879058
1879085
1879210
1879258
1879265
1881886
1882125
1882751
1883232
1883248
1883619
1883711
1884231
1885024
1885589
1885649
1885741
1885833
1886303
1886528
1886610
1887406
1887626
1887761
1888559
1888878
1889221
1889627
1890765
1890823
1891276
1892363
1893101
1893234
1893389
1893572
1894163
1894361
1895194
1895751
1896658
1897291
1898481
1899026
1899731
1899938
1900673
1900954
1901856
1901977
1902865
1904531
1905550
1906748
1907356
1907396
1907676
1908245
1908929
1909592
1910173
1910750
1910931
1911968
1912460
1912470
1912560
1912755
1913588
1913781
1914437
1915929
1916085
1916467
1917129
1917172
1917352
1918128
1918639
1918683
1918752
1920683
1921022
1922016
1922298
1923152
1923915
1925221
1925268
1926107
1927377
1928045
1928529
1928684
1928737
1929516
1930021
1930945
1931497
1932927
1932959
1933086
1933652
1934471
1935035
1935300
1935839
1936375
1936743
1938512
1939057
1939538
1939696
1940218
1941682
1941843
1941897
1942876
1943816
1946581
1947606
1949857
1950070
1951656
1951881
1951925
1952576
1953330
1953495
1953503
1954014
1954360
1954909
1955245
1955738
1956650
1956827
1956830
1957186
1957449
1957459
1958009
1958104
1959595
1959627
1960954
1962121
1962508
1962563
1962793
1963131
1963448
1964207
1965340
1965777
1966633
1967121
1967258
1967571
1968444
1968726
1969176
1970426
1970563
1971576
1972076
1973051
1973185
1973572
1973942
1974333
1974747
1975462
1975547
1976164
1976283
1976527
1976610
1976767
1976956
1978052
1978267
1979908
1980585
1982276
1982609
1982620
1983590
1983959
1984364
1985013
1985332
1986387
1986608
1986814
1987012
1987671
1988637
1989408
1989745
1989986
1990076
1990350
1991327
1991367
1991516
1991655
1991661
1991991
1992162
1993092
1994254
1994265
1994617
1995105
1995400
1996070
1996535
1997533
1997648
1998809
2000397
2002721
2002989
2003371
2004093
2004320
2005736
2005745
2006664
2006777
2007884
2008874
2008991
2010126
2011085
2011692
2012149
2012536
2013213
2013679
2013954
2014857
2015122
2015240
2015636
2015716
2017203
2017272
2019418
2020455
2020515
2020654
2021134
2021649
2021822
2023757
2023959
2024240
2024371
2024507
2025178
2025896
2025911
2026828
2026865
2027366
2027417
2027492
2027578
2028543
2028574
2028644
2028661
2029290
2029892
2030141
2030589
2030990
2032812
2032930
2034480
2035787
2035808
2035810
2036440
2036443
2036623
2037034
2037534
2037674
2039145
2039754
2039888
2039958
2040765
2040806
2041736
2044110
2044408
2044706
2045803
2045947
2047563
2048122
2048451
2049666
2049949
2049989
2050372
2050604
2051600
2051827
2052023
2052768
2052808
2053168
2053402
2053899
2054797
2055120
2055229
2056911
2057773
2060023
2060042
2060203
2060405
2060842
2062311
2062526
2064949
2065185
2065582
2065660
2066304
2066692
2068750
2068777
2068926
2069923
2070043
2070432
2071083
2071517
2071806
2071810
2072075
2072748
2073191
2075267
2075434
2075628
2076636
2076651
2078020
2078064
2078186
2079137
2080113
2080313
2080862
2080981
2082134
2083741
2084099
2084996
2087052
2087141
2087589
2087807
2087840
2088331
2088702
2088853
2089700
2090763
2091304
2091991
2092621
2093527
2093944
2093973
2094538
2094824
2094965
2095128
2095319
2095708
2096388
2096472
2096515
2097701
2097805
2097947
2098966
2099026
2099287
2099514
2100871
2101203
2101493
2102163
2103169
2104271
2104397
2106081
2106255
2106486
2107439
2108299
2108642
2109617
2109804
2110679
2111042
2111343
2112787
2112918
2114565
2115027
2116005
2117147
2117591
2118222
2118673
2119225
2119291
2119904
2120836
2121107
2121707
2122187
2124655
2124920
2126212
2126517
2126703
2126951
2127188
2127353
2127503
2127628
2128176
2129487
2130758
2131027
2131787
2132446
2132581
2133012
2133294
2133899
2135187
2135218
2135370
2135532
2136167
2136469
2136685
2137283
2137347
2137661
2138474
2138664
2139768
2139861
2140657
2140692
2141070
2142639
2142707
2143251
2143937
2144064
2144457
2148083
2148109
2148909
2149960
2150346
2150854
2151341
2151430
2151840
2152126
2152215
2153136
2153901
2155199
2155317
2155355
2155725
2155797
2157098
2158635
2158954
2159328
2159566
2159776
2160568
2161862
2161926
2162164
2162192
2162730
2163450
2163477
2163824
2164003
2164094
2164599
2164831
2165604
2166063
2166160
2166370
2167400
2167975
2168216
2169691
2169772
2169819
2170053
2170156
2170243
2170822
2170894
2171239
2171843
2173415
2174255
2174281
2175237
2175602
2175813
2175974
2177108
2177426
2177613
2178608
2179667
2180573
2180699
2180851
2182116
2183124
2183147
2183242
2183791
2184097
2184558
2184734
2184763
2184873
2184951
2185195
2186931
2187304
2187560
2188912
2189850
2190258
2190431
2191619
2193947
2194228
2194440
2194474
2195570
2195818
2196903
2197540
2197897
2199341
2200190
2200300
2201278
2201505
2203135
2204631
2205536
2206250
2206274
2206332
2206769
2207227
2210366
2210674
2212057
2212544
2213622
2213667
2213741
2214198
2214405
2216354
2216798
2216940
2216970
2218887
2219005
2220281
2221422
2222259
2223015
2223501
2223618
2224801
2225259
2226426
2228394
2228731
2230360
2231512
2234834
2235077
2235314
2237239
2237383
2238044
2238851
2239022
2239732
2239890
2240618
2241800
2242602
2242679
2242880
2243739
2243878
2244436
2244472
2244761
2245726
2245763
2245779
2246079
2246338
2247330
2247403
2248197
2248211
2250212
2250607
2252090
2253645
2254404
2254708
2255918
2256040
2257370
2257483
2257625
2257682
2257827
2259042
2259577
2259862
2260675
2261105
2262837
2263633
2263946
2264418
2264441
2264495
2264891
2265386
2266168
2266956
2267512
2269550
2271402
2271959
2273705
2273927
2274016
2274682
2274686
2274698
2274771
2275053
2275119
2275767
2276211
2277698
2280315
2281802
2282487
2283213
2283404
2284355
2284625
2285251
2285993
2286155
2286176
2286244
2286937
2286986
2287244
2288304
2288346
2288607
2289019
2289190
2290081
2290979
2291532
2292553
2293086
2294109
2294551
2294729
2294981
2295978
2296591
2296815
2298071
2300410
2301206
2301348
2301999
2305494
2305830
2305892
2306934
2306969
2307332
2307551
2307880
2308960
2309180
2310188
2310333
2310559
2310807
2311480
2312034
2312245
2312740
2314688
2315246
2315517
2315636
2316237
2316483
2317104
2317461
2317601
2317651
2317785
2317835
2318675
2320215
2320540
2320563
2320893
2321616
2321872
2321974
2322442
2322801
2322845
2323026
2323465
2324579
2324643
2325196
2326363
2327073
2328247
2328859
2329332
2329370
2330366
2330829
2333633
2333964
2334929
2335490
2335883
2336820
2337186
2337852
2337976
2338004
2338425
2339170
2339314
2339739
2340229
2340363
2340405
2340768
2341159
2341641
2341918
2342078
2342677
2343442
2343497
2343894
2345460
2345715
2346040
2346999
2347007
2347630
2348706
2349128
2349211
2349908
2351069
2351102
2351644
2351690
2352731
2352735
2353177
2353510
2353535
2353827
2353877
2354301
2354721
2354927
2355629
2355633
2356155
2356471
2356618
2356842
2357121
2357646
2357770
2357839
2358298
2358709
2358773
2358935
2359020
2359212
2359431
2359620
2361011
2361742
2362658
2363007
2363042
2363481
2363530
2364181
2364304
2365188
2365338
2365352
2367230
2367292
2367586
2368361
2368993
2369060
2369568
2369736
2370798
2371335
2372257
2372281
2372864
2374374
2374815
2374836
2375444
2375806
2376036
2376539
2377878
2379813
2380489
2380938
2381884
2382209
2383079
2383172
2384707
2385380
2385768
2386261
2386613
2387443
2387908
2388534
2388732
2389368
2389377
2390368
2390369
2391397
2392383
2392925
2393329
2393847
2395371
2395838
2396139
2396493
2396702
2398744
2398756
2398988
2399463
2399906
2400233
2400246
2400629
2401410
2403288
2403345
2403932
2404176
2404449
2405129
2405773
2405800
2406022
2406878
2408139
2408568
2408866
2408878
2409126
2409677
2411942
2411991
2413098
2414181
2414750
2414796
2414803
2415023
2415179
2415424
2416325
2417057
2417080
2418502
2418764
2419472
2419689
2419995
2420414
2420782
2421078
2422326
2424747
2424941
2425744
2426917
2427249
2428116
2428670
2429737
2430674
2430827
2430904
2431087
2432070
2432250
2432964
2433014
2433059
2433527
2433553
2433799
2434063
2436486
2437038
2437522
2437657
2438151
2438438
2438650
2438689
2438984
2439192
2440080
2440161
2440503
2441959
2442169
2442416
2442830
2442915
2443835
2444009
2444795
2445445
2445759
2447150
2447323
2447904
2448002
2450122
2452013
2452110
2453990
2454561
2454862
2455292
2455476
2456120
2456456
2457869
2458072
2458147
2459778
2460594
2460598
2460777
2461129
2461511
2462154
2462654
2462709
2462953
2464776
2464885
2465230
2465237
2465595
2466248
2467381
2467661
2467703
2468910
2471745
2471842
2472246
2473073
2473092
2473331
2474018
2474126
2474339
2474634
2475217
2475856
2476439
2476620
2476997
2478593
2478619
2480938
2481921
2482349
2482477
2483266
2483800
2484547
2484551
2484608
2484700
2485891
2486240
2486719
2487098
2487448
2487656
2487808
2488048
2488625
2489259
2489886
2492089
2492717
2492804
2493336
2495494
2495567
2496265
2498631
2499047
2499654
2499735
2500369
2501107
2502401
2502639
2503550
2505336
2505378
2505658
2505851
2506096
2506724
2506945
2507026
2507398
2507638
2508012
2508089
2509806
2510693
2510780
2512226
2512440
2513254
2513362
2513640
2513710
2513738
2514176
2515059
2515589
2516067
2516838
2518081
2519427
2519592
2520103
2520127
2521110
2521516
2522414
2523218
2523677
2524048
2526183
2526454
2527754
2527797
2528510
2529257
2530062
2530367
2530886
2530989
2531952
2532060
2532261
2532385
2532545
2533367
2533461
2533605
2533884
2534087
2536012
2536531
2537217
2537406
2538271
2539738
2540103
2540376
2540553
2541227
2541816
2542644
2543095
2543560
2543627
2544775
2545200
2545539
2546055
2546172
2546913
2548378
2548667
2549618
2549645
2549869
2550521
2551378
2552257
2552557
2554267
2555017
2555550
2556211
2556732
2557501
2557768
2557798
2558721
2560379
2561842
2562326
2562556
2565554
2565716
2565976
2567098
2568077
2569116
2569280
2569707
2570113
2571353
2571579
2571946
2572612
2572806
2572919
2573057
2573373
2573551
2573810
2575001
2576419
2576922
2577024
2577344
2577365
2577527
2577707
2578842
2579630
2579843
2580017
2580136
2580172
2580385
2581739
2582543
2583174
2583225
2583336
2584131
2584300
2584870
2585394
2585592
2585754
2586491
2587051
2587790
2588217
2589594
2590283
2590492
2591936
2593105
2593872
2593949
2594008
2594035
2594742
2594752
2595697
2595823
2595909
2596230
2596271
2596670
2598521
2598772
2598919
2599358
2599550
2599596
2600999
2602521
2602749
2604024
2604300
2604676
2604774
2606066
2606097
2606378
2607516
2607526
2607913
2609461
2609521
2609580
2609594
2609976
2610321
2610349
2610649
2611034
2611056
2611370
2611850
2612928
2613064
2613984
2615576
2615948
2615976
2616577
2616643
2616944
2618081
2618086
2618469
2619057
2619162
2620694
2620821
2621342
2622478
2622724
2623170
2623267
2623310
2623493
2624558
2624593
2625747
2627051
2627058
2627128
2627962
2627987
2628915
2629087
2629239
2629431
2629713
2630627
2630920
2631587
2631707
2632204
2632339
2633031
2633286
2633525
2634014
2634097
2634361
2634727
2635002
2635524
2636923
2637013
2637705
2638553
2641412
2641964
2642100
2642912
2643172
2643674
2643899
2644063
2644213
2644245
2644355
2644426
2644474
2644841
2645033
2647832
2648450
2648775
2649170
2649799
2649882
2650175
2650808
2650916
2653138
2653577
2654431
2654680
2655502
2655539
2655569
2656543
2656653
2656722
2656738
2657175
2657213
2657360
2657914
2658340
2658471
2658580
2659056
2659546
2659636
2659842
2659942
2660196
2660582
2660888
2661977
2661991
2662392
2664154
2664413
2664766
2665236
2665978
2667350
2667708
2667723
2668025
2668495
2668606
2668729
2669017
2669215
2669315
2670134
2671068
2671196
2671405
2671484
2671691
2671778
2672002
2672041
2672385
2673748
2674821
2674856
2675744
2676050
2676414
2676873
2677667
2677687
2677727
2677933
2677998
2678076
2678166
2678179
2679576
2680266
2681072
2681093
2681597
2681917
2682516
2682552
2682698
2683658
2685536
2685610
2686954
2686978
2687287
2690080
2690085
2690668
2693204
2693892
2693951
2695437
2696329
2696826
2697029
2697183
2697338
2698641
2699247
2700298
2700769
2700777
2701090
2701889
2702058
2703207
2703498
2703704
2703972
2704064
2704547
2704795
2705058
2705331
2705377
2705654
2706293
2706445
2706837
2707091
2707447
2707580
2708246
2709558
2709640
2710020
2710241
2710897
2711024
2711679
2713367
2713513
2713514
2713547
2713912
2713973
2714234
2716767
2717109
2717225
2717389
2717873
2718145
2718979
2719112
2719243
2719521
2720068
2720395
2721016
2721265
2722962
2723928
2724954
2725092
2725121
2725164
2726662
2727288
2728525
2728565
2728696
2729481
2729521
2729866
2730285
2730470
2730982
2731345
2731574
2731691
2732968
2733911
2734700
2735939
2737728
2739504
2740506
2740532
2741917
2742348
2742934
2744759
2744784
2745483
2746366
2746445
2746872
2747043
2747097
2747836
2748695
2750409
2750662
2751623
2752185
2752731
2753032
2753192
2753389
2753700
2753779
2753970
2754204
2754384
2754428
2754969
2755511
2755515
2755672
2755988
2756229
2756577
2756597
2756811
2756824
2756918
2757125
2757265
2759062
2759945
2760080
2760911
2762092
2762222
2762869
2763876
2764069
2764724
2765539
2766717
2767437
2767489
2767567
2767877
2769430
2771436
2771547
2772818
2773634
2773945
2774276
2774359
2775044
2775292
2775375
2775684
2775826
2776336
2777324
2778084
2778111
2778960
2779113
2779741
2779903
2780051
2780525
2780825
2781448
2781498
2781609
2782106
2782584
2783483
2784057
2784301
2784862
2784912
2785182
2785589
2786339
2786688
2788021
2788329
2789337
2789477
2789511
2790225
2790498
2793816
2794430
2796316
2797849
2798067
2798242
2799481
2799996
2801481
2801652
2803015
2803079
2803396
2803701
2805416
2806328
2806796
2807734
2807838
2809786
2810397
2811014
2811255
2811444
2812365
2812513
2812671
2814077
2814951
2817787
2818341
2818560
2819789
2820225
2820273
2821034
2821138
2821342
2821569
2822090
2822976
2823324
2823385
2823777
2824242
2826461
2826466
2827055
2827221
2827324
2828935
2828937
2828946
2828987
2829036
2829289
2829378
2829790
2831054
2831187
2831386
2831640
2831743
2832204
2832514
2833178
2833890
2834210
2834984
2835384
2835453
2835514
2835973
2836456
2836874
2836950
2838747
2838996
2839177
2839372
2840085
2840571
2841489
2841743
2843048
2844697
2844742
2845562
2846269
2847213
2847789
2848003
2848667
2849363
2849430
2849541
2850828
2850948
2851205
2851482
2851485
2851914
2852269
2852397
2852440
2853962
2854040
2854066
2854249
2855408
2855923
2856284
2857481
2857866
2858105
2858139
2858306
2858367
2858435
2858467
2859496
2859542
2860506
2861060
2861214
2861378
2861920
2862387
2862859
2863182
2863255
2863611
2863656
2863871
2864852
2865187
2865582
2866128
2866280
2867110
2867566
2867889
2869294
2869325
2869517
2869852
2869937
2870675
2871800
2872742
2873289
2873846
2873911
2874402
2874480
2874883
2874924
2875099
2875920
2876024
2876325
2877508
2877520
2878683
2878880
2878931
2880532
2882841
2884673
2884701
2885644
2885932
2886109
2887079
2887961
2888050
2888166
2888493
2889216
2889813
2889866
2889886
2890337
2890430
2890484
2890786
2891996
2892171
2893063
2893287
2894664
2894700
2894740
2895259
2895667
2897621
2897864
2897959
2898224
2898343
2899981
2900035
2900340
2901593
2902123
2902449
2902555
2903258
2903552
2903737
2904484
2904591
2905069
2905093
2906111
2906591
2907641
2907759
2907926
2907972
2908135
2908138
2908746
2909128
2909284
2910545
2911003
2911336
2911343
2911948
2912178
2913852
2914185
2914556
2915910
2917023
2917693
2917757
2918034
2918417
2918721
2920888
2921294
2921758
2922469
2922859
2923809
2924899
2925885
2926042
2927195
2927716
2929082
2929570
2929906
2930561
2931880
2932329
2932411
2932953
2933860
2933957
2934350
2934610
2934630
2935356
2935725
2936003
2936153
2936931
2937759
2938132
2938151
2938538
2939752
2940133
2940908
2941701
2941850
2942559
2943409
2943498
2943678
2943698
2944801
2944976
2945264
2946573
2947111
2947369
2947599
2947631
2948068
2948403
2948405
2949100
2950492
2950611
2950715
2950964
2951053
2951133
2951485
2952840
2953156
2953751
2953847
2953879
2954833
2955035
2955538
2956898
2956972
2957197
2957424
2958427
2959549
2960599
2960836
2961124
2961543
2961635
2962014
2962030
2963358
2964436
2966433
2966619
2966845
2967272
2967367
2967514
2968081
2968192
2969011
2969482
2969810
2970900
2972053
2972154
2973166
2973414
2975026
2975120
2975413
2975583
2976221
2976393
2976542
2976544
2976676
2977756
2977772
2978628
2979005
2979117
2979803
2980249
2980333
2980426
2980799
2981473
2983016
2983923
2984322
2984629
2985641
2986553
2987279
2988516
2988957
2989014
2989425
2989844
2990921
2991082
2991084
2991768
2992581
2992788
2994759
2994988
2995450
2995591
2997420
2997424
2997650
2998772
2998816
2999330
2999651
2999694
2999973
3000201
3001121
3001301
3001941
3002174
3002526
3002608
3002943
3003183
3003342
3003421
3003647
3003985
3004038
3004353
3005068
3005129
3006204
3006378
3006463
3009063
3009300
3009368
3009583
3010660
3010749
3010829
3010951
3011313
3011810
3012465
3013514
3013875
3014154
3014494
3015174
3015728
3016419
3016805
3016890
3017523
3017604
3018979
3019131
3020012
3020229
3020417
3021264
3022341
3022925
3023010
3023387
3023888
3024478
3024725
3025752
3026286
3026877
3027090
3027789
3028483
3029318
3029371
3030370
3030807
3032578
3032964
3033341
3033759
3033843
3035196
3035773
3036184
3036279
3036633
3037087
3037201
3037281
3039628
3039817
3039851
3041025
3041579
3041582
3043568
3043759
3044307
3044471
3044912
3045923
3045972
3046215
3046515
3047067
3047479
3050149
3050223
3050693
3052919
3053364
3053472
3054023
3054780
3055179
3055302
3056652
3057162
3057680
3058789
3059171
3059590
3060069
3060498
3061145
3061176
3062312
3062634
3063360
3063386
3064344
3064381
3064600
3064870
3065130
3065947
3066393
3068094
3068803
3069410
3070399
3070534
3070882
3070996
3071546
3073097
3073405
3073452
3074797
3074963
3076991
3077420
3077855
3079257
3079347
3079931
3080346
3081069
3081428
3082317
3082391
3082483
3082978
3084008
3084370
3085515
3085904
3085919
3086215
3086226
3086256
3086401
3086624
3086662
3087296
3087592
3087922
3088180
3089229
3089945
3090142
3090628
3090732
3091472
3091810
3092583
3092727
3092958
3093249
3093708
3093710
3095188
3096959
3096973
3097033
3097252
3097949
3099618
3102026
3102418
3102503
3102949
3103113
3103169
3103251
3103778
3104609
3105711
3105831
3106673
3107202
3107239
3107417
3107435
3107445
3107543
3107888
3108070
3108815
3109226
3109499
3109839
3111098
3111651
3113283
3113607
3113838
3114112
3114483
3115009
3115690
3116089
3117164
3117317
3118150
3119744
3119900
3121458
3123458
3125961
3126780
3128615
3129170
3130145
3130182
3130413
3130480
3130588
3130841
3130939
3131008
3132871
3132973
3133020
3133047
3133213
3133228
3133925
3134160
3136180
3136607
3137410
3137413
3137917
3138013
3140897
3141112
3141276
3141658
3141744
3142037
3143341
3144504
3144754
3145731
3146619
3147396
3148191
3148484
3150401
3150691
3150802
3151214
3151481
3151730
3152060
3152177
3152372
3153127
3153286
3153475
3153492
3153979
3154113
3154440
3154557
3154565
3155335
3155814
3157014
3157129
3157833
3158244
3158294
3158838
3159778
3159790
3160244
3160430
3160906
3161062
3161125
3161362
3161520
3162526
3162745
3162861
3163750
3164638
3165103
3165325
3165593
3166491
3166678
3167451
3168696
3169019
3169216
3169618
3170114
3170530
3170597
3170643
3171077
3171948
3172953
3172963
3173550
3173787
3173928
3174187
3174701
3175506
3176578
3176628
3176947
3177602
3178432
3178620
3179001
3179346
3179596
3179877
3179969
3180069
3180495
3181101
3181595
3181790
3182027
3183523
3184658
3184688
3184966
3184994
3185181
3185426
3186156
3186260
3187088
3187553
3188038
3188255
3188262
3188506
3189272
3189353
3189537
3189927
3190525
3190682
3190713
3190893
3191815
3192389
3194502
3195861
3197625
3198311
3200706
3201544
3202142
3202295
3203268
3203821
3204042
3204524
3204681
3204793
3206130
3206777
3206781
3208669
3209293
3209802
3210002
3210735
3212200
3213432
3214709
3214715
3215231
3215428
3216287
3217257
3218625
3218637
3218678
3219888
3219973
3220014
3220249
3220735
3221833
3221898
3222918
3223192
3224199
3224268
3225845
3226118
3226423
3226575
3227065
3227335
3227337
3227452
3227814
3227831
3227938
3228040
3228236
3229148
3229335
3230237
3230266
3231635
3232434
3232457
3233329
3233862
3234880
3235464
3235481
3235805
3235860
3236181
3236730
3237554
3238889
3239146
3240313
3242896
3242989
3243360
3243429
3243467
3243747
3243806
3244022
3244481
3246198
3247250
3247720
3247808
3248067
3248072
3248910
3248974
3249722
3249957
3250917
3252102
3252442
3253443
3253658
3254758
3255399
3255649
3255657
3256096
3257409
3257620
3257735
3258043
3258118
3258264
3258477
3258577
3258876
3260850
3261527
3261578
3262589
3263048
3263177
3263986
3264919
3265034
3265186
3265316
3266007
3267254
3267349
3268960
3269033
3269150
3269377
3269749
3269872
3270583
3270857
3270925
3271094
3271336
3271456
3271573
3271787
3274051
3274137
3274312
3274416
3274513
3274816
3274951
3274971
3275142
3276246
3276317
3277522
3278419
3279056
3279813
3279912
3280273
3281038
3281522
3282341
3282349
3282557
3284941
3285043
3285534
3285832
3287176
3287464
3288306
3288538
3290670
3290950
3291108
3292249
3292793
3293154
3293900
3295619
3296265
3296426
3296817
3297005
3297749
3297996
3299058
3300584
3300658
3300961
3301021
3302361
3302623
3302679
3303512
3303550
3305127
3307211
3307261
3308135
3308356
3309359
3309440
3309955
3310186
3310358
3310961
3311206
3311239
3311691
3311889
3311969
3311971
3312455
3313083
3314483
3314838
3315312
3315362
3315753
3316475
3316839
3317583
3318279
3319897
3320159
3320425
3320720
3321401
3322139
3322300
3322594
3322835
3323032
3323716
3323791
3324228
3324489
3326312
3326426
3328022
3328218
3328287
3328429
3329047
3329464
3329656
3330519
3331197
3332196
3333167
3333305
3333901
3334104
3334578
3335136
3335310
3335466
3335833
3336745
3337084
3337273
3337494
3338779
3339396
3339987
3340030
3341108
3341203
3341601
3342031
3342166
3342744
3343291
3344194
3345458
3345727
3345935
3345990
3346026
3346332
3347092
3347319
3347426
3347461
3347553
3347672
3349111
3349202
3350692
3350831
3351313
3351333
3351972
3352277
3353701
3353926
3354143
3354328
3354444
3355682
3356079
3356352
3356477
3357490
3358233
3358255
3359094
3359122
3360785
3362685
3362699
3362939
3363480
3363866
3364170
3364314
3364583
3364946
3365486
3365889
3366623
3367598
3368400
3369284
3369400
3369791
3370427
3371758
3371853
3371856
3372006
3372183
3372915
3373265
3374312
3375693
3375878
3376706
3377143
3378301
3378381
3378474
3378767
3378930
3379013
3379779
3380047
3380690
3380835
3382651
3383639
3384000
3384213
3384862
3385167
3385684
3386981
3387138
3388361
3388611
3389099
3389144
3391253
3391397
3391412
3391556
3391878
3392271
3392338
3393169
3394020
3394549
3395133
3395160
3395297
3395525
3395667
3397853
3398570
3398661
3398785
3400137
3401502
3402913
3403458
3404608
3404736
3404791
3405876
3406058
3407284
3407416
3407806
3408407
3409104
3411144
3412264
3412680
3413190
3414651
3414819
3414875
3416231
3416276
3416423
3418207
3418581
3419336
3419485
3419990
3420317
3420683
3421098
3421846
3421911
3422989
3423154
3423510
3423524
3424235
3424258
3424503
3424970
3425006
3425050
3425301
3425585
3426300
3426534
3427796
3429857
3430358
3430480
3431007
3432371
3432654
3432663
3432858
3436041
3438956
3439107
3439358
3439784
3439945
3440029
3440108
3441891
3442346
3442695
3442805
3442814
3443000
3443201
3443273
3443825
3443892
3444875
3445087
3446578
3446920
3447382
3447829
3448042
3448948
3449986
3451065
3451374
3451572
3451609
3451948
3452088
3453137
3453227
3454805
3455610
3455797
3455805
3456394
3457087
3457291
3457753
3457790
3458545
3458794
3459575
3460508
3461127
3461447
3462068
3462878
3463097
3463798
3463921
3465321
3465559
3466144
3466147
3466371
3466826
3466968
3467215
3468321
3468393
3468500
3469650
3469799
3470306
3470444
3470545
3470828
3471037
3471649
3471924
3472605
3473471
3473494
3473608
3473618
3473818
3474109
3474452
3474771
3474777
3476113
3477211
3477297
3477982
3478603
3479689
3480325
3482484
3482528
3482641
3483933
3484960
3485324
3486120
3486746
3487609
3487626
3488382
3488677
3490055
3490310
3490641
3493943
3494153
3494741
3497331
3497715
3497918
3499558
3499989
3500577
3500630
3500777
3501919
3503576
3503991
3504430
3504599
3505340
3505646
3506539
3507531
3508187
3508229
3508409
3509718
3510309
3510554
3510635
3511319
3511563
3511624
3512447
3512503
3512904
3513048
3514041
3514227
3514254
3514662
3514754
3515503
3515597
3515864
3516415
3516559
3517129
3518030
3518046
3518410
3518662
3519205
3519360
3519592
3519680
3519773
3519891
3522955
3523298
3524693
3525162
3526253
3527404
3527884
3529283
3529900
3529918
3529943
3530162
3531319
3532986
3533346
3533497
3533950
3535250
3536513
3536637
3537219
3537366
3537803
3538277
3538369
3539626
3539827
3541129
3541875
3542566
3543625
3544280
3544323
3544550
3544562
3544891
3545412
3545486
3546595
3547493
3548149
3548938
3549196
3550491
3550633
3550647
3551066
3551203
3552570
3552731
3553077
3553221
3553624
3554810
3555177
3555493
3556937
3557209
3557214
3557645
3558396
3558607
3559084
3559298
3559368
3560200
3560627
3560673
3560849
3561210
3562149
3562230
3562929
3563511
3564010
3564215
3565435
3567040
3567261
3567282
3568887
3569333
3571758
3572541
3572719
3573650
3573750
3574874
3574959
3575735
3575954
3576574
3576819
3577196
3577608
3578264
3578597
3578760
3578939
3579151
3580918
3580964
3581635
3582571
3582805
3583747
3583893
3584106
3584168
3584801
3584979
3586454
3587008
3587425
3588332
3589125
3589342
3589544
3590154
3591418
3591667
3592123
3592210
3592334
3592674
3593630
3593631
3593949
3594080
3595038
3596991
3597089
3597864
3597953
3598731
3599837
3599841
3600460
3601609
3601890
3602269
3602419
3602558
3602596
3602612
3604554
3604992
3605004
3605721
3606901
3608415
3609302
3610536
3610896
3611084
3611348
3611454
3612273
3612827
3613929
3614240
3614482
3614635
3614952
3614990
3615106
3615678
3617329
3620153
3621380
3621692
3623146
3623515
3623593
3624271
3624960
3625086
3625180
3626023
3626088
3626551
3626843
3627556
3627984
3628216
3628700
3629013
3629406
3629456
3629885
3630852
3630894
3631154
3633828
3634171
3635657
3635850
3635890
3636177
3637027
3637249
3638224
3638379
3639458
3639514
3640132
3640932
3640967
3641267
3641295
3641833
3643522
3645012
3645445
3645477
3646408
3647256
3649447
3650318
3651920
3652165
3653754
3654513
3654860
3655888
3656101
3658565
3658715
3660177
3660942
3661211
3661376
3662100
3662985
3663047
3664013
3664267
3664598
3664988
3665654
3666486
3666854
3668518
3669869
3670269
3670376
3671181
3671489
3671834
3672582
3673263
3673750
3673891
3674426
3674587
3674678
3674849
3677248
3677735
3678765
3678931
3679172
3679483
3679774
3679857
3680022
3680488
3680857
3681855
3682731
3683175
3683240
3684599
3685038
3686315
3686893
3687481
3687484
3687558
3687683
3687874
3687964
3687997
3688321
3688461
3688613
3690020
3690165
3690656
3692427
3693296
3693337
3693719
3694274
3694687
3694775
3695376
3695687
3696589
3697109
3697947
3698049
3698726
3699219
3699240
3700963
3700999
3701351
3701532
3702121
3702330
3703419
3703736
3704879
3706724
3706736
3706846
3707612
3709160
3710060
3710433
3711554
3712196
3713569
3714214
3714646
3715648
3716612
3717526
3717863
3719191
3719834
3720389
3720731
3721207
3721998
3723083
3723246
3723274
3723782
3723827
3723863
3724130
3724208
3724259
3724353
3724663
3725146
3725566
3725688
3725735
3725738
3725844
3726093
3726295
3726305
3727513
3727935
3728116
3729111
3729533
3729601
3729890
3730177
3730291
3730380
3730490
3730540
3730830
3731288
3731677
3731913
3732414
3733927
3735201
3735207
3735624
3736157
3736941
3737077
3737228
3737627
3737671
3738234
3740122
3741972
3743485
3744760
3745435
3748250
3748416
3748544
3748993
3749062
3749153
3750851
3750859
3751810
3752864
3752949
3753031
3754702
3755985
3756280
3756282
3756969
3757537
3757676
3758467
3758856
3758872
3759460
3761262
3761269
3761711
3762012
3762116
3762176
3763690
3766017
3766740
3766785
3767955
3768184
3769468
3769620
3769642
3769972
3770277
3773422
3774090
3774238
3775427
3775684
3775821
3777728
3777929
3778217
3778444
3779696
3781019
3782422
3782644
3782668
3783169
3783183
3785209
3785554
3786283
3786385
3786479
3786554
3786721
3786808
3787671
3788319
3788536
3788800
3788824
3789222
3789308
3789862
3790356
3790659
3790972
3791311
3791713
3792590
3792845
3793926
3796003
3796384
3796879
3797330
3797938
3798386
3799262
3799811
3800157
3801077
3801107
3801141
3803349
3803360
3803418
3803922
3806291
3806575
3809036
3809234
3809324
3810020
3810161
3810422
3810716
3810879
3811348
3811695
3811941
3812671
3812904
3813222
3813430
3813813
3814376
3814909
3815677
3816035
3816333
3816890
3819011
3819612
3819940
3820787
3820868
3821793
3823857
3823965
3824018
3825128
3826017
3826202
3826319
3826472
3826690
3826964
3827503
3827504
3827834
3828437
3828613
3829083
3829208
3830182
3831159
3831739
3832656
3835293
3836374
3837074
3837201
3837641
3839341
3840220
3840556
3840999
3842505
3842536
3843620
3843851
3844755
3844840
3845776
3846687
3846768
3846882
3847137
3848148
3848634
3849129
3849166
3850262
3851675
3851888
3852362
3853379
3853996
3854104
3854380
3854550
3854731
3855360
3856236
3856428
3856502
3856668
3857084
3857155
3857590
3858155
3858407
3858434
3858464
3859065
3860293
3860518
3860664
3860831
3861554
3861989
3862209
3862570
3862618
3862753
3863008
3863086
3863853
3864142
3865085
3865184
3865513
3866112
3867616
3868250
3868917
3869738
3869774
3870074
3870633
3871970
3872345
3873040
3873508
3873547
3874035
3875148
3875931
3876995
3877227
3877254
3877921
3878560
3879245
3879575
3879602
3879972
3880176
3880360
3880499
3880943
3882936
3884499
3884537
3885133
3885762
3886084
3886147
3886461
3886589
3886692
3886710
3887467
3887477
3888946
3889416
3889853
3891314
3891828
3891970
3893425
3894673
3894993
3896234
3897555
3898174
3898343
3898547
3899578
3899654
3900794
3901250
3901578
3901686
3901979
3902213
3902943
3903248
3904445
3904461
3904711
3905332
3906710
3906801
3906911
3907061
3907882
3908524
3909360
3910448
3910792
3911623
3912040
3912105
3912273
3912717
3913485
3914988
3915687
3916607
3916792
3917544
3917679
3918265
3918272
3919341
3919555
3920358
3920741
3922728
3922740
3924748
3924759
3924907
3925373
3925880
3926109
3926889
3928250
3928481
3928515
3928660
3929446
3929622
3930079
3930928
3931235
3932720
3932769
3932836
3932886
3933129
3933557
3934041
3934589
3935197
3935802
3938159
3938497
3938980
3939963
3940383
3941922
3942278
3942457
3943553
3945020
3945077
3946835
3946887
3947223
3947657
3947734
3948059
3948130
3948291
3949436
3950263
3950539
3951403
3952144
3952375
3952709
3952806
3953552
3953898
3954051
3954605
3955040
3955653
3955963
3955964
3956114
3956572
3957804
3959584
3959748
3961239
3961607
3964966
3965337
3965853
3967582
3968743
3969173
3969925
3971594
3972053
3972538
3972637
3973273
3974038
3974769
3975314
3975652
3976403
3977760
3979396
3979411
3979497
3979914
3980140
3980868
3981170
3981986
3982763
3983213
3984056
3986013
3986034
3986290
3986809
3986870
3987318
3987526
3987740
3988433
3989381
3989639
3991286
3991937
3992280
3992374
3992565
3992837
3993045
3993047
3993169
3993323
3993390
3993528
3993643
3994118
3995144
3995175
3996124
3996807
3997418
3997617
3997634
3997694
3998904
4000908
4001219
4001238
4002877
4003316
4003490
4004195
4004504
4005169
4005736
4006261
4006552
4006604
4008260
4008611
4008849
4009709
4009858
4011298
4011682
4013134
4013384
4013699
4013965
4014364
4015087
4016478
4017332
4017578
4017835
4018064
4018468
4018618
4019171
4019591
4019827
4023255
4023324
4024092
4024437
4025087
4025414
4025455
4025621
4026124
4027181
4027781
4028051
4028164
4028414
4028761
4029428
4029885
4030517
4031933
4032342
4032395
4032408
4032529
4033863
4033956
4035524
4036630
4036997
4037490
4038047
4038495
4039697
4039794
4041111
4041118
4042093
4042185
4042271
4042722
4042803
4045199
4045222
4045324
4045364
4045714
4046003
4047304
4048565
4048725
4049069
4049078
4049452
4049494
4051428
4051474
4051578
4051662
4052058
4052414
4053453
4054096
4054186
4056200
4058374
4060057
4060579
4060804
4061177
4061971
4062457
4062467
4063117
4064218
4064811
4064962
4065362
4065398
4066532
4066663
4066795
4066867
4067108
4067679
4069000
4069179
4070307
4070343
4070533
4071058
4072183
4072231
4072290
4072711
4072733
4072884
4073776
4074816
4075686
4075877
4075980
4076862
4077270
4077572
4078371
4078929
4079829
4080034
4080399
4080841
4081206
4081246
4081373
4081687
4082867
4083363
4083814
4084663
4085052
4085070
4085838
4087052
4087491
4088094
4090211
4090245
4091332
4091668
4092651
4092819
4093444
4094361
4094496
4094966
4095135
4095296
4097573
4098049
4098324
4099375
4099797
4099835
4100583
4100634
4101902
4102020
4102190
4102379
4102408
4103234
4103478
4104841
4105569
4105924
4106147
4106389
4107109
4107175
4107369
4107465
4107616
4107681
4108352
4108800
4109213
4109990
4110585
4110950
4111995
4112103
4112388
4113333
4114292
4114611
4115452
4116181
4116495
4116999
4117251
4118114
4118961
4119099
4119880
4119890
4120312
4121536
4121928
4122149
4123829
4124963
4125682
4126823
4126960
4127769
4127801
4128749
4130091
4130429
4130453
4130777
4130796
4131304
4131448
4131598
4131950
4131964
4133620
4133836
4134623
4134751
4135399
4135435
4135531
4136398
4136739
4136938
4137013
4137170
4138216
4138704
4138844
4139465
4141646
4142478
4146613
4147883
4147948
4149621
4150355
4150721
4151450
4151891
4153217
4158061
4158153
4158249
4158413
4160237
4161185
4162857
4163021
4164097
4165908
4165951
4166230
4166480
4166540
4166823
4167357
4168427
4168721
4168754
4168771
4169215
4170031
4170487
4171357
4171407
4171790
4172507
4172626
4173012
4174094
4174167
4174464
4175371
4175968
4176379
4176383
4177734
4177938
4179189
4179369
4179619
4179629
4179998
4180244
4180284
4180458
4180786
4180916
4180952
4181288
4181769
4182313
4182409
4182903
4183904
4183942
4184882
4185720
4185921
4186259
4187069
4187347
4188055
4189007
4189942
4190035
4190114
4190836
4192250
4192374
4192560
4193014
4193020
4193161
4193640
4193695
4193887
4194822
4195628
4195730
4195995
4197552
4198431
4199424
4199595
4199755
4199807
4199910
4199918
4200404
4201703
4202326
4202452
4202912
4203993
4204129
4204981
4205373
4205623
4205882
4205956
4206534
4207176
4207718
4208554
4209782
4210747
4211180
4211320
4211917
4212737
4212801
4212849
4212992
4213609
4213610
4213883
4214092
4215880
4215928
4216379
4217225
4217448
4217690
4218070
4218264
4219438
4219594
4219601
4221125
4221138
4221858
4223770
4223857
4224339
4224417
4224487
4225949
4226134
4226227
4226413
4226489
4227148
4227870
4228066
4228108
4228115
4228312
4229313
4229870
4230231
4230542
4230689
4231659
4232396
4233808
4234165
4235261
4235289
4235310
4235835
4236344
4236687
4237693
4238678
4238938
4239019
4239284
4240252
4240254
4241037
4241325
4241592
4241827
4242983
4243027
4244158
4246098
4246611
4246720
4247313
4248289
4248418
4248764
4248770
4249173
4249181
4249561
4250116
4250468
4250541
4251342
4251529
4252595
4252666
4252709
4252965
4253238
4254727
4255126
4255757
4256783
4256890
4257481
4257676
4258165
4258547
4258974
4259211
4260079
4260404
4261049
4261488
4261614
4262995
4263486
4263976
4264362
4264630
4266334
4266371
4266815
4266905
4267369
4267713
4268633
4268757
4268987
4270296
4270764
4271499
4271917
4272284
4272682
4273957
4275421
4276910
4277712
4277843
4278648
4279279
4279828
4280276
4280787
4280891
4281273
4282513
4282869
4282970
4283368
4283393
4283481
4283996
4284061
4284141
4284835
4284971
4285183
4285772
4286741
4287027
4287469
4289574
4292877
4293222
4294153
4296070
4296397
4297135
4298050
4298512
4298608
4299441
4299986
4300445
4300764
4301153
4301366
4301527
4301615
4302515
4303309
4303513
4303925
4305003
4306159
4307188
4307190
4309291
4310019
4310391
4310678
4311055
4312794
4312833
4314836
4315127
4315364
4315501
4316033
4316199
4317120
4317243
4318008
4320062
4320560
4320699
4320806
4321141
4321835
4321922
4322029
4322287
4322516
4322863
4322957
4323067
4323200
4323580
4323610
4323945
4324187
4324538
4324779
4324924
4325307
4325686
4326225
4326276
4326414
4326992
4328053
4328394
4329235
4329527
4329600
4329803
4329932
4331127
4331642
4331721
4331979
4332123
4332142
4332430
4333111
4334942
4335827
4336814
4336884
4337998
4338287
4338673
4339265
4339623
4340082
4341257
4341321
4342232
4342993
4343452
4346040
4346256
4346439
4347044
4347872
4348220
4348376
4349266
4349355
4349567
4351380
4351853
4352525
4352567
4352623
4352714
4353290
4353824
4354270
4354930
4356401
4356638
4357386
4357668
4357841
4359724
4360399
4361442
4361457
4361766
4362141
4362270
4362611
4362618
4362701
4363143
4363585
4363736
4363919
4365467
4365811
4365834
4367115
4367538
4369353
4373218
4373536
4373587
4374066
4374175
4374489
4374504
4374779
4375404
4375984
4375989
4376353
4376497
4377186
4377721
4379699
4379720
4380066
4381320
4382174
4382626
4382651
4382716
4384261
4384499
4384502
4385120
4385168
4386518
4386593
4387261
4387424
4387625
4388001
4388537
4388847
4389451
4390062
4390196
4390511
4391262
4391676
4392056
4393353
4394216
4395119
4395320
4395715
4396348
4396871
4397383
4400010
4400170
4400234
4400273
4400462
4400619
4401010
4401312
4401503
4401729
4402054
4403085
4404672
4406590
4406850
4408087
4408943
4409406
4410018
4410456
4410702
4411004
4412239
4412307
4413208
4413573
4414961
4415352
4415474
4415971
4416083
4416463
4416510
4416775
4417059
4417149
4417177
4418249
4418319
4418359
4418917
4419400
4420628
4420686
4421212
4421958
4423461
4424244
4424771
4425019
4425056
4425134
4425195
4425969
4426388
4426721
4426905
4428966
4429058
4431450
4431528
4432300
4432522
4433485
4433664
4433684
4434318
4436894
4437146
4437281
4437800
4439039
4439357
4439395
4439433
4439570
4440183
4440691
4441057
4441091
4442035
4442294
4442420
4443880
4444380
4444386
4444485
4447163
4448748
4448954
4451126
4451378
4452959
4453852
4454363
4454533
4456337
4458701
4458882
4459884
4460778
4461156
4461507
4462465
4462546
4462830
4462900
4463008
4463422
4463843
4464104
4464305
4464427
4464975
4465943
4466172
4467507
4467791
4468612
4468892
4469583
4469982
4472359
4475969
4476200
4477090
4477319
4477429
4478414
4479638
4480002
4480654
4480664
4481323
4482411
4484437
4485185
4485304
4486381
4486598
4487114
4487155
4487211
4487410
4487794
4487979
4488919
4490049
4490521
4490606
4490961
4491273
4491331
4491457
4491809
4491980
4492629
4493008
4493403
4493446
4493701
4494034
4494219
4494269
4494382
4495615
4495749
4495782
4496455
4497010
4498235
4498918
4499731
4499885
4500224
4500349
4501579
4501669
4502401
4502769
4503042
4504259
4505250
4505494
4505586
4507085
4507093
4507644
4508687
4508959
4509019
4510933
4511327
4512127
4512184
4512591
4512753
4513956
4514084
4514279
4515343
4516160
4516747
4517689
4518479
4520328
4520437
4521925
4522531
4522791
4523834
4524569
4524688
4525914
4526618
4526749
4528354
4528503
4528734
4529142
4530532
4531210
4531731
4534050
4534811
4535854
4535985
4536654
4536852
4537175
4537782
4538231
4538523
4539581
4539739
4541831
4543190
4545427
4545473
4547777
4547802
4548158
4548260
4548416
4548479
4548664
4549023
4550029
4550653
4551022
4551130
4551321
4554592
4555125
4555538
4556101
4556543
4556574
4556719
4557366
4558507
4558845
4559146
4560505
4561158
4561320
4562754
4564036
4564282
4564714
4565017
4565064
4565246
4565541
4567291
4568270
4568379
4568800
4569049
4569535
4569548
4570121
4570271
4570334
4570341
4570605
4571029
4571468
4573179
4573531
4573717
4574531
4574762
4574999
4575149
4575469
4575565
4578020
4578586
4578611
4579225
4580333
4580501
4580532
4581453
4581784
4582224
4582666
4583541
4583746
4585245
4585916
4586014
4586139
4587807
4588196
4588775
4589620
4590714
4591071
4591490
4591560
4593883
4594593
4595029
4595663
4596113
4596220
4596507
4597042
4597597
4598610
4598855
4599110
4599279
4600014
4600195
4600304
4601060
4601088
4601188
4601312
4602847
4603435
4603441
4604695
4606208
4606601
4606914
4608483
4608523
4608528
4609037
4609080
4610242
4610323
4612733
4612758
4612984
4613962
4614043
4614705
4614969
4615091
4615311
4615871
4616817
4617230
4617593
4618582
4619640
4619856
4619887
4620021
4620374
4622314
4622950
4623052
4623169
4623430
4624075
4624133
4625445
4625682
4627218
4627572
4628606
4629799
4630245
4631810
4633051
4633375
4633727
4633991
4634725
4635162
4635574
4636221
4636226
4636260
4636590
4636683
4637312
4638240
4638918
4639045
4640057
4641670
4643607
4643940
4644040
4644337
4644619
4645103
4645668
4645746
4646682
4647222
4648363
4649198
4649504
4649557
4649891
4650492
4650782
4650961
4652295
4652306
4653389
4654700
4655444
4655501
4655896
4656077
4656182
4656398
4656754
4657094
4657401
4657797
4658795
4658972
4659227
4659747
4660175
4662730
4662820
4662881
4663352
4665924
4666299
4666328
4666615
4666979
4667235
4667588
4668471
4669107
4669221
4669522
4670422
4671242
4672187
4672431
4673001
4673042
4673392
4673503
4674482
4674619
4674971
4675230
4675309
4675730
4676156
4676546
4676592
4676602
4676699
4677103
4677543
4678105
4678370
4679701
4680124
4680889
4682249
4682744
4684628
4685575
4686611
4686829
4687592
4688179
4688428
4689546
4690223
4690361
4690399
4690571
4690844
4691616
4691796
4692046
4692428
4694841
4695443
4695725
4695783
4695957
4696650
4696719
4696749
4697968
4698309
4698358
4698586
4699984
4700490
4700678
4701857
4701982
4703171
4703221
4703348
4704185
4705158
4705327
4705919
4705968
4707360
4707822
4708331
4709727
4709829
4710378
4710623
4712057
4712092
4712597
4712906
4714564
4715344
4716545
4716993
4717177
4717741
4717851
4718384
4718569
4719487
4720265
4720770
4720964
4721652
4722449
4723165
4723344
4724937
4726234
4727085
4727233
4727629
4727838
4727945
4727983
4728066
4729029
4729346
4730061
4730404
4730473
4731023
4731533
4732895
4733155
4733205
4733698
4733762
4733845
4734267
4734683
4735406
4736048
4737153
4737237
4737247
4737668
4738412
4739363
4739998
4740599
4740630
4741738
4742106
4742169
4743605
4743855
4743955
4744690
4744930
4745196
4745240
4745524
4746044
4746385
4746442
4746720
4746792
4747873
4750089
4750409
4750747
4752664
4753305
4753482
4753794
4753946
4754021
4755063
4755659
4756125
4757037
4757134
4757929
4759021
4759432
4759460
4761432
4761694
4762319
4763172
4763559
4764077
4764329
4765183
4766317
4766592
4767069
4768751
4769153
4769852
4769933
4770724
4770988
4771277
4771715
4772163
4772545
4772800
4773120
4773345
4773577
4773633
4774820
4775182
4775201
4775803
4776480
4777219
4777984
4778274
4778294
4778616
4778851
4778854
4781851
4782086
4782165
4784964
4785506
4787178
4787900
4788383
4788472
4788553
4789446
4791200
4792116
4792592
4793804
4794494
4794912
4795483
4795497
4795858
4798235
4799965
4800225
4801392
4802269
4802805
4802967
4803136
4804022
4804313
4804699
4804767
4805522
4805779
4806260
4806852
4807438
4807785
4808431
4810258
4811056
4811335
4811675
4811751
4812549
4812700
4813155
4814452
4814804
4815356
4816018
4817131
4818394
4819086
4820729
4821250
4821335
4822216
4822870
4822907
4823042
4823756
4825654
4826930
4826932
4827769
4828627
4830421
4830933
4831291
4832277
4832780
4832899
4833590
4833993
4834027
4834460
4834496
4834869
4835720
4835753
4836128
4836161
4837013
4837163
4838500
4839436
4839672
4839879
4839929
4840609
4840799
4840887
4840888
4841985
4842157
4842779
4842800
4843236
4843640
4843981
4844245
4844631
4847074
4848259
4848559
4848853
4849202
4849617
4850068
4852856
4853839
4854993
4855446
4856114
4857128
4857237
4857243
4857360
4859265
4860413
4860473
4861099
4861700
4862124
4862359
4862543
4864817
4864853
4866791
4866953
4868436
4868470
4868581
4869979
4870265
4871924
4872388
4872758
4874256
4874659
4874965
4875150
4875497
4876576
4876763
4876810
4876957
4878043
4879838
4880625
4880732
4880925
4881273
4881579
4881923
4883829
4886238
4886442
4888345
4888754
4888774
4889740
4889914
4891006
4891038
4891147
4891526
4891747
4892127
4892176
4893450
4893970
4895199
4896554
4896956
4898596
4899166
4901449
4901457
4901529
4901875
4902118
4902500
4902815
4903084
4903098
4903209
4903350
4903424
4904144
4904160
4904445
4905391
4905617
4905696
4905734
4905979
4906036
4906776
4907810
4907883
4908336
4908498
4908611
4909590
4909915
4909925
4910231
4910907
4911510
4911930
4913754
4913767
4915158
4916339
4916453
4917280
4917281
4917583
4917799
4918047
4918413
4919757
4919952
4920898
4922135
4922635
4923026
4923177
4923621
4923680
4923797
4924405
4924663
4924850
4925870
4925875
4926172
4926762
4926839
4927042
4927399
4927747
4927980
4927999
4928044
4928731
4928804
4928951
4929330
4929654
4930067
4930458
4931418
4931977
4932023
4933686
4933758
4933902
4934082
4934326
4935035
4936024
4936097
4937677
4938138
4938748
4939071
4940272
4940665
4940736
4941403
4941778
4941874
4941991
4942024
4942115
4942324
4942824
4944052
4946142
4947051
4947330
4947707
4948537
4948972
4949157
4949236
4951942
4952174
4952297
4952599
4952611
4955874
4956970
4957096
4957560
4957770
4957857
4958561
4959016
4959226
4959713
4959931
4961185
4961694
4961886
4962300
4962651
4965383
4965680
4965723
4965883
4966675
4966956
4968719
4971727
4972529
4972984
4973317
4974445
4974944
4975231
4975501
4976078
4976504
4976734
4977390
4977631
4977873
4978160
4979744
4979983
4980288
4980443
4981176
4981346
4981744
4983360
4984078
4984354
4984701
4985803
4985998
4986720
4986794
4986998
4987275
4988149
4988623
4989341
4990165
4990375
4991217
4991299
4992370
4992398
4992789
4993424
4994978
4994979
4995891
4997447
4997468
4997807
4998693
4998830
4999246
4999645
5000126
5001457
5002134
5002244
5003053
5004477
5005487
5006663
5007404
5008874
5010240
5010362
5010632
5011388
5011786
5012147
5012308
5012892
5013148
5013281
5015596
5015746
5016878
5016989
5017561
5017786
5019016
5019100
5019605
5019874
5020806
5020960
5021266
5022701
5023937
5024143
5024326
5025277
5026341
5026885
5027323
5028529
5028584
5028792
5030106
5031275
5031994
5032059
5032566
5032980
5034884
5037128
5037469
5037780
5038027
5038650
5038931
5041894
5042177
5042326
5042984
5043188
5043398
5043614
5044056
5045977
5046407
5046626
5046872
5047240
5048330
5048551
5048670
5050876
5050907
5050928
5052973
5054066
5054574
5054891
5054940
5055167
5055335
5057074
5058417
5059089
5059405
5060392
5060851
5061076
5062682
5063118
5063558
5063823
5064145
5064627
5065550
5066030
5066180
5066251
5068242
5068773
5068780
5069353
5069387
5069943
5070923
5071090
5072230
5072798
5074559
5074637
5074754
5075704
5076039
5076794
5077268
5077810
5077975
5078269
5078728
5079475
5079586
5079643
5079715
5079825
5080190
5080208
5080215
5081471
5082380
5083921
5085120
5085793
5085830
5086927
5087384
5088076
5088571
5088744
5089347
5090736
5090945
5091836
5092186
5092256
5093489
5095415
5096060
5096313
5096414
5096431
5096655
5096771
5096958
5097094
5097150
5098025
5098937
5099084
5099522
5100140
5100410
5100442
5101628
5102374
5102533
5102592
5104234
5105178
5106163
5106359
5106434
5106606
5107117
5107349
5108225
5108401
5108543
5108700
5109695
5109778
5110356
5112840
5112982
5113596
5114130
5114487
5114508
5115178
5115311
5116374
5117271
5117347
5117867
5119712
5119981
5120218
5120253
5121744
5121818
5123697
5124054
5124134
5125609
5125765
5125828
5127274
5127555
5127769
5128225
5128451
5128597
5129584
5130516
5131021
5132663
5132725
5133131
5133202
5133219
5133345
5134158
5134181
5134214
5135194
5135690
5136278
5136580
5137611
5138020
5138863
5139531
5142149
5143162
5143459
5144220
5144518
5145652
5145836
5146406
5147025
5147093
5147098
5147331
5147580
5148315
5148317
5149107
5149684
5150152
5150266
5150455
5152050
5152273
5152955
5153464
5153683
5154700
5155264
5155415
5155899
5155940
5157172
5158028
5158873
5159066
5159284
5159911
5160694
5161701
5162535
5162836
5163172
5164738
5165089
5165982
5166394
5166847
5166860
5168378
5168774
5168950
5168958
5169577
5170243
5170507
5170511
5171157
5171366
5171923
5172640
5173198
5173798
5173914
5174204
5175413
5175856
5176023
5177711
5178217
5178453
5178557
5178683
5179455
5180097
5180602
5180929
5181318
5181940
5183060
5184192
5184715
5184794
5184960
5185253
5186078
5186805
5186975
5189493
5189575
5190846
5191122
5191270
5192713
5193221
5193282
5194055
5194492
5194927
5194992
5195294
5195752
5197386
5197511
5197589
5198465
5198675
5198936
5200407
5200865
5201827
5203067
5203294
5203575
5204714
5205170
5205548
5206448
5206975
5209170
5209725
5209872
5210832
5211045
5211714
5212062
5212154
5212497
5212582
5216067
5216201
5216235
5216413
5216852
5219225
5219507
5220613
5221419
5221703
5221984
5222388
5222645
5222869
5223380
5223851
5224239
5225113
5225944
5226350
5226627
5228211
5228576
5229680
5229996
5230149
5230877
5231097
5231195
5232775
5233697
5234172
5235068
5236393
5236500
5237963
5238330
5239652
5240238
5240250
5240606
5240864
5241094
5241237
5241795
5243046
5243474
5243721
5243799
5243923
5244173
5244406
5244656
5245111
5245485
5246558
5247965
5249129
5249765
5250353
5250630
5250736
5251014
5251600
5251640
5251743
5252899
5254098
5254638
5254661
5255149
5255844
5256381
5257170
5257702
5257908
5259110
5259784
5262027
5263231
5264128
5264363
5264406
5265264
5265554
5265635
5266221
5267430
5267978
5268536
5268967
5269342
5271016
5271446
5272003
5273740
5273837
5274500
5274724
5274856
5277078
5277104
5277713
5278585
5278904
5279006
5279113
5279618
5279783
5279838
5280470
5281686
5283251
5284264
5284686
5285547
5285806
5286101
5286466
5286766
5287326
5287892
5288823
5290686
5290720
5291376
5291746
5292007
5292103
5292166
5292971
5294357
5294533
5294938
5295937
5295981
5296427
5296799
5297184
5297720
5297799
5299150
5299998
5300067
5300952
5301019
5301131
5301182
5302243
5302447
5302704
5303436
5303460
5305135
5305652
5306685
5307195
5308726
5309643
5310985
5311778
5311848
5312969
5313149
5313326
5313964
5314049
5315914
5316686
5317739
5318024
5319178
5319260
5319555
5320735
5322371
5323396
5324622
5324925
5325260
5325702
5326339
5326447
5326779
5327941
5328145
5328415
5328524
5328755
5330798
5331459
5332219
5332695
5332861
5333064
5334111
5336953
5338819
5339232
5339797
5340349
5341371
5342067
5342837
5343219
5343271
5343669
5345024
5345861
5346393
5346419
5346434
5346500
5346616
5347511
5349151
5350395
5350512
5350528
5351163
5351487
5351673
5351984
5351994
5352431
5352695
5352720
5352774
5353341
5354599
5355846
5356844
5356993
5357377
5357428
5357600
5358065
5358353
5359173
5360644
5361120
5361524
5361710
5361875
5362212
5362640
5362920
5363042
5363581
5363899
5365024
5365168
5366094
5366758
5366882
5366996
5367011
5368060
5368344
5369496
5371530
5371846
5372355
5372812
5373104
5374281
5374579
5375385
5375541
5376702
5376946
5378701
5378778
5379120
5380083
5380575
5381242
5381291
5381347
5381984
5382455
5382803
5384073
5384447
5385193
5385994
5386224
5387208
5388364
5388680
5388724
5389402
5389665
5390087
5390284
5390364
5391212
5392124
5392595
5393102
5394067
5397781
5398046
5398584
5399102
5400964
5401705
5402995
5404125
5404872
5405311
5405640
5405722
5406079
5406828
5407854
5408399
5408771
5410238
5410685
5410758
5411112
5411141
5411865
5412829
5413571
5414920
5415055
5415129
5415554
5415896
5415899
5416686
5417015
5418428
5418619
5418869
5419204
5419866
5420554
5420653
5422413
5423378
5423590
5423990
5424190
5424542
5425561
5426197
5426963
5429117
5429238
5430316
5430406
5430427
5430975
5431778
5432251
5432682
5432738
5433244
5433488
5434121
5434303
5434480
5434603
5434953
5436431
5437602
5437831
5438397
5438509
5438930
5439543
5441981
5442179
5444382
5444408
5445357
5445833
5446072
5446727
5448969
5449524
5449615
5449755
5452593
5453005
5453106
5453601
5453748
5453791
5454746
5455642
5455661
5455786
5456614
5457153
5457597
5458216
5460118
5460168
5460326
5461635
5461823
5462248
5462306
5462448
5463062
5463102
5463259
5464447
5465620
5465705
5465888
5466167
5468219
5468410
5470111
5470341
5470366
5471291
5471722
5472086
5472922
5473365
5474798
5476014
5476840
5477212
5477709
5478629
5479320
5479532
5481095
5481542
5482086
5482123
5483024
5483740
5483753
5484524
5484988
5486014
5486052
5489302
5490349
5490441
5490850
5491159
5491357
5491583
5492615
5493261
5493384
5493641
5493705
5494211
5494411
5494886
5496601
5497428
5498980
5499038
5499415
5499526
5501245
5501328
5502571
5504650
5504685
5505003
5505461
5505700
5506559
5506857
5507139
5507688
5507779
5508931
5511311
5512899
5513137
5513357
5513558
5514203
5515847
5515887
5516263
5516793
5517310
5519540
5521144
5521929
5523547
5524031
5524295
5526365
5526971
5527354
5529293
5530096
5530289
5530393
5530517
5530722
5531299
5531814
5532772
5533338
5533957
5534241
5534262
5536821
5537527
5542488
5542629
5543536
5544118
5544339
5544489
5544614
5545262
5546608
5546766
5547764
5548180
5548687
5548985
5549077
5552224
5553394
5554936
5555630
5556523
5556563
5557189
5557671
5558946
5560421
5560458
5560971
5561373
5561760
5562003
5562364
5563309
5563446
5563597
5564194
5564651
5565309
5565729
5565870
5567806
5568672
5569622
5569925
5570057
5570785
5571464
5571817
5572683
5572858
5576842
5576861
5578777
5579089
5579436
5580737
5580774
5580955
5581156
5582310
5582751
5583875
5584230
5585476
5586424
5586657
5588242
5589039
5589931
5589936
5590186
5590673
5591668
5591861
5592065
5593082
5593537
5593947
5595669
5595678
5596321
5596888
5597087
5597567
5598425
5598443
5598474
5599099
5599104
5600133
5602764
5603149
5603800
5604302
5604359
5606390
5606577
5607174
5607354
5607845
5608562
5608899
5609028
5609317
5610110
5610739
5610896
5612436
5614050
5614547
5614636
5614638
5615096
5616666
5617584
5618014
5618561
5619910
5621059
5622713
5623402
5623629
5624646
5625922
5626176
5626841
5629895
5629940
5629990
5630427
5630615
5631628
5632167
5632248
5632978
5635079
5635370
5635752
5636144
5636472
5636761
5636905
5638471
5638894
5639681
5639807
5640223
5640612
5641533
5641636
5642033
5642461
5642935
5643401
5643463
5643848
5644342
5645053
5645100
5645227
5645374
5645603
5647522
5649556
5649732
5650721
5651137
5652265
5652627
5654077
5654726
5655045
5655637
5656176
5656238
5656724
5658319
5659529
5659941
5660325
5660658
5660910
5661591
5662234
5662973
5663686
5663842
5664164
5666805
5667362
5668527
5668554
5668850
5669589
5669607
5670311
5670496
5671024
5671271
5671367
5671657
5671772
5674082
5674479
5674829
5675214
5677900
5677939
5678593
5679177
5679370
5681108
5682158
5682259
5683022
5683814
5684125
5684580
5684982
5685446
5685878
5686688
5687560
5687705
5689631
5689979
5690066
5690367
5690762
5690800
5691091
5691907
5692968
5694216
5695307
5695788
5697127
5697519
5698481
5699544
5700670
5700769
5701984
5702055
5703623
5704024
5704030
5704147
5704151
5704184
5704736
5705238
5706565
5707425
5707659
5708547
5708757
5709887
5711131
5713438
5714758
5716007
5716195
5716898
5717424
5718642
5718970
5719200
5720032
5720860
5723048
5723832
5723930
5724138
5724712
5724988
5725106
5725121
5725185
5725202
5726194
5726426
5727650
5727748
5728738
5728970
5729517
5729967
5730654
5730820
5732476
5734304
5734985
5736068
5737154
5737196
5737269
5737342
5738905
5739340
5739686
5740426
5740704
5740840
5741320
5741383
5741758
5741959
5742017
5742203
5742689
5744250
5744677
5745491
5745834
5745848
5747153
5747340
5747398
5747879
5748426
5748872
5748901
5749903
5750494
5751140
5751822
5751840
5753574
5754508
5755254
5755674
5756403
5756449
5757089
5758379
5758850
5758852
5760365
5760437
5760860
5761290
5761702
5762619
5763661
5764965
5768485
5768577
5768720
5769067
5769406
5770717
5771670
5771947
5772272
5772453
5772974
5773058
5773481
5773726
5773936
5776007
5778080
5779062
5780137
5780251
5780266
5781523
5781687
5782164
5782280
5783942
5785816
5787088
5787545
5788562
5791242
5791439
5791566
5792295
5792575
5795002
5796133
5797480
5798230
5798634
5798797
5799043
5799143
5800661
5801127
5802539
5802688
5803875
5804135
5804776
5807362
5810132
5812468
5813128
5813738
5814850
5815171
5815534
5815753
5815774
5815810
5816600
5817718
5822535
5823306
5824916
5825966
5827440
5829223
5830931
5831017
5831631
5831902
5831949
5832245
5833791
5835908
5836592
5836739
5836920
5838929
5839799
5840179
5841195
5842142
5842893
5843066
5843247
5843805
5849904
5849963
5850066
5850829
5850943
5851027
5852402
5855037
5855043
5855220
5855860
5856088
5856314
5857957
5858121
5859324
5859875
5860178
5860573
5860587
5862160
5863543
5865580
5867368
5867483
5868086
5869095
5869922
5869940
5870676
5870718
5871279
5871364
5872251
5874374
5875690
5876509
5876553
5876746
5876787
5877319
5878393
5879471
5880088
5882606
5883274
5883453
5883942
5884216
5886149
5888076
5889104
5889207
5889869
5889959
5890228
5890276
5891054
5891784
5892214
5892283
5893141
5893363
5894132
5895093
5895857
5895987
5897711
5899646
5901728
5903110
5904060
5904468
5904505
5904531
5905913
5905999
5907187
5907931
5908400
5908730
5908786
5910137
5911251
5911470
5912550
5913002
5913011
5913465
5913738
5914753
5915180
5915197
5915251
5915256
5915289
5917810
5919525
5920194
5920396
5921542
5921769
5921968
5922632
5923417
5923668
5923957
5924160
5926475
5927085
5927898
5928028
5928629
5928841
5928844
5929962
5930658
5931314
5931417
5931534
5931753
5931877
5931978
5932825
5933717
5933955
5933987
5934809
5935137
5935786
5935992
5936619
5938134
5938337
5940611
5942005
5942477
5943236
5943270
5943415
5943573
5945875
5946660
5947374
5948781
5949265
5949841
5950208
5950717
5951321
5951885
5952858
5953542
5953781
5954188
5955803
5956347
5956544
5956838
5957270
5958472
5958819
5960650
5961155
5963123
5963994
5964468
5965735
5966226
5966727
5967679
5967868
5967949
5968392
5969222
5969324
5969975
5970379
5971495
5972154
5973517
5973691
5973846
5974396
5976286
5976547
5976648
5976927
5978372
5979060
5980490
5982546
5982862
5982994
5983118
5984346
5984859
5986068
5986230
5986656
5987947
5988921
5989342
5989673
5990375
5991013
5991766
5992640
5993503
5994999
5995027
5996083
5996554
5996728
5997197
5997615
5998754
5999996
6000210
6000367
6000576
6000693
6001163
6001569
6002448
6005038
6006237
6006270
6006494
6008447
6008768
6008839
6009281
6009598
6010094
6010153
6011508
6012390
6012399
6012474
6013938
6015204
6015280
6015627
6016810
6017860
6018799
6019075
6020379
6020769
6021087
6021931
6022195
6022340
6023628
6024060
6025448
6025557
6025586
6025642
6027057
6027748
6028822
6029519
6030016
6031407
6031484
6031628
6031744
6032561
6033195
6034507
6035410
6036497
6037872
6039132
6039808
6040901
6041277
6041754
6042870
6043771
6044187
6044566
6045610
6046353
6047124
6047334
6047761
6048026
6049048
6049698
6049911
6050892
6052992
6054274
6055310
6056671
6058786
6059364
6059367
6059549
6059910
6060157
6060385
6061045
6061497
6062088
6063447
6066101
6066466
6067370
6068220
6070254
6070582
6070621
6071052
6072950
6073199
6073281
6073399
6073966
6074113
6074474
6074715
6075337
6076257
6076683
6076684
6076937
6077481
6078021
6078398
6079346
6079983
6080132
6080616
6083138
6084047
6084281
6084376
6084457
6084563
6085388
6085416
6086300
6086836
6087046
6087737
6087877
6088335
6088848
6089869
6090013
6092204
6093358
6094096
6094369
6095825
6096498
6096903
6097080
6097139
6098000
6098735
6099229
6100135
6100282
6100347
6100598
6101029
6101421
6101460
6102230
6102439
6103915
6104172
6104879
6105098
6105666
6105939
6106784
6110031
6110332
6111277
6111500
6112416
6113093
6113261
6115035
6116494
6116543
6117473
6117617
6118672
6119013
6120165
6121116
6121385
6121745
6122210
6122780
6123604
6124391
6124497
6125152
6125230
6125466
6127576
6128505
6128658
6128982
6129283
6129792
6130003
6131071
6131525
6132014
6132827
6133124
6134120
6134863
6137876
6139256
6139941
6140402
6141032
6141768
6143050
6143219
6144407
6145059
6145810
6145984
6147599
6147835
6147995
6148465
6149043
6149719
6150925
6151139
6151741
6153787
6155065
6155762
6156436
6156511
6156657
6158369
6158893
6159537
6160439
6160524
6161972
6162258
6162460
6163202
6163428
6164824
6164920
6165064
6165229
6165463
6165890
6166019
6167821
6168526
6169816
6171205
6171243
6171551
6171726
6173276
6174519
6174576
6175053
6175668
6175907
6176144
6176366
6177803
6178303
6178507
6178615
6179380
6179857
6180309
6181743
6182415
6183221
6184624
6184931
6185082
6185318
6185466
6185489
6185503
6185513
6185528
6187292
6187475
6187864
6188015
6188133
6188701
6188938
6188968
6189609
6190152
6190513
6190589
6191593
6191926
6193299
6193993
6194109
6194396
6194980
6195597
6195768
6197054
6197922
6199383
6199513
6199663
6200404
6201152
6201360
6202375
6203168
6203584
6204164
6204218
6204956
6205778
6206876
6207290
6207809
6207876
6208022
6208205
6209962
6210412
6210754
6212045
6212378
6212494
6212618
6213772
6214485
6215211
6216820
6217390
6217879
6218152
6218463
6219102
6219447
6220220
6220319
6220663
6221862
6222152
6222221
6222288
6222639
6222839
6222954
6223081
6223798
6224045
6224321
6225652
6225936
6226323
6226612
6226873
6227781
6227819
6228067
6228381
6228618
6229168
6229573
6229794
6229890
6231302
6232993
6233892
6234979
6235195
6235549
6235794
6236108
6236492
6238567
6238852
6239187
6239448
6240090
6240812
6243232
6243278
6243644
6244440
6245931
6248713
6249253
6251755
6252465
6252467
6252922
6253068
6253837
6253896
6254158
6254907
6255010
6255713
6255849
6255972
6256669
6258495
6258619
6258739
6258969
6259516
6260088
6260642
6260710
6263613
6265691
6266881
6269333
6271296
6271710
6271953
6272515
6272817
6273669
6273868
6274457
6274501
6275568
6276238
6276511
6276896
6277735
6277831
6278374
6279205
6280735
6282393
6282488
6282752
6283445
6284387
6285037
6285213
6285768
6285785
6285904
6286477
6286917
6287277
6287288
6288048
6288969
6289809
6291702
6292285
6292559
6292747
6294404
6294561
6294700
6295354
6296026
6296748
6297147
6297439
6298348
6299207
6299544
6299621
6299841
6300077
6300183
6300854
6301055
6301452
6302455
6303407
6304430
6304493
6305013
6305017
6305402
6305644
6306753
6307244
6307417
6307479
6308209
6308811
6309211
6309923
6310343
6311557
6311824
6312696
6313269
6313396
6313771
6314903
6314952
6315499
6315540
6315736
6316437
6316809
6317600
6317949
6318069
6319592
6322361
6322890
6323467
6323568
6323894
6323899
6325867
6326063
6326181
6326340
6326454
6327540
6327681
6328412
6328622
6328807
6329041
6329047
6329677
6332675
6334003
6335701
6338654
6339748
6340087
6340619
6340971
6341466
6341784
6343313
6343470
6344029
6344902
6345908
6346597
6347432
6347660
6348673
6349062
6349231
6349290
6349897
6351407
6351477
6352365
6352673
6353424
6353509
6353761
6354601
6354982
6355374
6356299
6357473
6358384
6358965
6359412
6360054
6360427
6360488
6361535
6361680
6362629
6362651
6363164
6363592
6363965
6365265
6365730
6365808
6365820
6365846
6367468
6369579
6369822
6370765
6370928
6371314
6371511
6372985
6372995
6374525
6374649
6374993
6375198
6375199
6376513
6376767
6376816
6376902
6377760
6378335
6378879
6379077
6380715
6380799
6381140
6381497
6382103
6384348
6384392
6384758
6385187
6385262
6387889
6389620
6389678
6390044
6390539
6391017
6391607
6392161
6392410
6393309
6394996
6396636
6396652
6397534
6398235
6398475
6399247
6401367
6401868
6402647
6403562
6404105
6405268
6406053
6407530
6407714
6407816
6407915
6409358
6409386
6409442
6410022
6410479
6410757
6411550
6413694
6414358
6416632
6416729
6417019
6417163
6418437
6418521
6418929
6420133
6421443
6423896
6424058
6425381
6426918
6428250
6429143
6429155
6429172
6429666
6430978
6431855
6432051
6432719
6432970
6433844
6433951
6433999
6435854
6436773
6436813
6436897
6437329
6437487
6437521
6437840
6438470
6438545
6438640
6439596
6440939
6441046
6441354
6441663
6445614
6446675
6446729
6448681
6448734
6449255
6449258
6449360
6449752
6450030
6450282
6450376
6450790
6451218
6452329
6452815
6453859
6454468
6455006
6455331
6455958
6456265
6456271
6456836
6457924
6458292
6459280
6464864
6464903
6465160
6465542
6466211
6466230
6466985
6467403
6467446
6467467
6467566
6468528
6468596
6469241
6469857
6470605
6471475
6472434
6472542
6472888
6473656
6474314
6475360
6475385
6475423
6475522
6476508
6476731
6477573
6477603
6478597
6478872
6479218
6479725
6479845
6479950
6480781
6481879
6482125
6482400
6482496
6482756
6482922
6484823
6485012
6485119
6485194
6485222
6485249
6485881
6487194
6487520
6487723
6488094
6488204
6488399
6489100
6489304
6489768
6490332
6490870
6490942
6491281
6492163
6492333
6492911
6493226
6493667
6494006
6494176
6494658
6495270
6495730
6496589
6496821
6497000
6497197
6497317
6498008
6498306
6498397
6498786
6499200
6500074
6501618
6502648
6502815
6503457
6505624
6507016
6507541
6508072
6508333
6509321
6510271
6510584
6510975
6512223
6512473
6512513
6513119
6513216
6513559
6513836
6514139
6514704
6515331
6515743
6518325
6519409
6519434
6519944
6520413
6521459
6522360
6522704
6522811
6523441
6523527
6524732
6526605
6527037
6527368
6527430
6528103
6528287
6529007
6530043
6530321
6530932
6531097
6531487
6531826
6532265
6533768
6533982
6534723
6534956
6536013
6536381
6536430
6537062
6537162
6537204
6537643
6537864
6537991
6540301
6540350
6540391
6541112
6541211
6541968
6542037
6542374
6542421
6542618
6543007
6543222
6543699
6543715
6543789
6543799
6543846
6546395
6547590
6547600
6547705
6548139
6548498
6548532
6549388
6549830
6549894
6550216
6550655
6550736
6550923
6551966
6552382
6553027
6553341
6553355
6553871
6554126
6554165
6555104
6555129
6555453
6555658
6556143
6556382
6556975
6557403
6557710
6558173
6558602
6559781
6560157
6561491
6561523
6563615
6563711
6564648
6564704
6564849
6565224
6565459
6565787
6566031
6566244
6566658
6567336
6567482
6567993
6568334
6569025
6569129
6569725
6569848
6571025
6571509
6572938
6573353
6574334
6576432
6576960
6577673
6577757
6577911
6578273
6578494
6578511
6578517
6578554
6578784
6579331
6579430
6579681
6579793
6580457
6580842
6582859
6582937
6583127
6583668
6584202
6584844
6584960
6584998
6585589
6585692
6585712
6585831
6585886
6586440
6586546
6588684
6588904
6589141
6589450
6589768
6590332
6591293
6591369
6592227
6592550
6592796
6593489
6594435
6594696
6594774
6595047
6595249
6596287
6596398
6596471
6596487
6596851
6597160
6597992
6598719
6598959
6599220
6599498
6600363
6601576
6602339
6602864
6602896
6603136
6603321
6604329
6604616
6605684
6606077
6606463
6606990
6609590
6610067
6610285
6610304
6610656
6611408
6611684
6611967
6612558
6612592
6612886
6612968
6613623
6613718
6614187
6614954
6615342
6616571
6616796
6618489
6619596
6620127
6620424
6620486
6620625
6621197
6621275
6621799
6622252
6623167
6623226
6624153
6624774
6625035
6626067
6626437
6628837
6628927
6629082
6629099
6629832
6630090
6630359
6631800
6631808
6632506
6632990
6633547
6633628
6633950
6634333
6634823
6635848
6636034
6636170
6636385
6637706
6637932
6637947
6638581
6639651
6639796
6640117
6640249
6640747
6641411
6641760
6641979
6642614
6642775
6643020
6643336
6643373
6643453
6643988
6644994
6645005
6645766
6645836
6646410
6646864
6646887
6647629
6650019
6650674
6650897
6651249
6651360
6652438
6652462
6653276
6653653
6654038
6654203
6655017
6658019
6658903
6659322
6659714
6660006
6660094
6660505
6660532
6660670
6662144
6662980
6663698
6664422
6665476
6665491
6665952
6666262
6666285
6667531
6667758
6667801
6668217
6668743
6668970
6669259
6669964
6670805
6671490
6671599
6674631
6674951
6675379
6675855
6676171
6676247
6676553
6676857
6677102
6677981
6678201
6678467
6680318
6680599
6681349
6681383
6681892
6682356
6682497
6683088
6683795
6684017
6685029
6685678
6685723
6686584
6686616
6686826
6687294
6687748
6688307
6688792
6689116
6689285
6690401
6690893
6690971
6692165
6692429
6692559
6694320
6695497