2801
3240
11060
12978
16255
21557
21708
22122
24264
24837
30064
30795
35202
42749
42928
46072
46437
46474
49351
51692
52672
53618
54617
55280
55497
56196
63925
65828
69107
74595
75548
77850
80901
81585
83311
86389
87242
92143
95243
96833
97259
98423
104612
114170
114942
116054
116179
116357
119539
126917
138757
139504
139856
142497
146591
147779
148365
151045
152675
155746
158293
160797
160871
163514
166903
167831
170319
170376
173410
178868
181855
183410
185306
185394
186192
186292
190784
201637
208017
210129
216631
219220
223901
227511
232246
241976
244014
246935
247877
248603
252690
253094
255203
260327
265158
268366
270959
273664
279865
282573
287558
288528
291191
295124
295441
295972
302315
304657
307146
308789
313648
315797
317374
317735
318725
321757
322458
322781
330586
333884
343297
346313
348110
348211
348389
348656
351756
354099
354705
354738
354795
357981
360346
364909
366586
377378
377890
378229
378633
383356
384249
386898
387671
388020
388679
390142
391011
401757
403509
406121
406713
411311
411960
412563
416541
417795
418501
419793
419982
423110
425293
428139
430261
430305
432382
432550
433558
434082
434352
436043
446284
452339
456848
457178
458512
460180
461753
465195
474394
477284
481694
488670
489313
492290
494127
495004
495063
496850
497468
498942
499890
501881
502929
503887
505273
507053
518083
525351
531527
538789
545872
546304
546620
547177
547388
549053
549800
551473
552807
554703
554758
555251
558962
566375
568412
568704
569709
577282
588336
589734
594695
598077
602680
602866
606625
608604
609537
615392
617802
621406
622602
622630
624968
625436
631342
632340
639345
646513
647844
648138
650888
653912
654026
655736
658108
660339
663547
666735
667682
669058
671162
673655
673797
676721
676803
684932
685089
688496
690470
695134
696060
704263
705896
708540
716919
717617
719976
721561
731012
731207
733955
736821
745734
751676
753829
763095
764191
766975
773628
774362
774959
776014
777069
777984
779339
782947
785424
785886
790063
790907
791239
794031
796818
797764
797883
798908
799036
799124
799431
803727
804106
804280
806137
807010
813273
818981
821176
821627
822233
826109
832983
835319
836735
1130347
1133579
1134578
1136313
1138637
1145754
1149572
1152814
1154571
1155245
1158319
1159346
1160526
1166211
1166451
1168222
1168516
1170280
1172429
1174668
1175009
1178063
1182106
1182295
1183228
1183450
1192244
1194461
1195205
1195210
1197895
1202169
1204090
1206066
1208414
1210727
1212113
1212870
1214441
1216289
1219004
1221491
1221663
1224118
1227424
1231769
1235653
1237046
1241892
1242492
1246257
1248207
1248265
1249851
1250695
1257428
1260074
1266712
1277322
1279628
1286217
1286290
1289858
1290593
1292067
1297625
1306887
1315593
1319113
1319349
1319747
1322399
1322936
1324641
1324971
1325774
1326357
1326432
1326864
1332122
1339188
1341891
1345658
1350212
1350432
1353913
1355709
1359136
1360115
1360824
1363620
1366219
1371587
1374248
1376083
1379983
1380910
1384287
1385152
1385346
1385612
1386574
1386791
1387860
1389308
1389416
1390258
1392892
1395083
1397601
1398679
1400528
1402429
1408342
1412225
1412920
1412930
1415184
1415704
1415738
1418604
1418775
1423760
1425100
1425307
1426793
1440519
1441948
1443270
1443484
1448433
1457403
1464186
1464733
1471904
1472773
1476931
1477100
1477139
1480734
1482661
1483250
1484564
1487342
1488868
1492814
1495248
1497886
1502725
1503628
1504838
1509703
1511122
1514239
1515665
1517731
1518891
1520301
1520532
1521271
1521543
1524800
1525422
1526735
1530463
1532832
1542981
1545611
1546353
1551118
1552766
1553167
1556765
1569355
1570334
1577730
1578034
1579212
1580564
1582554
1586170
1589095
1589563
1589609
1589972
1591109
1595747
1597871
1599606
1602361
1605828
1608164
1612358
1613595
1615318
1617136
1621970
1631606
1634594
1636103
1645994
1648297
1655069
1656920
1662728
1663841
1665854
1667911
1672058
1672552
1674636
1679692
1682323
846196
849772
850647
855326
855400
858406
860337
861471
863914
864934
865829
868480
868996
871900
872157
876232
882127
883404
883917
889562
890414
891127
892658
894572
895418
895539
902718
902905
906617
911832
912740
912776
914400
918600
918778
922787
925352
925648
925920
926787
928337
929823
935089
935573
936747
938790
944248
946818
949326
955411
958625
960216
961716
962219
975555
978555
981136
981155
982446
984923
989410
989803
989997
993418
995518
1001230
1001606
1003957
1008347
1009391
1011209
1013569
1015335
1016849
1018138
1019372
1023049
1026339
1027052
1028403
1028513
1036078
1047204
1049840
1049875
1050222
1052894
1056964
1061678
1073879
1074898
1077010
1083494
1083774
1090675
1091476
1092313
1093759
1101677
1103689
1106876
1108894
1109568
1110355
1111121
1112688
1113081
1114443
1120411
1123065
1124486
1687963
1691258
1692135
1698674
1703484
1704056
1705795
1708667
1710239
1710624
1711468
1714482
1723752
1725237
1728056
1738058
1741368
1743279
1746170
1746677
1747045
1747514
1752147
1754440
1755610
1758779
1760561
1761026
1765548
1766006
1768161
1768462
1769815
1770456
1771449
1771792
1772861
1773740
1773932
1776057
1776754
1778525
1779508
1780211
1781930
1782000
1785073
1791508
1791527
1797950
1799576
1799881
1802493
1806645
1810312
1812154
1815310
1817455
1820411
1821868
1832518
1835048
1839197
1843632
1845736
1850321
1853076
1858081
1858859
1859333
1860407
1872545
1873257
1874111
1896073
1898399
1898523
1905208
1906389
1906788
1908203
1912845
1914190
1914645
1917573
1922871
1927361
1931323
1932620
1933160
1933561
1934824
1937014
1940064
1940293
1942523
1943872
1945634
1945685
1950787
1957037
1958848
1967881
1973836
1973966
1977477
1977650
1980515
1982955
1984206
1986163
1988184
1990864
1991253
1992751
1992780
1994497
1994649
2000622
2005769
2009677
2011929
2012999
2013631
2014235
2021608
2021703
2023286
2034789
2038769
2040229
2040515
2048772
2050002
2051389
2051618
2052086
2054087
2056045
2059487
2065767
2066810
2067059
2068246
2069486
2079234
2080873
2082706
2085005
2086164
2092387
2099061
2100143
2111844
2114206
2119154
2120288
2121521
2122112
2124258
2124622
2128129
2129663
2129784
2147186
2148148
2150911
2152065
2152482
2156586
2162536
2165355
2169079
2169296
2169540
2169664
2176823
2186870
2188704
2188793
2189245
2193519
2193763
2196475
2197235
2197550
2198462
2199765
2206832
2209607
2212317
2216747
2218682
2220445
2224471
2226390
2228253
2229302
2230218
2230894
2231073
2238545
2240362
2242425
2254787
2258621
2259293
2261862
2264515
2268542
2277391
2282083
2285342
2287762
2288788
2289759
2292170
2293637
2294206
2296779
2297454
2299117
2300777
2301888
2307215
2307585
2309945
2312913
2314973
2315535
2316622
2318130
2320194
2325032
2327613
2328361
2340355
2342018
2343336
2347702
2348261
2359915
2362666
2367363
2368065
2369469
2373132
2373416
2375147
2377042
2379692
2381273
2384024
2384821
2388704
2390862
2392980
2398539
2399121
2399427
2400332
2400986
2402144
2405955
2410468
2412934
2415274
2419310
2421575
2424456
2425220
2426940
2428795
2430405
2432205
2432363
2434355
2434701
2440489
2442887
2443173
2446184
2446841
2448734
2449862
2450946
2455476
2462749
2469013
2469716
2471140
2474776
2476021
2481873
2483037
2484919
2485730
2486324
2488216
2491287
2495352
2498270
2501566
2505210
2509171
2509835
2510466
2511958
2519635
2520397
2521354
2526085
2528160
2530243
2531141
2532968
2533857
2540360
2541301
2543860
2544235
2544658
2545558
2547086
2550485
2550707
2551524
2552932
2554561
2558280
2558942
2564024
2566364
2567794
2576395
2577037
2579154
2580263
2581659
2586795
2587706
2588110
2590538
2590956
2597346
2599189
2602262
2605638
2605798
2607381
2611896
2617755
2620579
2621268
2621528
2627439
2627601
2628919
2632151
2632618
2632978
2635877
2637229
2638860
2644125
2647084
2650129
2651283
2652038
2652052
2656060
2656357
2658914
2660774
2663507
2665122
2666443
2668670
2672483
2674294
2675011
2685105
2687842
2689529
2702131
2705746
2708998
2711194
2716240
2718710
2722684
2724635
2727965
2728964
2729778
2731411
2736628
2748878
2757564
2762186
2762612
2762940
2764431
2765201
2768586
2771704
2771822
2777556
2777681
2781514
2784133
2784775
2785463
2786618
2788949
2790213
2791360
2791371
2793155
2793511
2795131
2796191
2810219
2813495
2814065
2814866
2831352
2831860
2832671
2833420
2840482
2840752
2844111
2847771
2849949
2850657
2851195
2855974
2856151
2858884
2861027
2866970
2867784
2870815
2870816
2871000
2872047
2878034
2885022
2887334
2887721
2887817
2896836
2897615
2898099
2899531
2905187
2906692
2914665
2916893
2921585
2922780
2928688
2929218
2942706
2946120
2946828
2949990
2951062
2954140
2960486
2962540
2963025
2963055
2965606
2966546
2966862
2967528
2968018
2968071
2968954
2969684
2969911
2970829
2971597
2973245
2974159
2975683
2977784
2982646
2988985
2989109
2994624
2994720
2995132
2998409
3000921
3001412
3002714
3005157
3006751
3007297
3008106
3008866
3013223
3016507
3017939
3021192
3023532
3023584
3025441
3029186
3029712
3030936
3032997
3033747
3034181
3035023
3037511
3038017
3038720
3043208
3046160
3046803
3047953
3048599
3052558
3053057
3053570
3053986
3055435
3058042
3059404
3062928
3063447
3067485
3068916
3069001
3069726
3069946
3070752
3072167
3073578
3075773
3076759
3079221
3081841
3090215
3091536
3092065
3093204
3094653
3096703
3098254
3101261
3102151
3102773
3105984
3108308
3110005
3110601
3111609
3116506
3117208
3119029
3119876
3123749
3125283
3127281
3128400
3130350
3133458
3138239
3145964
3148886
3154116
3155055
3155696
3157464
3158504
3161224
3166120
3167170
3170366
3172985
3177893
3179890
3180392
3182126
3190802
3191410
3192480
3193382
3200427
3201722
3202751
3204090
3212210
3219241
3220918
3222693
3222858
3225237
3227770
3229029
3234010
3237530
3238836
3246523
3247569
3247647
3252006
3253571
3262805
3263551
3263858
3265684
3275056
3277910
3284299
3285643
3285845
3286095
3287834
3288256
3290367
3291202
3293250
3294716
3298095
3301243
3307848
3307981
3310416
3313928
3317658
3330063
3331111
3331461
3332443
3334448
3336431
3340715
3340835
3343809
3343904
3348454
3349960
3352942
3353608
3355081
3355403
3359724
3360174
3363115
3366047
3366185
3368349
3369453
3370923
3370983
3373435
3373834
3376152
3377746
3380209
3381965
3382465
3384121
3391200
3391446
3396010
3400941
3402842
3406322
3408298
3410025
3414787
3416510
3423918
3425336
3425461
3428882
3432084
3434649
3435668
3437533
3439832
3440192
3443259
3446792
3448153
3448475
3454052
3456005
3459648
3462043
3462403
3462549
3463648
3469443
3470983
3472756
3475037
3477146
3477517
3478577
3479721
3482301
3483599
3485434
3487678
3493770
3497923
3503315
3504652
3504997
3507372
3509558
3512647
3514877
3516391
3520218
3527503
3530405
3534606
3536298
3539353
3539392
3541515
3544393
3546720
3549998
3552163
3553815
3556412
3557714
3558295
3559709
3562424
3564590
3565323
3566071
3569829
3572222
3574471
3576450
3577116
3579179
3579250
3580297
3582458
3583034
3583728
3584325
3587070
3588104
3593205
3593357
3597901
3599808
3601978
3602021
3604515
3604778
3606165
3608023
3609719
3609992
3611975
3615342
3617338
3618264
3618984
3619188
3620837
3622754
3626938
3627296
3628920
3630236
3630375
3636082
3638427
3640621
3645128
3653123
3658311
3659260
3661796
3662831
3664939
3673127
3681782
3683376
3685956
3687386
3689649
3693284
3696254
3696640
3699449
3705278
3708437
3708538
3711973
3712549
3715968
3716288
3735570
3736464
3738103
3738293
3738486
3740898
3741354
3742324
3743133
3743143
3747796
3748038
3749809
3751585
3758309
3759290
3760249
3762758
3769010
3769580
3770106
3771635
3772251
3774049
3774809
3775729
3778128
3784911
3785591
3786620
3791724
3791772
3792336
3794139
3803832
3803904
3807954
3811233
3815504
3817805
3820306
3820759
3820765
3821748
3822382
3824141
3825125
3828904
3834840
3839877
3842028
3846600
3847032
3851317
3852020
3852904
3860035
3861216
3861558
3862530
3863176
3864526
3864658
3865504
3867390
3867901
3868912
3869579
3871914
3875291
3875869
3879538
3879605
3884972
3888188
3888364
3890126
3890857
3890955
3892606
3895583
3896022
3901548
3902770
3909707
3913124
3916259
3918152
3919603
3919634
3924159
3924847
3925560
3927882
3928241
3936851
3938052
3939658
3942291
3944378
3944489
3946350
3946695
3955469
3957390
3958751
3967892
3970666
3970698
3977205
3977762
3978159
3979799
3981022
3987242
3988128
3988356
3989326
3990055
3990428
4002836
4009846
4017110
4018637
4018757
4023775
4027318
4034533
4036803
4038338
4041942
4042679
4043734
4046160
4048189
4050564
4060056
4064088
4064503
4065966
4072973
4076353
4078981
4082229
4082687
4086695
4089101
4089176
4089649
4090411
4091034
4095177
4096388
4098244
4099095
4104678
4106527
4111189
4114493
4118396
4119157
4119298
4122083
4122546
4124725
4124816
4124867
4125677
4130517
4134150
4137120
4137819
4138177
4141291
4142584
4150066
4152194
4155448
4159124
4160281
4161641
4163326
4172724
4174272
4177773
4177850
4182876
4186460
4186669
4189759
4196790
4202165
4202456
4203646
4205098
4206789
4210262
4213093
4216721
4223123
4224106
4224818
4227666
4228970
4228974
4231713
4232867
4233618
4235901
4237220
4237448
4240351
4242214
4244941
4244947
4248222
4249794
4250574
4259784
4262589
4263620
4265859
4265903
4267248
4268678
4276412
4279291
4284049
4284508
4287223
4287790
4294655
4297576
4297647
4304058
4304473
4309738
4312847
4314462
4315538
4320351
4321366
4325768
4329391
4329660
4332227
4337048
4339440
4340399
4341694
4344731
4347630
4348909
4351202
4351515
4352064
4352353
4356715
4363912
4364730
4366384
4367011
4372526
4374796
4375119
4376166
4376181
4377167
4377287
4377332
4381664
4390776
4400351
4401559
4410258
4411579
4412246
4412418
4415100
4417179
4417655
4427787
4430189
4430471
4433813
4437727
4450032
4451751
4456492
4457973
4460028
4461964
4465068
4474816
4478410
4481768
4483075
4488499
4491507
4492823
4492949
4495090
4495346
4496335
4502597
4502812
4502975
4503071
4507998
4509818
4511455
4513973
4515529
4518210
4521686
4521984
4523215
4525936
4526307
4530053
4531999
4532478
4535293
4535424
4538152
4538853
4540323
4541025
4544105
4553625
4557516
4566404
4567974
4570960
4571230
4577341
4581362
4581397
4581515
4588961
4593323
4594661
4594741
4596527
4600909
4609004
4610059
4614975
4618190
4619630
4625763
4630243
4630688
4630726
4636137
4636637
4637518
4639205
4646780
4650366
4650409
4655533
4656616
4656834
4658219
4664395
4666623
4666835
4667524
4670322
4673281
4674394
4676622
4677899
4678069
4679801
4687255
4687343
4688929
4703725
4711533
4711621
4712454
4714705
4717616
4719957
4721211
4733309
4740570
4740927
4741950
4745932
4750153
4750759
4753110
4756105
4762934
4773383
4780598
4782849
4783320
4784495
4785618
4792889
4796047
4796172
4797995
4799241
4805699
4807676
4808010
4808407
4812058
4816033
4816855
4818873
4821806
4821826
4830724
4831879
4832649
4833988
4838531
4840512
4841907
4842271
4843656
4844823
4845648
4847272
4853302
4853587
4855080
4855259
4856722
4857048
4861629
4864886
4867413
4869027
4869124
4870247
4873996
4880894
4882257
4884513
4885134
4893499
4895308
4897154
4898703
4900372
4902329
4904859
4905141
4909000
4911492
4919111
4919733
4920318
4920871
4922658
4923055
4928667
4929754
4940094
4940189
4944617
4945711
4947693
4949810
4953202
4959744
4963031
4967444
4970430
4971340
4971958
4973919
4976575
4977041
4979706
4982853
4985657
4987399
4987760
4990758
4996603
5005928
5011634
5033768
5034626
5034636
5034896
5035077
5035954
5036032
5038768
5046221
5051856
5053450
5055462
5057638
5059260
5064270
5069524
5073596
5082186
5088689
5100645
5107318
5107336
5111120
5112903
5114167
5117472
5118995
5125840
5125939
5127210
5130563
5134439
5139385
5143815
5143958
5149931
5151824
5152474
5157346
5158246
5160515
5163682
5164830
5165631
5170470
5174164
5174496
5178763
5183857
5184253
5186461
5186659
5192800
5193994
5198786
5198952
5203472
5204855
5205940
5206642
5207985
5212218
5212521
5223037
5228076
5230065
5230516
5235793
5236617
5238605
5239306
5239777
5239842
5242734
5246759
5247187
5251597
5254052
5256424
5257727
5264827
5266368
5269420
5272673
5276969
5282249
5282879
5283388
5284859
5286982
5287667
5291552
5292341
5293406
5295501
5296001
5296623
5299337
5304248
5305621
5313311
5314517
5314591
5315973
5319259
5320016
5320394
5321270
5322103
5323844
5325163
5326059
5329182
5331483
5332533
5332918
5335404
5336557
5339389
5341090
5342793
5359217
5360907
5362782
5367997
5369453
5372374
5372516
5377956
5383443
5386317
5386891
5388804
5390844
5392870
5395188
5397668
5399933
5403011
5403101
5408377
5409425
5410058
5412628
5415317
5417311
5418106
5426387
5426883
5428308
5437022
5438450
5442302
5445507
5447219
5447315
5453523
5456032
5458174
5460741
5461051
5462700
5463985
5464569
5471173
5474450
5476381
5480057
5483418
5483575
5485621
5488860
5489391
5489993
5491006
5506414
5508126
5519829
5527285
5535457
5537224
5539590
5540434
5541391
5542663
5545689
5550912
5556843
5556878
5558527
5563114
5563694
5567423
5567768
5573444
5575967
5581849
5584348
5585519
5585572
5586379
5587876
5588598
5589958
5592354
5595040
5596089
5598110
5602721
5604492
5607379
5626006
5630306
5633147
5633962
5637940
5638421
5638459
5640060
5641546
5642588
5648348
5656334
5660440
5660995
5661083
5662688
5663972
5668574
5669349
5669375
5676342
5676660
5681053
5682346
5685515
5689818
5694381
5699052
5701860
5703180
5714491
5717177
5719344
5723843
5724262
5725173
5725777
5725865
5728104
5737174
5737377
5741681
5743899
5745143
5756876
5761070
5764906
5767081
5769149
5770807
5774292
5774782
5778661
5785588
5786674
5797920
5798903
5805302
5805711
5806183
5807328
5810767
5816374
5822836
5824163
5824453
5826008
5827649
5829505
5830755
5830986
5838191
5838733
5839425
5846003
5848203
5850216
5853054
5853663
5855164
5857178
5859424
5861912
5862489
5871446
5873215
5873857
5876605
5883724
5896090
5900020
5900386
5902979
5906460
5909356
5912083
5917492
5918260
5918608
5919526
5919891
5924314
5926787
5928431
5928928
5930876
5932336
5934153
5935405
5937353
5937739
5938560
5939426
5940085
5941410
5941767
5943068
5948880
5950273
5955915
5963625
5964635
5974548
5975214
5975334
5980923
5983457
5984121
5992975
5998764
6000993
6001835
6003936
6004229
6009502
6011138
6013303
6013982
6015700
6017234
6017316
6025857
6026019
6029027
6029275
6029541
6032201
6033645
6036404
6038136
6042219
6043819
6047956
6051871
6054248
6056436
6056485
6060383
6063691
6067644
6068431
6074017
6078972
6079434
6080415
6081392
6081394
6081506
6085094
6086534
6088616
6088649
6092518
6092800
6095510
6096084
6096606
6105066
6110312
6111788
6112556
6114655
6116065
6118652
6120159
6122481
6123353
6125085
6130752
6133687
6134966
6136451
6142174
6143311
6144687
6147566
6150864
6153226
6153959
6159402
6161548
6164001
6170386
6171250
6179458
6183409
6184030
6186881
6187684
6188692
6189206
6192969
6195453
6195782
6197734
6200227
6201388
6203453
6207427
6208040
6208202
6211857
6213033
6214639
6219124
6219700
6220844
6227672
6229156
6230873
6231912
6232946
6236145
6236891
6237135
6240138
6242148
6243932
6251140
6251660
6252138
6253629
6255046
6257633
6258423
6259331
6260133
6266979
6267968
6268316
6270769
6270786
6272541
6275445
6279105
6281123
6300607
6301249
6302315
6309679
6310827
6314201
6318251
6318467
6324650
6326867
6329182
6331786
6332401
6332625
6333669
6334107
6336404
6337203
6337503
6338049
6347529
6350929
6354251
6354606
6358573
6362380
6367279
6369848
6371372
6374053
6375908
6381666
6384258
6386138
6395228
6396640
6397166
6405636
6406267
6406988
6408082
6413496
6420380
6421306
6427456
6429159
6429319
6431085
6431503
6431991
6433544
6434502
6437114
6441685
6445287
6448876
6453621
6464261
6465335
6468227
6472380
6472614
6472633
6474566
6476276
6482335
6485354
6487510
6488793
6489655
6500215
6501514
6508725
6513551
6514318
6514717
6516243
6518277
6524233
6525016
6526356
6526677
6529912
6530661
6536310
6539233
6540812
6545304
6547885
6547969
6548115
6550130
6550975
6553648
6556099
6558432
6568195
6573489
6575814
6576685
6582640
6583904
6589806
6590785
6597772
6599499
6601030
6601311
6604475
6607765
6611752
6612120
6612760
6613570
6614488
6617535
6620572
6622061
6622974
6623754
6626254
6627594
6629346
6630644
6634051
6637382
6638268
6639008
6640819
6641938
6652002
6662477
6663086
6664347
6667522
6677423
6678636
6679637
6679908
6680507
6682678
6685579
6685966
6689280
6689624
6692765
6694133