2037
3573
4349
4508
6134
7344
7357
9641
11574
12038
14322
14728
15109
17089
22155
23042
29036
29698
30767
32850
34159
38145
40291
44698
47676
47906
50316
50647
50981
51454
51551
57307
58387
58444
58539
60925
62610
63824
66523
68242
68352
68689
69146
69920
71811
71958
72701
73770
74155
75348
75504
78920
79123
80079
80664
81402
81952
82699
83060
83418
86804
89582
90983
92461
94292
94612
95108
96826
98123
100632
100710
101147
101557
101643
103394
108672
109146
109971
112411
113174
113733
114092
114230
115225
115804
117018
117538
118125
118405
119576
119938
120920
122021
123452
123610
124030
124221
124236
125960
126395
127410
127576
128184
128316
129263
131021
131483
133489
135830
138289
138846
141400
142246
142946
144477
145132
145345
150903
152101
153091
153928
154005
154593
154668
154888
156405
159155
159331
160313
160360
161079
162084
163743
164089
164314
165934
167412
167713
168936
169100
169721
176158
176344
178589
179330
180512
190664
192311
193468
196232
196768
198279
198704
200084
201048
201605
202073
202513
206740
206779
208784
209017
209760
211389
211476
213814
214914
215205
215467
216732
217558
218626
219229
220287
225901
226419
229505
229541
230634
235190
235403
236050
236612
237822
238002
239377
239615
239856
240278
242043
242047
243236
243511
248607
248820
249634
251900
255233
255289
256694
256925
257913
258155
259221
259919
262188
262530
263555
264799
267587
267650
270591
272525
272922
275496
275762
278052
278679
283394
284024
285614
285616
286221
286856
287865
288057
288528
288577
291465
291634
291939
293014
296132
296151
300402
300577
302437
307441
308368
309430
309504
309996
310153
312092
312374
312802
312944
315515
316421
318002
318129
318165
319519
320137
320323
320891
321295
321532
322026
323242
324370
326312
326937
327648
328432
329219
330118
331059
331325
331660
332059
332696
336686
338022
338286
338675
339447
339805
340179
341676
341776
345509
346134
349523
349780
353765
354373
354908
359916
360615
361864
362840
363575
363668
365928
365979
366004
366580
366681
366955
369389
369732
370751
370817
371006
371314
371913
372132
372654
373233
373506
373608
373781
374281
374886
379419
387096
387270
387417
387645
387889
390110
391317
392275
393194
393595
394081
394874
397513
398877
398984
399479
403863
407274
409119
409231
410685
413839
414303
415612
416430
418280
420080
421282
421455
422025
422568
422736
423560
424578
425317
425529
426110
426163
426272
426677
429852
430436
431427
432669
433538
435717
435862
436902
438114
438423
438641
439036
443787
444785
446188
446549
449376
452638
452723
453028
453730
454743
457711
459205
461072
461757
461879
463145
464408
466202
468887
469322
469804
470685
472152
472231
473423
476147
477098
479448
483469
483768
484123
485547
485576
491643
492225
494529
496506
497380
502258
502510
503496
505322
506253
507112
508456
510844
512673
513737
517297
518324
519751
521237
522509
522994
523862
526388
526675
528573
529115
529897
530263
530887
531425
531750
533877
538657
539996
540219
542800
543132
545530
545939
546285
546976
547418
547520
548428
548654
549053
550666
550742
552900
553083
553741
554861
555002
555600
557752
559671
559783
559800
560036
560955
561287
563169
563727
563761
564806
565167
566201
567437
567776
568702
570677
571270
571375
571725
572013
574928
575598
576836
578737
578945
579565
583874
585828
588563
592628
593392
594599
594767
596332
599148
602870
604123
604760
606010
607098
607275
607514
609136
612393
613764
614185
614671
616232
616525
617292
618403
618885
619561
619950
624538
624942
624962
626141
627378
628434
628466
628485
630527
631162
631607
632974
634329
638743
640621
644866
647720
649456
650495
650969
651215
656067
656737
656743
657863
660632
660928
661340
661362
661593
662099
663036
665570
666211
666684
668999
669245
673065
676792
678645
678778
679915
687276
687991
688035
691080
691397
694403
694453
695094
699878
700987
703113
704400
705141
705994
706497
706842
707420
708164
708806
709348
709570
709821
710268
710615
714412
716344
718944
719966
722506
724051
724398
725320
725387
725855
726078
726861
727564
728812
729847
730810
734752
735040
735586
736193
737524
738517
740418
741396
743033
745517
745650
745867
747268
747965
749429
749900
750246
751821
752696
754461
754592
754801
756411
756792
757231
757448
758765
760858
761013
761783
765796
766142
769666
769970
771609
771997
772108
772746
773146
773916
774698
775043
775194
775618
775796
778374
778969
782110
784044
784593
785687
788281
788338
791936
794242
794439
794738
797756
798931
798932
799151
800169
800455
800895
801181
801364
802562
806984
807722
810229
810403
811192
817056
817287
817529
817783
820373
821839
823535
823550
823873
824562
824838
825116
825684
826638
831938
832101
834231
835022
837514
837939
838084
838478
840221
840604
842640
842993
843609
1127224
1127392
1128493
1129117
1130722
1131937
1134284
1135367
1136522
1136550
1140110
1141534
1143761
1144994
1146202
1146340
1146935
1148933
1152392
1153000
1158296
1159476
1162793
1164074
1164497
1164971
1165127
1165142
1165292
1166224
1166481
1167191
1167286
1168457
1168477
1168588
1169244
1169840
1170315
1170818
1171172
1171489
1173814
1174857
1175332
1176541
1176914
1179776
1181888
1182938
1184967
1186315
1186540
1187690
1188541
1192603
1192760
1196242
1196489
1200444
1202419
1202853
1204232
1204262
1204740
1206227
1206283
1208229
1210745
1213932
1214177
1214224
1216447
1223877
1224638
1225559
1228130
1230069
1230440
1231669
1232241
1238917
1238977
1240649
1241141
1241449
1244336
1245235
1245944
1246518
1247952
1248491
1249089
1249607
1250071
1250392
1250564
1250589
1253496
1255176
1259484
1259513
1260296
1261231
1262131
1262423
1262778
1263197
1263348
1263961
1264867
1265101
1265240
1265992
1266374
1268947
1269067
1269247
1270154
1270637
1273847
1274101
1274197
1276316
1281627
1285264
1285458
1285944
1287794
1290342
1292201
1293381
1293609
1293672
1294295
1296922
1297775
1298625
1299932
1301413
1302963
1306125
1306224
1306722
1308913
1310603
1311373
1316251
1316572
1316878
1316956
1317797
1318593
1319685
1322358
1322936
1325577
1326130
1331553
1331796
1332341
1332673
1334318
1336569
1336871
1338000
1339017
1339152
1339240
1340738
1341123
1341687
1341760
1346725
1347619
1352936
1352977
1353131
1353350
1353573
1354174
1354764
1355823
1356396
1358601
1359673
1360529
1360814
1361989
1368287
1368346
1370221
1374145
1375151
1375424
1375767
1375867
1376931
1377648
1378824
1379084
1379169
1382225
1382784
1382855
1384288
1385999
1388246
1388855
1391479
1391639
1394436
1394754
1396261
1398513
1398592
1400225
1401816
1402236
1404589
1404684
1405536
1407820
1409417
1412153
1412425
1413430
1414717
1415180
1415778
1415828
1420309
1420887
1422299
1423197
1423809
1425074
1425609
1426073
1427038
1428282
1430204
1430465
1431766
1432670
1432844
1433874
1434207
1434252
1435779
1436017
1436103
1437044
1438619
1440286
1444522
1444730
1445339
1446662
1448255
1450786
1453160
1455159
1457247
1460807
1461857
1462742
1463814
1464048
1465607
1465996
1466301
1469870
1473440
1473969
1475529
1476072
1477619
1478016
1480608
1480728
1480872
1481185
1481533
1483634
1484649
1486881
1486897
1487295
1488098
1489427
1489451
1489537
1489539
1492281
1493328
1494530
1495768
1497914
1500798
1506243
1507974
1508333
1508625
1510767
1512437
1512466
1513802
1514608
1514933
1515253
1515708
1516435
1517584
1518005
1518479
1518992
1520739
1521014
1521180
1523085
1523783
1527436
1527866
1530986
1535018
1535355
1537228
1540663
1542180
1542494
1543115
1543414
1544358
1544761
1547545
1551045
1552518
1552621
1554933
1555486
1556330
1559552
1559998
1560103
1560848
1560939
1560979
1560997
1562958
1564837
1567675
1568948
1570375
1570879
1571648
1575522
1576335
1576384
1576395
1576637
1577009
1578359
1579487
1580331
1580858
1581840
1582488
1584695
1588729
1590188
1596030
1597985
1599913
1600371
1601089
1602156
1603116
1603582
1604307
1606597
1606696
1606716
1607572
1609394
1610247
1610506
1616839
1617207
1617382
1620069
1620965
1622764
1623112
1624019
1624630
1625387
1628330
1630878
1633506
1636386
1638088
1643920
1644218
1644637
1645724
1646567
1646929
1647631
1650430
1651526
1654359
1656649
1657967
1657969
1658288
1659511
1659795
1660099
1661961
1663192
1664741
1665444
1666198
1667166
1669341
1671401
1672786
1673567
1673935
1674065
1674960
1676551
1678963
1679701
1681633
1682866
1683210
1684903
1685109
845998
847641
847643
850017
851243
851325
852038
854031
854211
854768
860305
861634
863404
866882
867075
867541
867873
869227
869759
870369
872801
875266
875474
875698
875731
876048
877456
878156
878635
881351
881637
882238
883120
885249
887031
888480
889976
890468
890804
891389
892615
892682
894403
894446
894468
900390
902509
903400
903592
903795
905486
910285
912662
914051
915067
915759
919020
919646
919758
920831
920862
923356
924004
924302
925569
926429
929729
929910
931736
931745
932181
933069
933877
937500
937616
939287
939351
941502
942185
943739
945086
945597
946982
948281
949198
950800
953153
953232
954474
955169
955917
956052
956168
958092
958688
961625
964074
964241
967345
968651
971770
973238
973491
976436
977610
977612
977642
978019
978409
978975
982811
985445
985749
985765
986554
986830
986897
987085
988524
990773
991671
991724
991820
994183
996875
997719
999376
1001400
1001499
1001931
1002958
1006453
1007565
1008682
1009884
1011278
1011682
1011803
1012863
1013317
1013756
1014155
1014936
1015328
1015826
1017079
1018478
1019732
1020665
1021174
1022553
1023774
1023893
1024110
1028822
1029086
1030968
1031003
1034789
1035283
1036339
1036345
1038958
1040233
1041654
1041721
1043725
1043837
1044247
1044301
1044505
1046106
1052165
1053034
1055659
1057720
1059967
1060027
1062024
1062423
1062455
1064396
1066867
1068101
1068352
1071001
1073053
1074480
1077051
1078444
1079186
1079282
1081353
1082481
1082787
1084073
1084424
1087696
1089499
1092620
1093107
1093759
1093790
1094998
1097060
1097727
1097964
1099254
1100190
1100541
1103646
1106154
1106668
1106771
1106976
1110220
1110838
1111071
1111559
1114482
1114776
1116979
1117251
1117475
1117785
1118099
1120389
1121583
1123358
1685347
1685990
1687348
1687834
1688674
1689180
1689433
1693660
1694156
1694915
1696055
1696923
1697292
1697483
1697505
1699124
1700163
1700736
1702273
1702594
1705929
1706249
1708081
1708781
1709412
1709872
1710437
1711832
1715579
1717635
1718432
1719193
1720760
1720863
1721208
1726820
1727518
1728681
1730512
1734784
1736722
1739562
1742649
1743307
1743402
1744086
1744303
1746769
1747045
1747115
1747972
1748335
1748411
1748475
1749128
1749382
1753087
1753609
1755279
1756236
1756357
1756978
1757407
1758049
1758344
1759496
1760356
1760386
1761419
1761504
1764810
1765072
1768123
1768306
1768329
1769116
1769195
1769432
1769692
1770323
1770404
1771762
1774898
1775079
1775085
1775188
1778835
1779561
1782157
1783859
1784528
1785916
1786788
1786928
1787165
1788111
1789066
1790481
1790943
1792039
1792319
1792968
1793945
1794405
1794576
1795188
1796217
1797760
1798951
1799053
1802030
1802385
1802416
1802433
1802686
1802874
1802904
1804551
1806107
1806993
1809434
1810185
1811041
1811138
1811392
1815293
1816472
1818022
1819359
1819764
1821337
1823425
1823967
1826791
1827705
1830517
1834101
1836659
1836839
1836975
1837368
1838177
1840393
1840615
1842326
1843513
1844440
1846449
1846483
1847052
1848585
1850213
1851292
1851777
1851786
1852413
1853198
1854053
1854242
1854396
1855084
1855911
1856170
1856872
1856982
1857687
1858086
1860242
1861273
1861844
1862474
1862946
1864641
1866491
1867586
1867612
1869108
1869429
1871510
1871779
1872965
1874453
1875882
1876522
1877580
1877710
1878734
1881702
1882613
1883582
1885120
1887836
1889964
1890230
1890604
1890700
1890790
1891424
1891730
1892448
1892921
1892938
1893463
1893605
1897256
1899580
1900954
1906856
1906998
1907685
1909981
1910282
1910534
1912165
1912840
1913568
1916858
1918265
1918765
1919302
1919533
1919991
1920109
1920603
1920810
1923472
1925896
1928950
1931112
1933715
1935219
1935643
1935734
1936375
1938404
1938718
1939563
1941101
1942729
1942926
1943755
1944652
1947584
1947651
1948821
1949802
1950246
1951128
1954045
1954930
1955237
1956390
1956546
1957383
1958737
1960360
1960935
1961913
1962816
1963194
1968464
1968500
1969966
1970885
1971274
1972150
1974016
1975036
1975793
1978451
1980904
1981614
1983206
1987497
1987919
1988239
1988584
1988748
1989410
1990641
1991987
1992581
1993695
1994854
1994887
1998154
1998262
1998511
1998809
2000144
2001479
2003249
2004093
2005052
2007923
2009598
2009666
2009677
2010905
2017969
2019617
2021202
2023010
2024488
2025275
2025771
2028642
2028777
2030084
2030990
2031427
2032034
2035294
2036252
2037375
2037595
2038202
2038795
2038887
2040812
2043044
2046612
2048178
2048202
2048212
2049314
2052376
2053304
2055710
2056840
2056967
2057047
2057157
2059516
2062787
2063218
2064845
2064949
2065084
2065313
2065377
2069805
2072268
2075949
2076608
2081292
2082134
2082753
2083269
2083695
2084332
2084996
2085820
2086971
2088836
2089918
2090297
2093984
2096336
2096660
2097312
2097947
2101237
2101919
2104873
2106471
2106647
2107310
2108003
2108013
2108390
2108762
2109524
2110450
2110677
2111839
2115784
2119959
2120213
2120687
2121101
2123733
2124094
2126377
2126397
2126491
2127010
2127264
2127928
2128986
2129302
2130201
2130296
2133331
2133438
2133556
2135187
2135841
2135916
2139019
2139904
2142639
2142760
2150400
2150933
2153515
2157135
2159439
2161378
2163172
2163194
2163778
2165776
2165896
2168598
2170438
2170908
2171028
2174026
2174284
2174411
2175741
2178026
2178723
2181404
2184610
2185238
2185813
2188225
2189198
2190246
2194522
2194606
2196128
2196893
2200307
2202554
2204660
2204979
2208661
2208752
2209438
2210158
2210517
2210535
2210767
2211393
2212439
2212920
2213482
2214916
2217745
2218065
2223483
2226698
2228053
2231069
2232549
2233220
2236376
2238043
2239203
2240300
2240616
2241828
2241834
2242974
2243660
2243715
2245147
2245628
2248289
2249772
2252843
2253736
2255929
2256123
2257850
2259659
2260791
2263393
2263770
2264274
2264564
2264625
2265205
2267322
2268504
2269828
2270161
2272457
2273476
2273760
2277108
2278951
2279402
2279441
2280127
2281018
2281565
2283226
2287933
2292084
2292136
2292241
2295905
2295975
2297254
2298991
2301477
2302952
2304344
2305827
2306210
2306580
2307265
2307507
2309826
2310157
2314932
2314964
2315003
2316107
2316250
2316575
2316866
2319261
2321554
2322575
2322711
2325025
2326634
2327361
2328581
2329093
2329496
2331028
2331287
2332486
2333726
2334375
2335490
2338369
2339199
2340355
2341251
2341668
2345099
2345814
2346362
2347517
2347607
2348734
2349520
2352667
2354818
2355262
2356853
2359558
2359684
2361348
2362718
2362864
2365227
2365946
2366246
2366405
2366812
2369826
2369888
2370002
2370861
2371928
2372319
2373019
2374083
2374274
2377134
2378059
2378482
2380144
2382798
2384061
2386520
2386598
2388433
2391128
2391845
2395075
2399289
2400001
2400311
2400602
2402909
2402982
2403540
2404699
2405517
2405789
2407071
2407329
2408233
2408641
2408784
2409759
2409946
2410696
2413284
2415021
2415975
2416249
2416396
2416661
2417012
2417579
2418330
2418929
2418973
2420679
2421528
2423777
2424010
2426881
2427194
2428334
2430511
2432837
2433361
2433634
2436857
2436958
2437721
2437814
2438075
2438936
2440201
2440978
2441225
2441800
2442443
2445072
2448511
2448535
2449816
2451187
2452175
2452195
2452544
2452854
2454087
2454104
2458828
2458962
2459102
2459134
2461953
2464409
2465696
2465770
2467034
2467156
2468208
2468490
2468864
2469487
2471462
2472796
2474032
2474809
2475648
2475803
2476030
2477754
2478095
2478645
2479796
2480054
2480628
2481809
2482856
2483719
2483842
2485197
2485269
2485753
2485914
2487712
2488715
2492358
2492407
2495085
2496489
2497814
2499158
2499795
2500794
2501916
2503301
2503550
2504395
2504759
2506223
2507188
2507536
2507633
2508026
2508727
2508935
2509877
2510596
2511082
2511812
2512389
2515250
2515385
2517353
2519018
2522501
2524336
2525195
2525219
2525271
2526973
2527743
2528303
2528766
2529002
2529398
2531906
2532490
2535356
2535715
2536796
2538281
2538364
2541799
2543721
2545451
2545965
2547159
2549540
2550778
2551134
2553324
2553682
2560285
2560870
2561015
2562083
2566535
2567320
2567678
2569662
2569929
2570639
2572994
2573714
2573845
2574902
2575972
2577216
2577299
2577816
2579514
2579902
2580618
2581660
2582554
2583250
2583600
2583885
2584295
2584437
2584947
2585051
2588110
2588736
2590071
2590956
2593831
2595326
2595689
2596493
2596799
2598344
2599257
2600432
2602259
2602488
2602684
2604766
2606032
2606044
2606844
2607725
2608290
2608384
2610317
2610383
2611333
2612226
2614294
2616087
2616192
2618529
2618779
2619238
2619700
2622503
2623100
2625353
2626996
2627557
2627940
2630090
2630934
2631283
2632955
2636044
2637001
2639779
2640987
2642730
2645731
2647444
2647511
2648239
2649097
2649622
2649684
2649963
2650020
2651471
2652422
2653555
2653706
2656024
2656379
2658026
2661103
2661173
2661765
2662564
2663013
2663097
2666860
2669262
2670533
2671610
2673005
2675817
2676115
2676830
2677700
2677900
2680143
2680880
2681440
2681793
2682904
2683330
2683658
2685082
2685373
2686147
2686509
2686656
2686798
2687287
2687886
2688596
2689618
2691662
2693464
2694106
2694984
2695748
2695871
2698880
2703114
2703222
2703653
2710773
2712812
2713696
2713851
2722835
2724270
2724886
2727286
2728429
2729035
2730751
2731611
2733290
2733314
2733909
2734187
2735512
2736082
2736737
2736814
2737330
2738196
2738654
2739156
2739624
2739626
2741193
2741624
2745413
2746288
2747121
2747435
2748843
2749166
2749656
2751574
2751747
2754203
2754539
2758440
2759147
2761840
2762485
2762803
2763715
2764524
2765842
2766369
2766832
2767022
2768730
2769490
2770863
2771224
2771371
2771436
2771454
2771548
2773278
2775573
2781084
2781195
2782030
2783900
2785151
2785182
2787606
2788525
2789172
2793690
2794057
2794323
2795194
2795516
2795557
2795793
2796253
2796440
2797090
2798482
2798799
2800131
2801039
2801097
2801370
2802364
2804090
2804824
2805375
2808235
2808392
2810238
2811131
2812097
2815884
2816599
2816723
2817062
2817163
2819321
2820016
2820040
2821118
2822155
2823073
2823125
2823441
2825247
2825835
2826751
2828755
2831891
2832166
2832599
2834132
2836163
2836379
2836397
2837027
2842310
2843370
2843739
2844439
2844886
2845110
2846430
2846613
2846943
2847658
2847977
2849010
2852494
2852973
2854121
2855287
2855822
2856151
2857063
2857147
2857443
2859830
2860688
2861517
2861736
2863215
2863836
2863987
2864464
2864850
2868130
2868541
2868589
2868842
2869325
2869455
2869882
2870061
2871723
2872097
2872122
2874806
2876754
2882362
2884045
2884429
2888381
2892607
2894323
2895059
2895565
2896276
2896471
2896474
2896754
2900006
2900196
2901735
2903044
2905255
2906061
2906313
2912587
2914452
2915165
2915283
2915744
2915787
2918354
2920086
2920236
2922408
2923155
2923764
2924614
2925246
2926815
2927899
2929832
2930249
2931636
2931990
2933197
2933487
2934660
2935824
2937692
2940311
2942820
2945185
2948217
2949264
2949379
2949439
2952396
2952840
2952930
2956487
2957112
2958462
2960020
2960486
2962068
2962844
2963214
2966421
2968588
2971094
2971657
2973334
2974061
2974233
2974687
2974733
2974852
2974993
2975342
2980018
2980960
2981023
2981472
2981668
2983247
2983613
2985506
2985935
2987140
2988495
2988759
2989927
2991652
2993504
2995597
2996486
2996506
3000458
3000901
3002459
3002635
3002686
3003248
3003747
3004387
3005354
3006052
3006904
3007042
3007366
3008456
3008481
3009627
3010389
3010416
3014672
3015338
3015772
3020763
3021053
3022210
3023048
3023247
3023354
3023575
3023814
3024003
3025508
3026008
3026765
3027145
3027247
3028085
3030084
3032444
3032660
3034034
3039611
3041117
3047454
3048513
3049319
3052336
3053005
3055145
3055239
3056968
3058344
3059834
3060704
3061534
3062253
3062610
3063360
3063603
3064318
3064417
3064671
3067476
3068869
3069009
3069476
3072769
3073744
3076731
3076946
3077340
3080783
3083070
3083817
3085333
3086539
3087357
3088670
3088923
3089043
3089979
3090864
3091066
3091820
3092668
3093708
3093747
3095028
3095123
3096068
3096104
3097551
3097968
3098392
3100244
3100482
3101220
3104341
3106459
3107231
3107830
3113065
3113845
3114068
3114202
3115063
3116941
3118041
3118422
3119667
3119671
3121446
3124846
3125095
3125578
3126516
3128447
3129744
3130112
3130255
3133264
3136803
3138332
3139341
3139440
3144117
3146379
3148000
3149737
3150606
3151108
3151222
3151242
3153957
3154259
3154399
3155757
3157248
3157283
3159302
3159563
3161047
3162697
3166729
3168865
3169845
3171330
3172416
3172739
3173784
3174586
3175931
3175991
3176946
3178857
3179125
3180130
3187227
3187271
3187992
3188038
3189578
3190553
3192272
3194194
3195922
3196244
3196348
3196585
3197105
3197183
3198516
3201468
3203374
3203484
3204140
3204170
3204773
3205370
3209346
3210810
3211801
3213169
3213696
3213838
3216703
3217065
3218007
3219842
3219906
3220884
3221472
3222155
3222318
3223658
3226983
3229866
3230386
3233016
3233091
3233212
3235998
3236842
3236894
3236962
3241123
3241209
3242864
3244819
3245553
3247139
3250004
3253220
3254506
3257436
3257880
3258500
3259268
3259393
3259862
3260203
3262054
3262096
3262788
3263599
3264350
3264411
3266011
3266292
3266495
3266782
3269036
3270409
3272533
3272751
3274836
3278229
3278982
3283699
3284350
3285831
3286273
3287040
3287237
3289905
3290143
3291334
3292258
3293160
3293527
3295488
3296202
3298398
3298520
3299471
3299589
3302014
3302055
3303330
3304279
3306176
3307887
3311024
3312294
3312553
3312669
3313550
3314463
3316997
3319065
3319752
3319897
3320243
3320752
3321714
3325996
3326406
3327202
3330063
3330141
3330665
3331107
3331719
3333040
3334842
3336608
3338378
3339486
3341043
3341203
3341509
3344542
3345396
3349545
3350088
3351229
3351633
3352440
3354633
3355208
3356003
3357650
3358054
3358241
3359634
3360742
3360893
3361200
3361475
3363272
3363631
3365615
3365709
3369217
3370917
3371584
3372919
3373624
3375740
3376694
3376753
3376878
3377080
3378022
3378173
3379781
3380473
3381827
3383231
3384380
3386599
3387979
3389888
3390078
3390144
3392786
3395371
3397113
3397354
3399242
3400004
3401495
3403075
3404875
3405027
3406133
3407886
3408140
3410023
3410155
3410408
3412156
3416064
3416827
3418289
3418508
3419892
3420079
3421781
3422037
3424612
3424786
3424933
3425117
3428315
3430121
3431571
3432545
3433585
3433705
3435015
3435668
3437389
3439119
3439784
3442108
3443494
3443925
3444210
3446620
3449278
3451050
3452742
3453653
3453717
3454524
3455433
3457099
3457515
3459422
3459567
3459793
3460508
3462408
3465244
3465660
3466242
3467149
3469611
3470755
3471666
3474574
3475941
3476270
3476795
3478428
3478822
3481445
3482179
3485932
3485983
3487079
3487925
3489349
3490474
3490556
3490691
3491065
3492223
3493273
3493975
3494753
3496297
3502828
3504167
3506063
3507078
3507738
3508965
3509881
3515624
3517587
3518308
3518486
3518538
3519214
3519308
3519592
3521025
3523428
3524646
3524955
3525779
3526812
3531459
3532244
3533353
3533954
3535178
3537213
3539166
3539174
3539798
3540898
3543256
3543573
3545086
3545100
3548704
3549669
3550168
3550242
3550856
3550925
3554922
3555662
3556257
3557427
3557593
3561091
3562126
3565649
3568582
3569329
3569955
3570232
3572056
3575312
3575910
3578597
3578939
3579303
3581486
3581866
3582362
3582458
3582694
3582729
3583393
3585059
3586292
3586446
3586682
3589881
3591215
3593874
3593984
3593999
3599142
3599948
3602308
3603007
3603274
3605666
3605954
3607514
3607604
3610128
3610160
3618758
3620080
3620184
3622503
3622676
3622878
3624351
3624386
3625184
3628024
3628792
3630075
3630674
3630857
3631277
3632224
3633602
3635528
3637675
3640224
3640315
3640557
3643808
3643829
3649647
3649747
3653404
3655615
3655889
3656404
3656616
3658143
3658645
3659112
3659954
3660942
3661626
3662520
3663016
3663199
3664290
3665166
3665536
3665611
3666382
3668284
3671129
3672464
3673224
3673785
3673953
3674943
3676190
3676521
3678621
3683913
3683914
3684062
3684219
3684816
3684941
3686313
3688252
3688324
3689640
3690464
3693133
3695354
3696694
3697014
3703320
3703437
3706620
3711817
3712449
3713029
3713333
3714060
3714786
3714869
3715551
3717025
3717749
3717921
3719299
3720292
3720819
3721062
3723818
3726225
3727572
3727696
3728320
3730097
3731090
3731348
3731752
3734395
3734753
3735717
3737320
3737978
3738584
3740516
3741164
3741193
3741252
3741715
3741868
3742911
3743243
3743310
3747450
3748209
3749734
3751563
3753649
3754323
3755443
3755473
3756863
3757363
3758408
3760025
3760642
3761216
3762521
3763685
3764244
3768462
3770488
3770550
3771635
3772072
3772775
3773882
3776720
3776900
3778339
3779074
3779384
3779567
3779634
3780773
3782548
3783951
3784026
3784493
3785643
3791038
3791738
3791828
3792324
3794808
3795126
3795402
3795758
3796776
3797405
3798059
3804442
3804749
3805318
3805663
3807205
3808652
3808874
3809661
3811295
3811887
3814376
3814942
3815323
3815470
3815779
3815890
3817004
3817083
3817232
3817947
3818464
3820597
3821021
3821193
3822526
3822852
3823256
3823899
3825785
3826622
3834008
3834767
3835042
3836361
3838030
3838460
3838839
3840348
3840427
3842066
3842949
3846078
3848186
3848757
3850280
3850355
3851358
3852673
3852716
3852745
3855681
3855713
3855765
3856835
3858179
3859369
3860190
3861480
3861674
3862357
3862869
3869140
3870377
3871530
3872309
3872686
3872840
3873463
3877437
3878362
3879213
3884408
3885070
3885806
3886028
3886128
3886220
3887328
3890834
3891575
3892976
3894172
3896809
3896991
3897693
3898866
3898886
3898920
3899035
3899544
3903718
3903775
3906528
3907416
3907620
3907985
3909155
3911736
3912869
3913053
3914324
3914672
3916893
3917728
3919258
3919917
3921224
3921306
3921321
3922037
3923055
3923472
3924819
3926233
3930713
3931192
3932158
3932487
3932681
3935141
3937189
3939521
3943403
3947675
3951076
3954716
3956292
3957341
3960177
3960393
3960434
3961642
3962986
3963729
3965008
3965342
3966019
3968400
3968754
3972193
3972642
3972890
3974274
3976462
3977558
3977679
3977817
3977882
3978496
3978557
3978649
3978697
3978749
3981593
3982134
3982843
3983327
3986257
3988801
3992944
3993427
3995435
3996531
3996562
3996616
3998937
3999757
3999768
4001413
4003555
4003666
4006090
4007625
4008691
4009592
4010262
4010395
4011078
4013215
4017655
4018877
4021446
4022820
4025797
4026414
4026671
4026699
4026723
4027103
4027829
4028377
4028925
4028934
4029040
4030145
4030532
4030963
4032424
4036098
4037036
4037920
4039795
4040003
4040847
4042211
4042579
4043088
4043997
4044469
4044568
4044586
4045962
4046768
4047800
4048386
4048739
4049487
4050979
4054279
4054335
4054556
4055069
4055345
4055583
4056157
4056973
4058351
4059921
4060632
4065287
4065581
4068379
4069662
4074457
4076915
4077027
4077105
4077807
4078350
4079072
4080123
4080186
4080407
4082565
4085887
4089176
4089988
4090050
4090997
4092863
4097723
4098056
4099331
4099517
4099827
4099905
4100876
4101097
4104454
4104732
4105552
4105978
4106375
4106715
4107536
4110348
4113523
4114901
4117327
4117815
4118222
4124025
4125255
4125731
4126440
4131845
4133847
4135160
4138062
4138796
4139235
4139933
4140366
4140827
4141062
4141894
4143094
4143342
4144344
4145593
4146035
4146053
4147941
4148154
4148493
4148717
4148873
4148927
4151217
4152964
4155404
4155466
4155481
4155557
4156844
4160668
4161553
4162011
4162494
4163326
4164634
4165320
4171336
4172217
4172364
4176208
4177088
4177259
4177457
4178811
4179348
4179676
4181769
4183787
4185646
4187650
4188323
4192907
4193785
4194968
4195541
4198296
4198605
4201806
4202362
4202827
4205957
4205964
4208169
4209203
4209966
4210209
4211180
4213093
4214386
4217900
4222141
4222569
4222754
4222779
4224670
4225062
4226413
4226724
4227265
4228647
4230338
4231576
4231782
4232057
4232907
4233606
4233931
4234226
4234365
4235422
4236123
4238105
4238742
4238991
4239883
4240965
4241010
4241270
4241781
4242046
4243167
4243701
4243851
4245423
4245963
4247605
4247801
4247827
4247914
4248569
4248660
4252030
4253202
4253507
4254901
4255160
4255992
4256307
4258547
4261467
4261657
4261663
4262895
4262962
4263696
4263832
4263841
4264038
4264277
4265577
4265694
4265881
4267570
4270666
4271126
4272999
4274820
4276844
4277065
4281842
4285973
4286285
4286355
4286456
4287223
4287831
4287923
4288027
4289416
4292011
4293238
4293989
4294613
4295718
4297642
4297825
4299718
4300896
4302696
4302975
4303310
4305638
4305823
4306475
4307167
4308566
4308963
4309297
4309551
4310440
4312469
4313578
4314696
4314899
4315628
4318071
4318383
4318674
4318863
4323145
4324580
4324951
4325197
4325292
4327124
4327868
4327968
4329603
4330125
4333144
4333377
4333768
4333845
4335443
4340416
4341817
4342433
4342525
4342794
4343296
4343991
4346140
4346811
4351356
4352060
4352406
4352614
4352759
4354375
4355274
4356089
4369965
4371445
4371447
4373005
4374210
4375432
4375784
4377031
4379093
4379885
4380086
4381653
4382537
4385295
4386378
4387175
4388671
4388994
4389825
4391350
4391907
4393489
4393907
4394224
4395450
4395765
4396736
4396880
4398015
4398167
4398576
4399152
4399523
4400319
4401566
4403444
4404500
4407218
4407963
4409053
4409379
4411996
4412571
4414214
4417297
4418584
4418714
4420761
4423100
4424528
4424578
4424989
4426877
4427809
4428368
4430074
4430574
4431480
4431946
4432117
4433684
4433818
4436460
4439341
4440032
4440228
4441410
4441820
4445286
4447366
4450871
4451946
4451992
4452055
4453038
4454363
4455665
4456297
4456909
4459718
4463214
4463254
4463505
4466022
4468482
4468907
4470014
4472707
4472883
4474044
4474315
4476128
4476799
4477460
4479009
4479586
4480647
4482086
4482596
4483281
4485298
4486229
4489488
4490042
4490359
4491571
4493724
4494596
4496297
4496899
4497256
4498191
4499734
4501844
4503285
4503470
4504626
4506119
4506947
4507361
4509407
4509412
4511174
4512931
4513244
4516747
4517174
4517755
4519875
4520491
4520566
4520639
4521415
4526242
4528554
4530304
4532732
4533983
4535663
4535894
4536091
4543725
4544428
4546415
4546944
4550052
4550857
4551399
4552959
4553238
4553558
4554113
4556064
4556310
4556767
4557559
4558592
4559789
4561100
4563814
4563933
4564855
4565196
4567600
4568891
4570300
4572993
4574664
4574908
4577031
4577304
4578911
4580509
4580762
4582417
4582892
4583432
4585466
4586255
4588850
4590024
4590203
4591060
4591148
4591659
4592456
4593245
4593594
4594393
4595370
4596217
4596644
4600304
4603026
4603405
4605203
4607399
4607525
4607895
4608020
4608192
4610619
4610900
4610903
4611597
4613844
4614078
4614443
4615518
4619296
4621189
4627694
4627994
4628157
4628554
4634189
4635432
4637056
4637764
4637866
4638033
4639551
4643396
4643652
4643860
4643887
4644293
4644492
4644856
4646919
4646947
4647461
4647930
4652639
4653334
4653801
4654418
4655175
4656886
4658370
4659247
4660682
4661401
4663396
4663653
4664904
4666835
4667158
4667307
4667458
4668033
4669077
4669278
4670045
4670992
4672150
4673896
4674119
4674246
4675230
4679227
4680059
4681078
4681211
4681267
4682753
4683469
4683725
4686876
4686977
4687173
4687258
4687283
4690875
4690883
4692155
4692756
4694729
4695255
4695725
4696168
4696661
4697396
4698958
4699118
4700495
4702235
4702638
4703221
4703698
4704446
4705074
4707568
4707588
4708448
4709372
4710917
4711674
4712580
4713117
4713914
4716402
4717630
4718171
4720323
4724690
4725079
4727069
4727635
4727798
4728156
4729325
4732978
4734367
4734994
4738165
4739640
4739757
4740032
4743324
4744213
4745139
4745812
4745899
4748411
4748637
4748784
4749511
4750828
4753078
4753839
4755489
4756517
4756710
4757251
4758397
4762778
4763591
4767415
4768525
4769006
4769870
4770023
4770310
4770602
4771364
4771421
4772138
4774393
4775289
4775490
4777106
4777653
4778564
4783202
4783741
4784871
4785619
4787597
4787998
4790643
4791021
4791629
4791852
4794033
4795094
4795483
4796399
4797218
4797551
4799356
4799540
4801839
4801993
4802180
4802662
4802891
4803776
4806143
4807135
4807350
4809777
4809840
4809971
4810174
4810459
4811157
4813328
4813353
4814218
4814916
4815666
4817992
4818071
4818384
4818760
4820920
4823607
4826661
4827032
4829912
4830401
4831341
4831840
4833610
4834454
4834645
4835548
4835809
4839189
4839579
4840224
4841685
4841870
4845454
4847529
4848382
4848828
4848838
4852605
4853247
4853299
4853490
4853911
4856236
4857070
4858601
4858898
4860848
4862291
4864400
4864520
4864924
4865764
4866825
4869255
4870160
4870910
4873138
4873662
4874843
4878210
4878243
4878462
4882727
4883166
4883824
4885520
4885861
4890999
4891963
4892600
4892945
4897440
4898352
4898422
4900738
4902327
4903191
4903971
4904072
4904321
4904850
4907134
4910938
4911107
4912626
4912986
4914646
4917238
4918463
4919266
4924284
4924481
4924662
4924705
4925930
4926499
4927894
4931999
4933403
4933732
4934127
4934532
4935418
4937326
4937336
4938204
4938555
4939794
4941497
4942964
4943408
4944839
4948131
4949147
4950452
4952514
4953180
4953365
4955739
4959142
4959242
4959251
4960184
4960304
4960630
4960865
4961694
4963322
4963517
4964099
4965750
4965843
4967626
4967982
4968932
4969814
4969891
4971072
4971082
4974745
4975477
4977276
4978173
4979086
4980085
4980634
4981744
4982557
4983692
4986488
4989211
4990806
4991429
4993306
4993725
4993728
4994099
4995812
4996980
4997080
4997099
4999482
4999589
5000399
5002077
5002990
5003834
5006126
5007368
5010919
5013259
5014592
5017131
5018189
5018199
5020021
5021937
5022851
5022929
5026093
5026994
5027896
5029141
5031051
5031068
5031166
5031312
5032309
5032500
5033009
5033328
5033437
5034747
5037923
5038901
5042471
5044287
5046146
5046872
5047664
5048206
5049199
5051853
5052302
5053166
5053553
5053816
5054216
5054329
5055653
5056055
5057052
5058074
5060235
5062067
5062985
5063118
5064050
5065891
5066278
5066347
5066370
5066481
5072992
5073920
5074141
5079371
5080005
5081468
5085815
5086329
5087055
5087693
5087829
5087936
5088438
5088556
5089004
5089728
5090217
5091757
5092453
5094481
5095028
5095769
5095788
5096040
5097043
5099387
5099989
5100143
5101988
5104025
5104617
5104741
5108344
5108478
5110571
5111234
5113190
5113238
5113797
5114146
5114545
5115410
5117419
5118829
5118865
5121325
5123597
5125139
5126866
5127686
5128167
5128738
5132790
5133312
5133345
5133630
5136506
5138448
5140106
5141498
5142612
5144052
5145073
5145394
5145637
5146217
5146638
5146709
5147647
5149223
5150220
5150898
5151378
5152307
5153784
5155383
5156568
5157014
5157785
5160506
5161172
5161252
5162490
5163169
5164176
5165320
5165327
5165620
5165916
5166249
5167032
5168514
5169448
5169651
5171215
5173357
5174764
5177056
5177975
5178084
5178324
5178585
5180082
5180097
5180156
5180376
5180489
5183783
5184985
5188081
5188531
5189363
5189620
5192579
5193938
5196373
5196583
5197346
5198370
5199308
5199994
5202543
5205560
5205563
5205885
5206114
5206671
5207085
5208074
5210342
5211027
5211608
5212412
5214556
5214842
5215226
5215253
5216154
5218577
5218624
5220454
5221291
5221488
5222319
5222973
5223158
5230121
5231710
5233297
5235254
5239135
5239509
5239675
5239714
5240572
5241471
5244174
5246189
5246349
5247584
5247940
5249067
5249257
5249741
5250651
5251943
5252419
5253071
5253875
5254125
5254294
5254374
5257367
5257550
5259585
5261807
5263817
5265441
5266734
5266823
5269089
5269300
5273878
5274888
5276474
5279177
5279193
5283457
5286175
5286974
5289283
5289960
5292133
5292219
5293779
5299496
5301445
5303522
5304786
5305638
5306343
5307607
5307905
5308209
5309406
5309926
5310406
5310518
5311258
5314715
5314830
5315424
5315759
5316816
5317370
5321912
5321949
5322568
5324441
5324498
5325683
5327900
5329623
5330664
5331120
5331289
5334412
5334891
5334956
5336456
5339128
5340148
5343541
5344448
5344606
5347218
5348841
5350512
5351641
5351950
5352280
5353067
5353910
5355861
5358909
5362150
5362496
5362851
5364487
5365553
5370293
5370361
5371392
5371832
5372516
5373014
5374681
5374855
5375745
5376623
5377013
5377630
5378866
5378977
5380077
5382215
5382727
5383317
5386085
5386928
5390268
5390686
5392438
5392921
5393389
5395171
5395716
5397043
5397109
5397967
5399185
5400123
5401051
5406202
5408706
5408791
5408798
5410532
5410657
5412397
5412957
5414148
5416186
5417377
5417466
5419344
5419607
5420625
5422774
5424062
5424696
5427200
5428167
5428330
5428827
5429019
5429455
5432116
5433423
5434660
5435611
5435813
5438037
5439859
5443250
5443266
5443550
5444468
5444539
5445463
5445913
5446953
5447106
5448969
5451649
5453131
5454060
5457114
5457551
5459151
5460559
5461550
5462443
5463277
5463295
5464312
5464569
5464673
5464751
5465542
5465669
5466972
5468291
5468846
5469307
5470366
5470449
5474423
5475581
5475734
5475934
5478695
5480714
5481997
5482220
5483828
5484707
5484963
5486600
5488721
5490736
5497091
5497876
5498687
5500448
5500777
5500949
5503503
5503520
5506667
5506930
5507561
5509174
5511602
5511911
5513373
5513728
5516696
5517278
5517694
5517827
5518286
5520025
5520548
5522463
5525924
5526783
5526959
5528929
5532571
5534128
5534394
5536473
5536581
5538429
5539565
5540535
5540570
5540593
5541691
5543100
5543946
5544116
5544395
5544502
5545507
5547803
5547981
5547983
5548468
5548646
5549443
5549779
5550572
5553808
5554281
5556189
5557646
5557733
5558294
5558437
5558613
5558639
5560635
5561162
5562057
5564248
5567338
5567622
5567763
5568565
5570836
5574918
5577160
5577516
5578487
5578493
5584095
5585698
5585991
5588731
5589884
5591040
5591447
5593971
5597570
5599761
5600224
5600822
5601895
5602228
5603959
5604657
5605985
5608408
5609561
5609635
5609804
5611169
5611526
5611640
5613199
5614123
5615820
5618512
5618612
5618622
5619717
5620323
5627504
5629300
5632047
5632120
5632803
5634881
5636039
5636211
5639271
5642300
5645423
5647442
5649557
5649744
5652531
5654236
5654287
5655287
5658434
5660995
5661654
5664296
5665213
5665702
5666753
5666829
5668357
5668739
5669214
5669901
5670671
5671346
5672532
5673328
5673646
5675363
5676185
5676547
5679821
5680800
5683055
5684096
5685515
5687007
5687556
5689285
5689368
5689528
5690811
5692333
5693053
5695898
5696536
5699598
5700329
5700478
5703427
5703641
5706973
5707460
5708170
5708368
5708947
5709520
5712646
5712726
5714865
5715262
5715998
5716429
5716925
5719283
5719475
5719655
5720372
5722034
5722196
5724513
5725506
5730828
5734543
5735484
5735653
5736517
5737219
5738686
5738809
5739774
5740795
5741201
5741489
5741571
5743785
5743898
5746228
5746242
5747633
5747757
5747837
5753227
5754950
5761091
5762239
5763530
5765517
5765574
5768359
5769323
5771010
5772290
5773058
5775655
5776565
5776939
5779174
5779372
5779540
5780380
5786442
5786477
5789943
5790756
5793014
5795022
5796091
5798571
5799528
5801070
5802735
5803367
5805132
5807091
5807263
5807700
5809461
5810440
5810643
5811151
5815097
5815145
5815163
5815320
5815534
5816575
5816601
5818528
5821427
5822232
5824926
5827768
5831283
5831721
5833228
5833404
5833461
5834806
5835771
5836729
5837139
5837512
5838655
5839669
5840840
5844393
5846713
5846857
5848191
5848307
5848348
5850184
5853548
5854989
5856118
5857006
5857304
5858139
5858912
5860795
5861216
5862066
5862801
5865023
5865820
5866041
5866989
5868177
5869547
5873446
5873844
5882879
5885328
5885877
5888590
5889020
5889244
5890224
5893070
5893579
5893637
5894581
5894734
5897700
5899705
5900767
5900942
5901227
5901489
5902303
5902530
5906261
5907107
5907513
5907634
5908490
5909036
5909898
5910182
5910663
5911843
5912067
5912265
5914550
5914954
5916242
5917207
5917601
5918608
5919480
5919529
5919798
5919932
5921147
5922725
5923442
5924502
5924840
5925698
5925716
5928338
5929524
5935363
5936292
5943009
5943336
5943995
5945295
5947737
5949720
5954626
5954643
5954696
5955580
5956365
5956951
5957386
5958666
5960955
5962368
5964070
5965131
5965465
5966880
5967196
5968029
5971866
5971985
5972726
5974748
5975165
5977670
5979030
5979205
5979780
5982528
5983426
5983736
5984074
5987045
5987786
5989185
5990994
5994705
5996335
5996681
5999585
6000468
6000620
6001021
6006715
6007983
6008866
6009797
6011840
6011996
6012097
6012915
6012950
6014802
6016925
6018133
6018939
6019070
6022172
6024431
6024965
6025283
6025980
6028712
6029036
6033317
6035239
6036116
6036479
6037103
6038710
6045248
6045400
6046899
6048500
6051932
6052944
6053669
6059306
6059672
6061475
6063171
6063777
6064702
6065168
6065480
6065825
6067189
6067804
6068892
6071214
6071874
6072310
6073558
6074985
6075124
6076116
6076127
6079332
6080505
6085060
6088008
6088109
6088910
6092507
6093485
6093678
6095120
6096246
6097956
6103163
6103184
6103353
6103884
6104614
6106318
6107181
6107862
6109416
6109572
6110611
6112700
6114960
6115295
6115567
6118245
6118346
6120007
6121403
6121783
6123373
6123463
6123985
6124432
6125207
6127369
6134380
6134652
6138447
6139204
6139669
6140137
6140995
6141464
6142007
6142813
6144571
6145592
6146075
6146475
6149913
6151106
6152228
6152557
6154867
6154924
6157368
6159120
6161518
6163193
6163986
6164035
6164383
6165036
6168428
6168627
6170322
6170369
6171213
6173706
6177117
6179690
6181661
6181747
6181769
6182325
6182537
6183649
6184184
6185318
6187342
6187710
6189120
6189153
6189596
6190493
6192287
6194601
6194633
6195345
6195531
6196976
6197550
6197838
6201741
6202806
6203142
6203887
6203904
6207698
6210101
6211090
6212167
6214649
6217335
6218866
6221664
6221969
6225362
6226892
6227640
6228439
6228457
6229137
6230246
6234420
6235310
6244285
6245985
6247030
6247413
6249946
6250218
6250402
6250749
6251232
6254817
6258854
6260138
6261047
6261058
6261332
6263639
6263784
6265465
6269776
6271638
6272990
6274864
6275808
6277343
6277450
6279856
6281678
6281688
6281983
6282272
6282579
6285640
6289651
6290926
6293530
6295978
6297119
6304331
6305178
6306425
6306711
6308007
6308060
6308157
6308387
6308586
6311519
6311523
6311929
6312318
6312559
6312938
6314377
6315735
6316890
6319439
6321377
6323629
6323951
6325182
6325309
6326045
6326531
6330332
6330543
6330833
6332237
6332567
6334279
6334822
6337479
6337538
6337548
6339376
6342090
6344207
6344268
6346228
6349193
6350492
6350891
6350929
6353636
6357839
6359847
6361355
6362080
6362974
6363116
6365119
6367904
6369314
6370117
6373653
6373659
6374046
6375758
6381074
6383900
6384275
6384540
6385901
6388978
6390031
6390640
6391597
6392404
6394825
6395738
6396053
6399369
6400306
6400901
6401068
6401807
6407143
6411362
6412620
6412844
6412864
6413925
6415223
6416496
6416499
6417356
6418497
6421041
6421855
6427589
6428600
6431040
6431128
6432537
6433970
6435619
6436897
6440545
6442636
6443273
6444874
6445889
6449135
6449283
6451770
6455958
6457592
6458334
6459537
6459668
6459706
6460818
6464510
6468013
6472638
6472913
6473569
6474763
6475090
6475229
6475320
6475982
6478572
6478697
6481078
6481332
6481354
6482280
6483178
6484042
6485158
6485378
6488394
6488576
6490080
6490504
6491580
6495159
6495766
6496633
6497974
6498139
6499227
6499833
6500088
6500139
6502759
6502963
6503593
6503610
6504478
6508802
6511517
6511963
6513595
6513728
6514232
6514540
6517132
6520249
6520413
6520672
6522240
6522502
6522527
6523536
6525036
6525871
6528554
6528843
6529287
6529317
6529629
6535288
6535792
6536089
6536622
6536898
6538730
6539193
6543642
6544850
6546755
6548269
6549045
6549914
6550413
6551160
6551377
6551436
6552198
6553112
6556227
6557934
6557944
6558184
6558220
6559044
6560043
6563253
6564435
6564470
6565247
6566187
6566327
6566629
6566823
6568429
6569388
6569674
6569824
6571170
6573027
6573185
6573438
6573951
6574818
6575441
6576685
6577134
6579127
6580712
6582326
6585920
6586544
6586608
6588280
6589410
6591437
6592226
6592521
6592796
6593614
6593756
6593839
6593947
6594202
6594210
6594563
6596142
6596329
6597121
6598764
6604196
6608715
6611833
6611867
6616149
6618155
6619266
6622111
6622571
6622787
6624404
6625076
6625827
6627529
6627541
6630080
6630314
6630750
6631549
6632214
6633379
6640217
6641920
6643029
6644496
6647550
6647753
6649033
6649042
6649277
6651491
6651837
6652327
6657305
6658165
6659826
6660397
6660943
6661888
6665273
6665297
6665733
6668640
6670570
6672167
6674622
6677423
6677930
6678923
6679922
6681556
6683510
6683805
6684381
6684998
6687941
6689431
6690054
6692328
6694253
6694747