1020
1064
3383
3853
4556
4598
5730
6477
8192
9337
10928
11313
12976
14396
14475
15215
15430
15496
15710
16044
16252
16850
17652
18189
18235
18571
19643
20282
20700
20770
22252
23066
27280
27337
30459
30861
31766
32133
32503
32781
33514
34552
34568
35210
36718
37336
38030
38197
41011
42042
42086
42285
42599
42659
43384
43875
44490
45773
46655
47214
47832
50441
50638
51972
51992
52213
52635
52771
53079
53458
55483
56137
57453
57564
60062
60153
60447
60520
61955
62862
63666
65425
65531
66953
68214
68635
69277
69987
72003
72608
72841
73013
73427
74155
75018
75518
77297
77503
77616
77917
78593
78920
79858
81975
84374
85931
87009
87522
88116
89083
90389
91628
92808
94580
95352
96891
96895
97013
98958
99701
101185
103676
103795
105073
106047
107721
108209
108229
108918
109120
110330
111368
111643
111909
112314
112400
113614
113964
114721
116083
116222
116584
118366
118779
119553
119634
119839
120795
122204
123178
123452
123931
124113
124268
124953
126180
126669
126913
127623
127629
128072
128163
128644
129106
129278
129395
129908
131301
131893
131963
132099
133854
135808
135832
136332
137449
137454
138518
138727
138797
140014
140034
140089
142752
143260
143688
143745
145512
148186
148244
149663
149680
150307
153091
153792
154018
155574
155886
156155
156758
157065
157298
157422
158444
159095
161406
161696
162134
162291
162629
162892
163102
163622
163678
163895
164990
165678
166473
167123
169736
169767
169867
170049
172310
172329
172907
173278
173763
173769
175257
175926
176368
176690
176827
177200
178615
178640
179307
179960
180812
181392
181427
182600
183487
184205
184362
184682
186102
186107
186610
186656
187235
187793
187994
188124
189216
189627
189670
190431
191113
191601
191652
192041
192486
193589
193642
193995
196164
196720
197290
197878
198313
199588
199707
199738
200067
201054
201540
201605
205638
206319
206503
206649
207160
207260
207292
207952
208372
208893
209702
209795
210240
210288
210405
211198
212282
213239
213950
214414
215174
215205
215271
215768
216317
217604
222993
223660
226075
226163
226550
226720
226885
226903
227205
229055
229332
229472
229901
230497
231504
232267
232312
232654
233537
234584
237082
237922
240247
241612
241721
242446
242488
242586
242845
242850
243011
243231
243791
243896
243984
244012
246217
246483
247772
248089
248441
249061
250427
250758
251855
252355
253389
254310
255155
260750
261388
264514
264743
264820
266473
266582
267252
269362
269364
269870
270235
271535
271617
271937
272562
273768
274428
274521
274551
277790
278312
278349
278390
278860
279060
279260
279687
279724
280396
281460
282047
282568
283345
285972
286553
286867
288213
289086
289531
290562
290969
291138
291251
291339
291954
293110
293360
294714
295066
295751
297332
298223
298537
302657
302760
302777
303663
304932
305869
308228
308420
309190
309273
311109
312479
313623
314785
315146
316037
316846
318558
319920
320921
321554
322983
323500
323591
324041
324306
327139
328666
328716
329556
331022
332058
332063
332809
332927
333662
335265
335345
335664
335906
337281
337729
337838
340019
340188
340241
341341
341402
342487
342834
343493
346560
347111
347236
347967
348211
350636
350780
350880
351169
352074
352300
353354
353798
355148
355772
357370
358775
359234
360697
361116
364315
364573
364587
365488
366481
367425
367508
367589
370320
370648
370682
371706
372171
372372
373357
373645
374349
375631
377618
378470
379702
379876
380557
381493
382950
383017
383356
384517
385124
385251
385545
386421
386844
387111
387717
387934
388386
389097
389415
390852
390979
391785
394052
394535
396526
397377
398655
399677
400638
401613
402268
403965
404053
405298
407967
409532
411713
412638
412850
413375
416068
416129
417830
418612
419877
421353
421603
422382
422411
422936
425401
427238
427733
428330
428817
429687
430010
430758
432881
433770
434626
435191
436201
436297
438014
439350
440418
440952
442387
443116
443404
443570
443600
444293
444927
445195
445899
446680
447003
448333
448649
449891
452009
452842
455203
455789
455917
456431
457025
457420
457562
459151
459264
459991
460927
461017
461439
462204
465486
465949
466883
467187
467847
468385
468516
468548
469484
470120
470381
471082
471167
471825
472448
473330
474857
476281
476292
477277
477828
478754
479965
480248
480334
481543
482719
483562
483716
484326
484773
485446
487164
487355
489331
490008
490546
492333
493132
493555
494265
494268
496008
496603
498147
499511
500566
501554
502929
503109
504141
504979
505078
505233
505888
506744
509905
510556
510856
511743
511896
512151
512894
513667
514194
514388
514526
514692
515279
515533
516178
516707
518250
520144
521153
521463
521605
522448
523498
523786
526453
527605
527927
528115
529100
529670
530459
530487
532157
532562
532971
533111
533571
534727
534916
535588
536249
536845
537032
537416
537831
538907
538993
539072
540318
540456
542606
542942
543431
543765
546263
546842
547152
547240
547358
547713
548288
549313
549798
550573
551105
551863
552536
553353
553725
554946
555485
555634
557699
557964
558027
558503
558521
559149
559297
559359
559625
560070
561056
561264
563118
563178
564638
567595
567650
567735
568789
568865
570152
570667
571094
571555
572146
572869
573385
574085
577707
577988
578334
581457
582267
582835
583131
583531
585105
585914
586152
587399
587542
588082
588793
589170
590422
591315
592378
592615
593116
594642
595087
595609
595698
595994
596415
597265
598770
600195
601190
602364
602606
602866
604221
604784
606962
607051
607200
607457
608278
609267
609627
610029
610173
610474
611542
611650
612131
612798
613050
613404
613848
616036
618171
618965
619754
620469
622823
623260
624086
624255
626940
627336
630213
630402
632450
633161
633730
634663
635132
635493
636623
636931
637851
638094
639621
640121
640382
640916
640947
640963
641612
641815
641849
642389
642873
643461
644955
645190
645412
646260
647431
648138
649024
651303
651404
651514
652088
652160
652622
652900
653190
654575
654889
655077
657280
658177
658247
659280
660438
660954
663143
663589
664145
664275
665360
665493
666706
666845
667471
668245
668798
668999
669165
669317
672136
672438
673290
674190
675710
676498
678516
679064
679198
680494
680798
681149
681447
684369
685904
687189
687781
688402
689716
690153
690193
691126
691232
691899
691936
693937
694973
695209
695461
695830
695865
695954
696304
696452
696650
696743
697926
698271
699073
700004
700084
701272
702404
702955
703070
703271
705136
705335
705596
705626
706012
706067
707947
708080
709081
709848
710312
712047
713912
714047
716323
716901
717815
720399
720753
721171
722742
724758
724999
725302
725901
725975
726054
726214
726627
726638
729086
729122
730398
730728
731356
732396
733237
733301
734004
734162
735664
735948
736792
736849
737096
737122
737361
739030
740059
740892
740987
741072
741295
742070
744200
746200
747230
747257
747748
747895
748133
748729
749083
749770
750020
750124
750742
751740
752469
752959
753007
753815
754417
755990
757929
759109
761127
761670
762025
762153
762192
763155
764144
764635
764675
765145
765234
766524
766790
766957
768080
768272
768831
770350
770516
770808
770896
772519
773452
773554
773876
775028
776987
777428
778482
778522
779644
779824
779871
780690
781863
781926
782783
783074
783261
783918
787043
787441
788067
788268
788430
788987
789122
789312
789356
790123
790576
790594
792765
793873
793965
794656
795194
797169
798360
798712
799036
799282
799871
800878
801248
801625
801858
803089
803717
804621
808982
810493
810627
811046
811241
811781
812717
813529
814150
815104
815493
815552
816196
816762
816883
816890
817163
817287
817500
817938
818288
820073
821574
823176
823468
823945
824315
824579
825390
825986
826327
827758
827789
829340
829521
829599
829746
829825
833370
833770
835499
835882
836081
836503
837283
838078
838281
839674
839709
839778
840827
841248
841275
842351
844444
845288
845418
1127355
1128246
1128512
1129454
1129728
1130237
1131032
1131919
1132570
1135491
1136106
1136228
1136297
1136363
1136739
1137820
1140398
1140856
1141025
1141958
1142599
1146106
1146174
1148838
1149898
1149994
1150447
1150618
1155318
1156221
1156875
1157003
1158157
1159212
1159902
1160232
1161395
1162415
1162898
1164229
1164632
1164756
1164872
1165059
1165343
1166485
1167874
1168151
1169713
1169822
1169919
1171367
1171923
1172001
1172661
1172744
1173076
1173313
1174201
1174654
1175103
1175211
1176121
1177788
1178034
1178258
1178559
1179159
1179438
1179874
1180485
1182366
1183048
1183321
1184122
1185817
1188313
1189105
1189632
1190399
1190781
1191002
1191849
1192366
1193725
1195560
1195758
1196023
1196332
1198080
1198693
1198837
1199769
1200762
1201036
1202409
1203065
1203171
1203913
1204259
1205021
1206949
1207192
1207486
1208390
1209231
1211024
1212013
1212626
1213930
1214711
1216801
1217044
1217258
1218667
1220985
1221286
1221649
1221663
1222237
1223445
1223911
1224090
1225473
1225812
1227329
1228469
1229312
1230982
1232198
1232422
1233538
1236529
1236860
1236939
1237186
1237958
1238115
1239127
1239599
1241258
1241963
1242023
1244345
1245035
1246038
1246221
1247553
1247800
1248584
1249821
1249942
1251792
1251850
1252870
1254858
1255823
1255835
1255873
1256816
1257449
1258120
1258234
1258746
1259643
1259800
1260583
1261027
1261819
1262915
1263306
1265899
1266060
1266460
1266805
1267866
1269026
1269470
1269892
1270091
1272839
1273427
1275071
1275093
1275235
1275768
1276655
1277374
1277487
1278427
1281333
1282191
1284427
1284584
1286513
1286885
1288699
1288706
1289282
1290211
1290270
1290499
1291378
1291907
1295085
1295761
1295844
1296499
1296567
1297736
1298061
1298144
1298588
1299178
1300004
1300048
1302692
1303243
1304792
1305657
1306397
1306663
1306908
1308472
1310604
1312550
1312808
1312957
1313336
1314441
1316149
1316710
1317695
1317931
1318084
1318259
1318494
1319989
1320068
1320578
1321466
1321655
1322155
1322399
1323685
1324127
1324715
1325496
1326260
1327294
1328367
1328588
1328919
1329271
1330156
1331803
1332161
1333520
1335432
1335455
1335614
1337762
1338232
1338424
1338607
1338886
1341377
1341399
1341720
1343338
1343835
1345582
1345843
1346286
1348586
1349351
1349866
1351067
1351607
1353033
1353773
1354141
1354192
1356387
1358018
1358738
1359338
1360245
1360428
1361093
1361414
1361721
1362243
1362779
1363313
1363538
1365790
1365947
1367079
1368248
1369189
1369746
1372623
1373304
1374113
1374686
1375065
1375828
1376044
1377714
1378055
1378190
1381405
1382132
1382610
1382720
1383050
1383967
1386710
1388515
1388752
1389035
1390828
1391178
1391973
1392114
1392181
1393829
1395741
1396451
1397407
1398391
1399501
1399913
1400222
1400406
1402308
1402578
1404210
1405008
1405848
1406777
1408108
1409355
1411893
1412066
1412467
1412956
1414337
1414981
1415306
1415347
1415704
1416649
1419343
1419801
1419916
1420861
1422587
1423353
1424318
1424591
1425130
1425252
1425405
1425878
1425998
1427460
1427474
1427672
1428089
1428380
1428829
1428939
1430852
1432244
1434252
1435297
1437100
1437933
1438334
1438379
1438652
1439261
1439419
1440755
1440845
1441445
1442598
1443735
1444611
1445334
1445382
1447671
1448078
1449358
1449526
1450287
1450864
1457038
1457701
1457777
1458652
1459096
1459170
1459294
1459523
1459569
1460126
1460876
1460971
1461177
1461964
1462202
1463383
1464667
1464815
1465072
1465114
1465349
1466067
1466386
1466408
1468295
1468331
1469585
1471337
1471788
1472155
1472211
1472634
1473244
1473401
1475352
1476014
1476026
1476716
1477069
1477769
1478026
1478397
1479739
1480154
1481012
1481021
1481166
1481650
1481982
1482143
1483756
1484799
1485355
1485586
1486312
1487816
1489080
1489481
1489567
1490206
1491181
1493185
1493517
1494521
1496021
1496102
1497119
1498365
1499958
1500675
1501500
1502188
1503795
1504298
1504365
1504984
1505306
1505766
1508756
1508907
1509265
1509490
1509772
1510492
1511035
1512794
1513668
1517382
1517667
1518057
1520915
1522085
1522762
1523340
1524939
1525502
1525643
1525868
1527634
1527854
1529310
1530766
1530849
1531161
1531541
1531594
1532648
1532980
1533310
1534595
1534735
1534877
1535612
1539398
1540393
1542187
1542343
1543433
1543453
1544464
1545747
1546255
1546457
1546538
1546917
1547325
1547520
1549051
1550178
1550320
1554249
1555608
1555791
1556074
1556509
1558678
1559103
1560604
1560777
1560871
1561135
1561301
1561787
1562540
1563820
1564485
1565816
1566253
1567119
1567269
1567294
1568366
1568426
1569206
1569691
1570181
1570724
1571958
1572433
1572969
1574369
1575379
1575646
1576531
1577074
1580679
1581955
1582148
1582292
1582593
1582677
1584463
1585662
1586397
1586856
1587056
1587455
1589588
1590249
1590601
1591014
1591225
1591448
1591651
1592267
1592315
1593095
1593811
1594512
1594575
1594635
1594868
1595797
1597969
1599677
1601815
1601981
1603169
1604141
1607407
1608077
1609071
1609458
1609954
1611068
1611651
1612386
1612419
1612640
1613120
1614004
1614189
1614261
1615766
1617998
1619203
1620799
1622441
1624240
1624707
1625680
1626259
1626707
1627305
1627461
1628527
1628778
1628959
1629578
1630060
1631257
1633074
1636137
1636455
1637069
1638586
1642721
1643042
1643202
1644691
1644718
1644725
1649201
1651210
1651691
1652126
1652281
1652295
1652893
1653455
1653572
1654127
1655032
1656771
1657109
1657200
1657622
1658758
1659590
1659825
1660107
1664120
1664438
1665028
1666074
1666458
1666636
1668612
1668807
1668833
1669488
1669925
1670071
1670984
1671270
1671512
1672302
1673330
1675038
1675371
1675881
1676262
1676996
1677004
1677329
1677573
1677750
1678232
1678581
1679054
1679352
1679537
1679562
1679649
1680021
1680446
1681351
1681443
1682203
1684355
1685120
846968
847849
848715
849388
849539
849585
851317
851840
851932
853155
856339
856815
858257
860182
861819
861840
862243
863019
864301
864407
864534
864802
866894
867343
867760
868155
868386
868914
869088
869711
869993
872142
872279
873380
874947
874981
875010
875547
876144
876169
876368
876818
877350
878261
878367
879079
879087
879638
879732
880971
881474
883442
885011
886625
887797
888627
889239
890279
890678
890771
891204
891743
892392
893181
893500
895866
896041
896773
899216
899614
900032
900356
901068
901285
901446
901731
902143
903061
903935
905037
906153
906194
907717
910406
910471
910516
910985
910991
911290
911550
912804
913129
913575
913587
913965
914074
914796
914870
914995
915146
916388
916425
916744
916919
919759
919968
920442
921285
921950
925328
925650
926531
928321
929033
930984
931773
932485
934288
936085
936904
937163
937296
938398
938498
939202
939630
942057
942579
943272
944069
944135
944861
944866
946025
947061
947606
947957
949052
949266
954308
955687
955964
956757
957021
957941
958286
960249
960285
960446
961080
961376
961423
962226
964435
965068
965357
966118
967125
967137
969082
969430
972135
972219
973131
973142
973676
974211
974260
975029
975400
975532
975988
976323
976666
979407
982270
984196
984346
986424
986437
987020
987189
987285
990013
991441
992128
993063
993291
993715
993766
993767
994190
994391
994493
995473
995551
996443
997785
998237
1000771
1001140
1001615
1002538
1002553
1003438
1003530
1003535
1004262
1004283
1004963
1006527
1007067
1007123
1008207
1008895
1008916
1011709
1011869
1011911
1011918
1012911
1014590
1014626
1014940
1016074
1016255
1016353
1020120
1021598
1021645
1021927
1022075
1022232
1023533
1023690
1024354
1025569
1025651
1025723
1027183
1030891
1031234
1031853
1032427
1032651
1034169
1034422
1035643
1036073
1036452
1036858
1037050
1037157
1037381
1037960
1039600
1039679
1039952
1042156
1042764
1042843
1043205
1044517
1044816
1045616
1045694
1047891
1048218
1048324
1051375
1052339
1053758
1053806
1054707
1056512
1056718
1058238
1058814
1058820
1060279
1060359
1060482
1061433
1063296
1063961
1064152
1064339
1064611
1066200
1067620
1067802
1068203
1068343
1069647
1070036
1070826
1071664
1073086
1073165
1074213
1074230
1075509
1076898
1077573
1077933
1078314
1078635
1079936
1080539
1081496
1081696
1082513
1082586
1082921
1083065
1083270
1084392
1084928
1085003
1088263
1088474
1088714
1089067
1089717
1089953
1092252
1093202
1093481
1097071
1099411
1100110
1100897
1101862
1102022
1103078
1105390
1107921
1108076
1109085
1109785
1109913
1110833
1111012
1111457
1112599
1112968
1113528
1114254
1115078
1115572
1115836
1116887
1117631
1117952
1119601
1119647
1121285
1122865
1123140
1125047
1125273
1125334
1687194
1689735
1690495
1690693
1691049
1691158
1691780
1692445
1692755
1693175
1693955
1694369
1696404
1696670
1697066
1697356
1697484
1697511
1701681
1704550
1706235
1706426
1707943
1708497
1709024
1710020
1710483
1711070
1711154
1712886
1712931
1713055
1713315
1713659
1715126
1715355
1717557
1717635
1718451
1718817
1719216
1719468
1719495
1720162
1720799
1721778
1723138
1724412
1725239
1726157
1726666
1726851
1727438
1728566
1729682
1730308
1731014
1732268
1732554
1733390
1733477
1733876
1736519
1738873
1739166
1739860
1740083
1741447
1742031
1742585
1747641
1747812
1749193
1749696
1750616
1751354
1751700
1752928
1752942
1754217
1755294
1756042
1756300
1756703
1756842
1757287
1758222
1760773
1761735
1761796
1763074
1763432
1763837
1764661
1766582
1769241
1769686
1770154
1771550
1772304
1772507
1773031
1774699
1775541
1776650
1778711
1779050
1779146
1779515
1781048
1781586
1782206
1782483
1782924
1782961
1782966
1785403
1785761
1785803
1785881
1786715
1787027
1787559
1787589
1790011
1790083
1791528
1791686
1794334
1795660
1796367
1799420
1799436
1800009
1800584
1801680
1802340
1804163
1805918
1806520
1806839
1808170
1808494
1808862
1810473
1811230
1811700
1812020
1812331
1812485
1812932
1814518
1815014
1816160
1818591
1819498
1820999
1821092
1821717
1821963
1822005
1824275
1824519
1825231
1825996
1828223
1828255
1830334
1830917
1831008
1833015
1834286
1834464
1836673
1838555
1838823
1839153
1839521
1840493
1841470
1841557
1843285
1844596
1845981
1847400
1848026
1848095
1848578
1848886
1848977
1849598
1849885
1850208
1850536
1851194
1851315
1851657
1851799
1852935
1853985
1854718
1857876
1858311
1858977
1859123
1859482
1859946
1861626
1861670
1863545
1863730
1865104
1865657
1870375
1870472
1872218
1872484
1873020
1873236
1875258
1875817
1876012
1876205
1876334
1877134
1877252
1877435
1877989
1878227
1879887
1880067
1880505
1881117
1881453
1882615
1883340
1883721
1885033
1885174
1885307
1886005
1886176
1886723
1886847
1887914
1889117
1889365
1890063
1890102
1890335
1890404
1894004
1895314
1896076
1897322
1898660
1899865
1902060
1902330
1903420
1904715
1905271
1906967
1907450
1907529
1909338
1909909
1910263
1910717
1911148
1911518
1911574
1911996
1912995
1913473
1913480
1913967
1915139
1915249
1917713
1917766
1918208
1919679
1920496
1921173
1922385
1923310
1923513
1924523
1926110
1926481
1926877
1926925
1927872
1928089
1930010
1930100
1930350
1930676
1931488
1932252
1932515
1932577
1933152
1934900
1935841
1936790
1937997
1938184
1938543
1938644
1939195
1940497
1941334
1941829
1941859
1943545
1943563
1943603
1943864
1944751
1945578
1945634
1946671
1947782
1947786
1949084
1949961
1951694
1953386
1953437
1955422
1957072
1960346
1960614
1962018
1962023
1962429
1963324
1963889
1963893
1964601
1964764
1965047
1965657
1966461
1968590
1968615
1969646
1972040
1973187
1973871
1975301
1976287
1976602
1978671
1979003
1979700
1980222
1980399
1980401
1981763
1981815
1982683
1983394
1983535
1984587
1986203
1986947
1988239
1988653
1989275
1990010
1990482
1990641
1991122
1992367
1992722
1994284
1994739
1994787
1994958
1996528
1996657
1997117
1997486
1998279
2000636
2000802
2000867
2001503
2002014
2002742
2004334
2004402
2004745
2004752
2004882
2005056
2005271
2007560
2007757
2007835
2007838
2008637
2008776
2010377
2010673
2010995
2011569
2011886
2012562
2012828
2013038
2013464
2013690
2013957
2014863
2015025
2015750
2015764
2016918
2017746
2018052
2019007
2019421
2019620
2022979
2023550
2025277
2025361
2025799
2026675
2028136
2028660
2030989
2034290
2034292
2034854
2034986
2036227
2036936
2037407
2037673
2038761
2039918
2040316
2040918
2041686
2042238
2045037
2045363
2046336
2047709
2048720
2048738
2050482
2051922
2052557
2054023
2056077
2056269
2056577
2056795
2058580
2058587
2058792
2060279
2061095
2061266
2061369
2061647
2061760
2062582
2062660
2062841
2064096
2065020
2065570
2065659
2066690
2067631
2068093
2068881
2069295
2069296
2069598
2069606
2070134
2070483
2071023
2071241
2072013
2072356
2072777
2072996
2074787
2075002
2075717
2077678
2078698
2080109
2081049
2081297
2081567
2082976
2083310
2083699
2083972
2085004
2085020
2085313
2086439
2086738
2087640
2087680
2087979
2088700
2089182
2091878
2092131
2094974
2095077
2095319
2095386
2095659
2096185
2096371
2096742
2098260
2099667
2099877
2100970
2102114
2102759
2104259
2104352
2104614
2104676
2105564
2105699
2106113
2106152
2106222
2106966
2108174
2109146
2109293
2109584
2112645
2113876
2114387
2114941
2115304
2115411
2115710
2116324
2116630
2116664
2117203
2117246
2117773
2118027
2118284
2118461
2119435
2119964
2120322
2120419
2120751
2121303
2121992
2122167
2123229
2124878
2125567
2125990
2126043
2126115
2126377
2126491
2127449
2128099
2128894
2130524
2130739
2132321
2133538
2133556
2133721
2134063
2135900
2135962
2137851
2139058
2139416
2143305
2143707
2144305
2144956
2145968
2146098
2146267
2147124
2147273
2147399
2148896
2148999
2151540
2151680
2151704
2152502
2153179
2154405
2154627
2154635
2154993
2155203
2155493
2156683
2157405
2160198
2160734
2162507
2163000
2163196
2164301
2165041
2165450
2165474
2165582
2165771
2166475
2166644
2166883
2168890
2169089
2170251
2173618
2174183
2176202
2178226
2178256
2178433
2178878
2179299
2181055
2182268
2184038
2184115
2184171
2185834
2188457
2189347
2189661
2190191
2190206
2190249
2190673
2190843
2191353
2192067
2194056
2194663
2195105
2195308
2195900
2199017
2199462
2199660
2199920
2203263
2204300
2206166
2206438
2207316
2211395
2211909
2212016
2212576
2212647
2213020
2213350
2213387
2215023
2215304
2215920
2215922
2216735
2218113
2218357
2219442
2220560
2221252
2221330
2221880
2222126
2223861
2224325
2225296
2225814
2227036
2227370
2227508
2228487
2230302
2230454
2230894
2231381
2231564
2231788
2232220
2232860
2237602
2240271
2240332
2241785
2242141
2242425
2243142
2244073
2245175
2246419
2247407
2248116
2248865
2249324
2249333
2249506
2250159
2250232
2250575
2253609
2253800
2255852
2256271
2256418
2256575
2256710
2258122
2259529
2259702
2260062
2260484
2260564
2260696
2264552
2266428
2267083
2268201
2268616
2270486
2271706
2273791
2274034
2274214
2275315
2275448
2275922
2277585
2277855
2280092
2281129
2281271
2282169
2283107
2283280
2283300
2283739
2283767
2283817
2284335
2284705
2284981
2285058
2285566
2285666
2285806
2285950
2286163
2287493
2288166
2288950
2291150
2291361
2292334
2292548
2293425
2294942
2296943
2297339
2298926
2299521
2299582
2301538
2301851
2302776
2304081
2304615
2305941
2306358
2306464
2306565
2306902
2307161
2307815
2308249
2310547
2311159
2311993
2312270
2312981
2314587
2314845
2315580
2315651
2317122
2320081
2321371
2322130
2322655
2323388
2324460
2325390
2326156
2326371
2327423
2327812
2328823
2330889
2331755
2332521
2332570
2332728
2335714
2335766
2336633
2337351
2337460
2338142
2338530
2338749
2339937
2340188
2340626
2341140
2341912
2342622
2342792
2343388
2343883
2343897
2346148
2346266
2346543
2347241
2348045
2348240
2348590
2348608
2349279
2351049
2352214
2352541
2352601
2353251
2354006
2354211
2355014
2356853
2359247
2359417
2359534
2360300
2360401
2360514
2360730
2361278
2361889
2362026
2363106
2364191
2364331
2365120
2366519
2366620
2366806
2367797
2368680
2369174
2369404
2370043
2371989
2372555
2372934
2374043
2374420
2377748
2379176
2379798
2379994
2380533
2381145
2381892
2385968
2386066
2387680
2387943
2388817
2389289
2389893
2390436
2390662
2391852
2392852
2393220
2393401
2393855
2394560
2395600
2396612
2396829
2398096
2398628
2398859
2401540
2402200
2402579
2404886
2406147
2406720
2407299
2408139
2408310
2408862
2410650
2410820
2412041
2412107
2412405
2412622
2412833
2412919
2413309
2413430
2414414
2415566
2416601
2416975
2417935
2417963
2418121
2420811
2421392
2421567
2422350
2422479
2422826
2423391
2423856
2425148
2425515
2426948
2427790
2428318
2428544
2429103
2429331
2431071
2431871
2432978
2433819
2434988
2435387
2436065
2436378
2436525
2437697
2438049
2438391
2440143
2440198
2440586
2441285
2441323
2442821
2443138
2444910
2447069
2448361
2450694
2451038
2451690
2452584
2458879
2459514
2460327
2462137
2463797
2466469
2467155
2467542
2468233
2469999
2470521
2471997
2472920
2473473
2474024
2474252
2474453
2475803
2476038
2476223
2476759
2477148
2477316
2478036
2482701
2482872
2483254
2484912
2484915
2484968
2485638
2485914
2487597
2489216
2490460
2492920
2493339
2493370
2493885
2493895
2494583
2495129
2495144
2495411
2495474
2496311
2496497
2498837
2499045
2499066
2499799
2500128
2501908
2503687
2504119
2506083
2506278
2506448
2507322
2508228
2508792
2509383
2509488
2509545
2509698
2511022
2511040
2511777
2512120
2513216
2518169
2518473
2519192
2519295
2519496
2519575
2519650
2520719
2521317
2522249
2522729
2522848
2523236
2524816
2524921
2525657
2527794
2528123
2528294
2528527
2529789
2530007
2530039
2530390
2530403
2530520
2532364
2534201
2534233
2535577
2536394
2536629
2537654
2537658
2537903
2538274
2538680
2539238
2539846
2540364
2540494
2542146
2542188
2542463
2545152
2545273
2546205
2546913
2547845
2550260
2551196
2552762
2553133
2553372
2554192
2556551
2557106
2557426
2558392
2558865
2560151
2561450
2563857
2563955
2565705
2565730
2566370
2567732
2568803
2569055
2569888
2571000
2572277
2572544
2572915
2572931
2573867
2575486
2576361
2578948
2579145
2579300
2579321
2579902
2579920
2580053
2580810
2582414
2582690
2583430
2584016
2584536
2585584
2585935
2586795
2587845
2588446
2590394
2590516
2590729
2591423
2591835
2592587
2593909
2595520
2595660
2597862
2597868
2598003
2598086
2598839
2600005
2600312
2600538
2600662
2601131
2601520
2602092
2603451
2603793
2603817
2606324
2606490
2606592
2607053
2607349
2608290
2608487
2608844
2608917
2609083
2609896
2610437
2610606
2611730
2612225
2613074
2613391
2613726
2613939
2614662
2614805
2616222
2616279
2616804
2618026
2618690
2619159
2619233
2619249
2622661
2622730
2623917
2624307
2624361
2627305
2627364
2628663
2630904
2636203
2636978
2638490
2638890
2639205
2639783
2639867
2639941
2640259
2640555
2641289
2642193
2642891
2643103
2644150
2644785
2645240
2645867
2647291
2647894
2647941
2648518
2648911
2649175
2649498
2649947
2653717
2653892
2656024
2656363
2656458
2656996
2658631
2661513
2661547
2661834
2662408
2662430
2662491
2663280
2663897
2665116
2665125
2665493
2666037
2666650
2667356
2667710
2668192
2669534
2669943
2670590
2670642
2670890
2671785
2672081
2672827
2674400
2674865
2675611
2676807
2676931
2677926
2679914
2680701
2680798
2681757
2682243
2683788
2684034
2684058
2685085
2686636
2686667
2687269
2687548
2687670
2688905
2690797
2691214
2692294
2692450
2692589
2692804
2694215
2694216
2695196
2696349
2697272
2697664
2698519
2698710
2699261
2699379
2700263
2700707
2701410
2701771
2702150
2702231
2702429
2702732
2703071
2703354
2704047
2704194
2706241
2707640
2708066
2709836
2710379
2710592
2711338
2711491
2711754
2712815
2712974
2713942
2714523
2715131
2715688
2716447
2719244
2720572
2721527
2721564
2722991
2723066
2723554
2724238
2724660
2724909
2725119
2726451
2727382
2730451
2731339
2731568
2734963
2736387
2737472
2737499
2737615
2737765
2738141
2738365
2739488
2739598
2740504
2740580
2741414
2741885
2742382
2742407
2742670
2742688
2744779
2746390
2746591
2748428
2748991
2749106
2749436
2752002
2752475
2753904
2754964
2755080
2756346
2757414
2757782
2757970
2758744
2759335
2759579
2760701
2760884
2761370
2762914
2764626
2764926
2764959
2765209
2765303
2766102
2766759
2767847
2769047
2769173
2769840
2770376
2771949
2772580
2772937
2772996
2773342
2773508
2773721
2774962
2775616
2776787
2777200
2777315
2777674
2777956
2778773
2778875
2779436
2779861
2780384
2782211
2783874
2784687
2784918
2786164
2786898
2788283
2788398
2788518
2791022
2791442
2792115
2792220
2793119
2794480
2794489
2794579
2795519
2797045
2797198
2797674
2797950
2797969
2798421
2799234
2799691
2800792
2801093
2801651
2802418
2802821
2803083
2803942
2803976
2804013
2804707
2805525
2806621
2806758
2806861
2808893
2811388
2811512
2811913
2812847
2812926
2813502
2815247
2815962
2816023
2816233
2817079
2817659
2817840
2817888
2817949
2818022
2818874
2819134
2819701
2819709
2821336
2824881
2825633
2828904
2829233
2829600
2831606
2832721
2833048
2833509
2834918
2837660
2841478
2841578
2841782
2842471
2842980
2843094
2843219
2843596
2844260
2844832
2845573
2845729
2846110
2846831
2848173
2848410
2849226
2851218
2851374
2851824
2852539
2852783
2853060
2853090
2853161
2855113
2855581
2856192
2856548
2857003
2857924
2858005
2859318
2859540
2859721
2860606
2861567
2861788
2862553
2862854
2863509
2864062
2866720
2866755
2867175
2869050
2869873
2870088
2871030
2872110
2872126
2872677
2873507
2873886
2873942
2873950
2875506
2876199
2876315
2876320
2876680
2878300
2879055
2879181
2880143
2880150
2882408
2882419
2883983
2884207
2885005
2885196
2885460
2887134
2887284
2888053
2888910
2891310
2893666
2894170
2894496
2894963
2895388
2895439
2896905
2897000
2897470
2898352
2898471
2898682
2898911
2899057
2899933
2900877
2901085
2901132
2901920
2902090
2902476
2902558
2902564
2902712
2902969
2903307
2903328
2903707
2904568
2905243
2905307
2905327
2906403
2907146
2907810
2907967
2908346
2908989
2909526
2910484
2911003
2911206
2912602
2913848
2913928
2916604
2916973
2917360
2918233
2918802
2919953
2920302
2920439
2920804
2920992
2921234
2921513
2923799
2924296
2924740
2925090
2925394
2925831
2926135
2926922
2927734
2927948
2928347
2928627
2928671
2928685
2929484
2930029
2931340
2931497
2931834
2932359
2934417
2935166
2935788
2936185
2937348
2937567
2938313
2939778
2942790
2943493
2944645
2947039
2948951
2949185
2949275
2952646
2953702
2954309
2954886
2955047
2955803
2955811
2956424
2956492
2956717
2957499
2959698
2960379
2961006
2961345
2963948
2964149
2967720
2968533
2969253
2971212
2972355
2973614
2974309
2974515
2975000
2975213
2975726
2976611
2977219
2977334
2977417
2977556
2979218
2981808
2982145
2983101
2983802
2984023
2986162
2986910
2986940
2987235
2987270
2987858
2988200
2990098
2990439
2990834
2990950
2991788
2991893
2992079
2993457
2993997
2994000
2994292
2994411
2994517
2994783
2995132
2998526
2998581
2999359
3000095
3000231
3000552
3001053
3001766
3001812
3002660
3003560
3004441
3005958
3006182
3006670
3007355
3007579
3007666
3008137
3009676
3010501
3011363
3011475
3012340
3012806
3012867
3013950
3014334
3015424
3015649
3015744
3015975
3016889
3017088
3018913
3019255
3021031
3023666
3024136
3025232
3025287
3025336
3026081
3026496
3026900
3027273
3029768
3030005
3030085
3030149
3030454
3032397
3032690
3033028
3033046
3034763
3035284
3036986
3037046
3038099
3038327
3038844
3039119
3039344
3039402
3039415
3041945
3042878
3043243
3043340
3045097
3045585
3046739
3046803
3047021
3047155
3048274
3048803
3049407
3050078
3050185
3051061
3051552
3052046
3052368
3052472
3052801
3053591
3053800
3053880
3054953
3056350
3056627
3056878
3058452
3058900
3059081
3059931
3059950
3060404
3060503
3060595
3061106
3061392
3062621
3063340
3063902
3063983
3064571
3066285
3066914
3067771
3068202
3070379
3070847
3071482
3071679
3072574
3072991
3073482
3074315
3075018
3076516
3076573
3076701
3077470
3078080
3078749
3078901
3079310
3079414
3080221
3081109
3081826
3082100
3082254
3082851
3083674
3084017
3086243
3086695
3086871
3087132
3088119
3088203
3089304
3089377
3090402
3091031
3092963
3094977
3095001
3095923
3095948
3096220
3096350
3098361
3099329
3099497
3099836
3100050
3101054
3101938
3102285
3102916
3102926
3104250
3104352
3104362
3104436
3104924
3105028
3107120
3108931
3109047
3109492
3109702
3110947
3111189
3111343
3111504
3113362
3115409
3115549
3117024
3117521
3117743
3118090
3118467
3119058
3121234
3121555
3123590
3124307
3124322
3125496
3126197
3126710
3127021
3127127
3127213
3127483
3127844
3129176
3129208
3129303
3130381
3131955
3132166
3132212
3132231
3132600
3133464
3133597
3135038
3135620
3136336
3137806
3137821
3138071
3138153
3139057
3139058
3140084
3140316
3140333
3140348
3141280
3141991
3145221
3145267
3145717
3146565
3146655
3147168
3147683
3147685
3147702
3149377
3150162
3150696
3150865
3151092
3152014
3152893
3153298
3153497
3154382
3155546
3156279
3156971
3157220
3157939
3158655
3158704
3159826
3160153
3160980
3161491
3162846
3162883
3165459
3166606
3167642
3171367
3172130
3172701
3173352
3173360
3174896
3177473
3177626
3178154
3178657
3178792
3179226
3179350
3180494
3180604
3181440
3181903
3182068
3183430
3183547
3184235
3185000
3185470
3187005
3187742
3187887
3188559
3190469
3191138
3191837
3192504
3192645
3193766
3194946
3195111
3195444
3196095
3196259
3198438
3200293
3200377
3200480
3202443
3202784
3202995
3203039
3204326
3204328
3205274
3206105
3206260
3207794
3208024
3208250
3208611
3208704
3208733
3208959
3209874
3210938
3211090
3211443
3211571
3212103
3213265
3213895
3214177
3214803
3217642
3218919
3219017
3219624
3219802
3220593
3220986
3221807
3223224
3223612
3223708
3223837
3225467
3225534
3228053
3229273
3229682
3230551
3231940
3232339
3232579
3235406
3235967
3237758
3237843
3239048
3240330
3241455
3241474
3243034
3243169
3244495
3244973
3246778
3247181
3247722
3248939
3249108
3250134
3251416
3251469
3251872
3253640
3254536
3256857
3257074
3257244
3257301
3258502
3259945
3260165
3260684
3261729
3261802
3262733
3262916
3263249
3263465
3267189
3267306
3268354
3268983
3269490
3269655
3271437
3271757
3272610
3272875
3272894
3273017
3273946
3274178
3274510
3274995
3275493
3277126
3278125
3278579
3279732
3280806
3280949
3281679
3282376
3284084
3284371
3284742
3285712
3286332
3288655
3288676
3291683
3295655
3295978
3296319
3297925
3298047
3300261
3301253
3301318
3301547
3301573
3301795
3302059
3302384
3302785
3302878
3303591
3306102
3306505
3306906
3308578
3308896
3309719
3310518
3310870
3311281
3313318
3313614
3313732
3314846
3315057
3315184
3315324
3315342
3317912
3318581
3318982
3319873
3320965
3322180
3323170
3325429
3325621
3325923
3327957
3329914
3330381
3330600
3331181
3331330
3331547
3331624
3333462
3335093
3335158
3337348
3340801
3340967
3342121
3343029
3343245
3344380
3346510
3346919
3347026
3347744
3348391
3349718
3350672
3351361
3354477
3355378
3355623
3356844
3357396
3357509
3358016
3358343
3358876
3359383
3359959
3361200
3361849
3362917
3364125
3364223
3365613
3365783
3366039
3366520
3366561
3367255
3368772
3369281
3369589
3373427
3373758
3374168
3376631
3377364
3377388
3378245
3378826
3379024
3379040
3379189
3379642
3380029
3380546
3382234
3383482
3383584
3384567
3385038
3386414
3387133
3387257
3387345
3389104
3389524
3390557
3391943
3392631
3393074
3393125
3393556
3397143
3397323
3398184
3398851
3399955
3400736
3403140
3403532
3404988
3405182
3406432
3406642
3407508
3407529
3407847
3409414
3409431
3409479
3410106
3411118
3411338
3411418
3412697
3412824
3413053
3413833
3414017
3417411
3417563
3418919
3419334
3419607
3419789
3420216
3420451
3420803
3421163
3421419
3422096
3422327
3423146
3423594
3423928
3424636
3424857
3425187
3426820
3428349
3429793
3430093
3430300
3430453
3430918
3431260
3434250
3436164
3440216
3440240
3441801
3441981
3443459
3445720
3446395
3447071
3447192
3448696
3448709
3449291
3450754
3450878
3451692
3452707
3453026
3453817
3453940
3456164
3456312
3456775
3456870
3457887
3459193
3459232
3460100
3460680
3460948
3461903
3462531
3462956
3463563
3463573
3464453
3464898
3465790
3466672
3467467
3467670
3468205
3470010
3472125
3474608
3475115
3475146
3476460
3476830
3477165
3477695
3477983
3478388
3478630
3479193
3480790
3482327
3482928
3483949
3484496
3484552
3485501
3486777
3487365
3488347
3489420
3490863
3491028
3492326
3492534
3493612
3494218
3494257
3494395
3496743
3496982
3497421
3497797
3498821
3499199
3499288
3499342
3500570
3501251
3504206
3504522
3505962
3507982
3510847
3511310
3511703
3511907
3512163
3513018
3513371
3514340
3515046
3516473
3516827
3517175
3517621
3518246
3518464
3518578
3518631
3518858
3519054
3519387
3520252
3520646
3520773
3521026
3522455
3523945
3524081
3524207
3525841
3525853
3525993
3526224
3526765
3527817
3529952
3530150
3531235
3532609
3533275
3534157
3534294
3535104
3535762
3535878
3536528
3537029
3537775
3538786
3539573
3540749
3540750
3542193
3543804
3544598
3544805
3546763
3548802
3550011
3550105
3550968
3551744
3552578
3553276
3553429
3553533
3553575
3554893
3555557
3555725
3556427
3558442
3559163
3560229
3560885
3561514
3561917
3562070
3562223
3562803
3563325
3565074
3565491
3565849
3566254
3567431
3567695
3567923
3570674
3571624
3572398
3572412
3572696
3573787
3574107
3574632
3574642
3574788
3574871
3576879
3577009
3577360
3577959
3578535
3578649
3578803
3579315
3579602
3580377
3581173
3583397
3584406
3584504
3585490
3585635
3586083
3586088
3586738
3586971
3587112
3589289
3589757
3589773
3590404
3591813
3591925
3592660
3592824
3593676
3593839
3594441
3597190
3598891
3599062
3599808
3600889
3602212
3605741
3606622
3607180
3608130
3608421
3608711
3609385
3610199
3610803
3611229
3611349
3613347
3616051
3616924
3617241
3617334
3618235
3618371
3618375
3618838
3618959
3619191
3620556
3620778
3621334
3621678
3622269
3622465
3622670
3624087
3624301
3626403
3626595
3626625
3627686
3628267
3629636
3630624
3630986
3633387
3633956
3634031
3634149
3634773
3635267
3635934
3636030
3636231
3636322
3636556
3636850
3637239
3637382
3638454
3638795
3639283
3640463
3642303
3642417
3642850
3643018
3643331
3645017
3645287
3647978
3648302
3650469
3650693
3651118
3651303
3651823
3652374
3653316
3653665
3654297
3654407
3654691
3655471
3658124
3658662
3658878
3658883
3659549
3661587
3661667
3662661
3662775
3663716
3665073
3667278
3668964
3670187
3670882
3671771
3671974
3672126
3672617
3673512
3673582
3674370
3674588
3675951
3676666
3677497
3678470
3679280
3679955
3680278
3680301
3680309
3680858
3681140
3681246
3681270
3681292
3681624
3682188
3683066
3683369
3683634
3683949
3684043
3684514
3684845
3684966
3684969
3685481
3685704
3686631
3687043
3687582
3688970
3689631
3690130
3690688
3691307
3691434
3692420
3692592
3692697
3693206
3693446
3696158
3696467
3696933
3697470
3698556
3698690
3698691
3699403
3700221
3700911
3703239
3703398
3705322
3707140
3709049
3709713
3710010
3712185
3713029
3713572
3714578
3715132
3715933
3716448
3718136
3718935
3719318
3721363
3721922
3727108
3727345
3729146
3730508
3731142
3731176
3731202
3732540
3733342
3733349
3733775
3733860
3734183
3735043
3735653
3735681
3736662
3736680
3742781
3743477
3744131
3744360
3744416
3744733
3745489
3746403
3748198
3748310
3748541
3749196
3749237
3750414
3750515
3751145
3752720
3753209
3754290
3754304
3754785
3755739
3755976
3756130
3756656
3756873
3757144
3758079
3758416
3759300
3760169
3761554
3762034
3762611
3764108
3764216
3764919
3766823
3767535
3768930
3771106
3771944
3771987
3777594
3778154
3778236
3782106
3782278
3782850
3782892
3783766
3784214
3785076
3785900
3786134
3786334
3787734
3788267
3788963
3789478
3789597
3789818
3790843
3790911
3791224
3792946
3793003
3793811
3793865
3795550
3795895
3796051
3796595
3797572
3800736
3801233
3801282
3801775
3802873
3804270
3805544
3805959
3806328
3806777
3807255
3807348
3807495
3808362
3808478
3808774
3809212
3810174
3810588
3810707
3810804
3812078
3812618
3812711
3812937
3815487
3817870
3818270
3818381
3819123
3821962
3822782
3822875
3822946
3824444
3825405
3826336
3827586
3827692
3827718
3827996
3828436
3828829
3829265
3829627
3829925
3831656
3831829
3832443
3833590
3833808
3833826
3835177
3835739
3837662
3838530
3838745
3838967
3839428
3842355
3843515
3843725
3843794
3843808
3844400
3844510
3844711
3845072
3845689
3846668
3847207
3847355
3849304
3850127
3851274
3852215
3854655
3855194
3855752
3856835
3857409
3857547
3858061
3859208
3862142
3862922
3864107
3864908
3865366
3865372
3865639
3866795
3868053
3868412
3868706
3868932
3869695
3869783
3870099
3870719
3870773
3871172
3872135
3872936
3874446
3874842
3876999
3877234
3878010
3879053
3879114
3879280
3879470
3879689
3880257
3880919
3881240
3881425
3881992
3882255
3883191
3883591
3885029
3886144
3886785
3887879
3888773
3889972
3891122
3891732
3893213
3893446
3894623
3894926
3896131
3896663
3897159
3897400
3897612
3898146
3898758
3899117
3899157
3899227
3899305
3899327
3899369
3900801
3902117
3902329
3903658
3904335
3904702
3905632
3906076
3906802
3909162
3910002
3910218
3911375
3912078
3913955
3914359
3914683
3915033
3916070
3917565
3917822
3917891
3918084
3918680
3919014
3921171
3921594
3921853
3922411
3923278
3925681
3927028
3927178
3927338
3927589
3927743
3928279
3929215
3929850
3930260
3931164
3931696
3932110
3932476
3933252
3933656
3934230
3934330
3934675
3934894
3935069
3935289
3935568
3936711
3937078
3937275
3938191
3938311
3938489
3939247
3941360
3942549
3943243
3943630
3944743
3945074
3945150
3946438
3946618
3947068
3947165
3947462
3948510
3949285
3949989
3950041
3951040
3952161
3953307
3953413
3954078
3954986
3955230
3955693
3955793
3957560
3958325
3958942
3959339
3959892
3960286
3961535
3962249
3963517
3963665
3964257
3969077
3969685
3970132
3970191
3971783
3972040
3972461
3973993
3974037
3974129
3974587
3975672
3975674
3977390
3977755
3978897
3978916
3979650
3980152
3980262
3981209
3981320
3981393
3982802
3983334
3984582
3984894
3985551
3986317
3986482
3987372
3987514
3989583
3990020
3990196
3990216
3991180
3991688
3991821
3992559
3992745
3993824
3994335
3995372
3995482
3995702
3996765
3997006
3998256
3998446
3999909
4000795
4001300
4002217
4003757
4004241
4005134
4005944
4007885
4009373
4009425
4009448
4010270
4010463
4010525
4011882
4011948
4013040
4013685
4013993
4014076
4015122
4015355
4016750
4018155
4018219
4018354
4019861
4021732
4023410
4025003
4025919
4025938
4027927
4027939
4028057
4029445
4029739
4030492
4030675
4031070
4031842
4033423
4034396
4035433
4038325
4038406
4041085
4042002
4045603
4045888
4048251
4049857
4050972
4051355
4053540
4056185
4056416
4056417
4056540
4057901
4058129
4058329
4059608
4061000
4061849
4062432
4062847
4066141
4068767
4069527
4069980
4070185
4070533
4071064
4071068
4072344
4073467
4073579
4074182
4074688
4074989
4075012
4075286
4075791
4076971
4077898
4078634
4079035
4079150
4079726
4080649
4081219
4083559
4083854
4084020
4085487
4088613
4088860
4088884
4090533
4091915
4092212
4093787
4094795
4096025
4097214
4097695
4098217
4099030
4100432
4101718
4102795
4104254
4104378
4104972
4105102
4106939
4106999
4110535
4110854
4111564
4112216
4113494
4114525
4114795
4116128
4116417
4117911
4118131
4118744
4119084
4120020
4120347
4120480
4120744
4121512
4122183
4122703
4123324
4123712
4124259
4124580
4124693
4124739
4124940
4125043
4126640
4126899
4127015
4127177
4127713
4130416
4130915
4131333
4131477
4131834
4132373
4135867
4135972
4136182
4139253
4139596
4140986
4141217
4142022
4143424
4144599
4144793
4145527
4147566
4147697
4151784
4152082
4152194
4153360
4153451
4153592
4154246
4156064
4158116
4158885
4159370
4160196
4160461
4160964
4161068
4161283
4163256
4163868
4164270
4164788
4165735
4167750
4168443
4168991
4169085
4169570
4170001
4170147
4170546
4171408
4173662
4173765
4174260
4174704
4175290
4176125
4176746
4177180
4177864
4178578
4179318
4179642
4179731
4180262
4180401
4180414
4181037
4181846
4182136
4182694
4182894
4183217
4184059
4184221
4186076
4186488
4186727
4186992
4188277
4188405
4189178
4190690
4191570
4194949
4197297
4197849
4198026
4198463
4199009
4200362
4202063
4202347
4202589
4202662
4203605
4203805
4204955
4205027
4207038
4210557
4211582
4211620
4211702
4212909
4213586
4213905
4214430
4214586
4214985
4215406
4215850
4216483
4216767
4217169
4219389
4219488
4221992
4223341
4223529
4223570
4224070
4224153
4224556
4226139
4227008
4227986
4228393
4228870
4229825
4231661
4234536
4234618
4236167
4237436
4240886
4240895
4242098
4242333
4242638
4246240
4246507
4246519
4247177
4249610
4250360
4251300
4251463
4251822
4252384
4254056
4254758
4254999
4255040
4255559
4256940
4257329
4257484
4257621
4257860
4257874
4258939
4259614
4260192
4261393
4261586
4262127
4262149
4262651
4262827
4264779
4266958
4267106
4267191
4268050
4268236
4268522
4268589
4268678
4269160
4269777
4271869
4272151
4274345
4276046
4277070
4279020
4279173
4279930
4279949
4281263
4282201
4283519
4285605
4285764
4288822
4288869
4290585
4291650
4293915
4293918
4295259
4295465
4295794
4296300
4296803
4297183
4297937
4299345
4299797
4300071
4301769
4304431
4304503
4304645
4308708
4308740
4310526
4310845
4311918
4312881
4317546
4318454
4318653
4319280
4323058
4323391
4324834
4325171
4326159
4326358
4326590
4326664
4327621
4328212
4329233
4330021
4330482
4330682
4331707
4332470
4333414
4336020
4336370
4337657
4337740
4338734
4338766
4340397
4344934
4345461
4345742
4346978
4348517
4348810
4348952
4349010
4349200
4349911
4350083
4350698
4350963
4351367
4351454
4352411
4352451
4354027
4354897
4355367
4355509
4356174
4356223
4358610
4358875
4359018
4359750
4360114
4360270
4360870
4361143
4361207
4361408
4364534
4365395
4365590
4365973
4367170
4367289
4367745
4369849
4373798
4373990
4374984
4379695
4380245
4381045
4381491
4381741
4381998
4382034
4382935
4383636
4384096
4384405
4385123
4389002
4390038
4391422
4391516
4391907
4393857
4394730
4397529
4398049
4398766
4399001
4399422
4402169
4403767
4405539
4405832
4407065
4407826
4409332
4409923
4410892
4411462
4412052
4413763
4413923
4414603
4415680
4416481
4418168
4420047
4422664
4422934
4424005
4424910
4425030
4425807
4425866
4427568
4427738
4427773
4428309
4431122
4431756
4432982
4433028
4433656
4433814
4434330
4436480
4436680
4437982
4438507
4439013
4439155
4439634
4440034
4440912
4441101
4441379
4441801
4442285
4442939
4444112
4444832
4445885
4446172
4446206
4447638
4448041
4449823
4450180
4450566
4450579
4452188
4452765
4452859
4453302
4453474
4453546
4453635
4454648
4454660
4456466
4459165
4459298
4459728
4460239
4461399
4461930
4463803
4463812
4463839
4466991
4467240
4467433
4467773
4468567
4470245
4470569
4470819
4471951
4471957
4472277
4473676
4473854
4474747
4475266
4475392
4476050
4477962
4478516
4479020
4479966
4480746
4481083
4484616
4486055
4487112
4487301
4487305
4487356
4489508
4489520
4489950
4490064
4490762
4491099
4491689
4492124
4492313
4492481
4492948
4492954
4495741
4495850
4496939
4498448
4498533
4498725
4500216
4500915
4501527
4502307
4502414
4503547
4503777
4504571
4504698
4505139
4505262
4507413
4510405
4510662
4510738
4511356
4511980
4512684
4513173
4513447
4513787
4514276
4515754
4517627
4519483
4519590
4520573
4521533
4522675
4523015
4523595
4524147
4524448
4524768
4525753
4528097
4528566
4528616
4530259
4531018
4531175
4531650
4532543
4533124
4533581
4533655
4534279
4535591
4535611
4540449
4540536
4543996
4545147
4545149
4545551
4545565
4546338
4546712
4547135
4547458
4548018
4548175
4554121
4555485
4557031
4557515
4558516
4560705
4562040
4563251
4563517
4563762
4564217
4566518
4572375
4574413
4574953
4575986
4576952
4577102
4577185
4578283
4579213
4579272
4579674
4580527
4584285
4584308
4584352
4584805
4585459
4585781
4588238
4588457
4588458
4588641
4590005
4590252
4590300
4590376
4590706
4591491
4592197
4595211
4597126
4597708
4597940
4598895
4598998
4600605
4600647
4602108
4602135
4602903
4603132
4604226
4605245
4605264
4607522
4608416
4608941
4609086
4610490
4611698
4613200
4615285
4615535
4615565
4616715
4617509
4620034
4620317
4620455
4621277
4621833
4624548
4624872
4625314
4625864
4626791
4627484
4627638
4627753
4627761
4628061
4629205
4629485
4629691
4633010
4633363
4633651
4634264
4634302
4634346
4636243
4637113
4638331
4638724
4641324
4641840
4642708
4642960
4643107
4643536
4643595
4644326
4644821
4645623
4645721
4646027
4646104
4646447
4647194
4650982
4651594
4651597
4651936
4653344
4654630
4655038
4656745
4657195
4657872
4657917
4658600
4659351
4662860
4664199
4665419
4665422
4667329
4667873
4670117
4670273
4671969
4673529
4674478
4674928
4675916
4676269
4678259
4678482
4678841
4680746
4681241
4681557
4682919
4683439
4683616
4684632
4686125
4686998
4689232
4689804
4689974
4690142
4690902
4691920
4692667
4693272
4693487
4694863
4695106
4695206
4695585
4696516
4697852
4698958
4699572
4700630
4701535
4701631
4702710
4702987
4703667
4704556
4706807
4707771
4708689
4709088
4709860
4710042
4711851
4712843
4713015
4714621
4714860
4715753
4717421
4717874
4719327
4719585
4720833
4722569
4723215
4723855
4725215
4726988
4727421
4727495
4727860
4730907
4731326
4731577
4731839
4732425
4734661
4735861
4735938
4736165
4737155
4737256
4737920
4738212
4738550
4740443
4740907
4741752
4744495
4744740
4745765
4746002
4746244
4746329
4746397
4748318
4748411
4749692
4750305
4750468
4751100
4753800
4754735
4755190
4755602
4756201
4756316
4756986
4757191
4757303
4760406
4760724
4761202
4761709
4762282
4762478
4762773
4762796
4763637
4764217
4764628
4765266
4765718
4765758
4767156
4767652
4768546
4770012
4770017
4770103
4770258
4770464
4771364
4771941
4772140
4772454
4772627
4772659
4773980
4775041
4777924
4778528
4779268
4779719
4781528
4781978
4784075
4784965
4787131
4788347
4789754
4790281
4794966
4798841
4798848
4799504
4801379
4802325
4802367
4802937
4803090
4803733
4804496
4804960
4806775
4807494
4808844
4808973
4809441
4810145
4811946
4812075
4812346
4813627
4815293
4815839
4816009
4816139
4817716
4819298
4820713
4821837
4823033
4824683
4824880
4825332
4825754
4826154
4826408
4828113
4828267
4829010
4829299
4830594
4830758
4831126
4831183
4831804
4833781
4834286
4834294
4835630
4836801
4836811
4840216
4840478
4840943
4840997
4841893
4842370
4842754
4843328
4843990
4844040
4844319
4844546
4846702
4847262
4848009
4848693
4848810
4849231
4850048
4850418
4853192
4853446
4853789
4853943
4854772
4855712
4856657
4857917
4858914
4859548
4859630
4861683
4862934
4863192
4863268
4863381
4864264
4865030
4865302
4865929
4867865
4868535
4872395
4872602
4873687
4875101
4875945
4876894
4879537
4880930
4881520
4881667
4881997
4883450
4884249
4884815
4886093
4886448
4888676
4889581
4894321
4894352
4895073
4897084
4897370
4897898
4897918
4898033
4899545
4900220
4900674
4900786
4901785
4902201
4903322
4904648
4905336
4905861
4905953
4906777
4907733
4908035
4908103
4909276
4910222
4910477
4910808
4911065
4911345
4911644
4912129
4913383
4914423
4915549
4915878
4916525
4917680
4920458
4921085
4923070
4923217
4923792
4924142
4926643
4927168
4927179
4929219
4929855
4932359
4933338
4934407
4934955
4935210
4938268
4938870
4940071
4940295
4941952
4942067
4942070
4942264
4944417
4946042
4946831
4946846
4947061
4948201
4948277
4948797
4949046
4949344
4950406
4953590
4955232
4955849
4956949
4957499
4957527
4957567
4957787
4957893
4957901
4958471
4959014
4959999
4960535
4962075
4962401
4963043
4963381
4964972
4965242
4967064
4967441
4967567
4967885
4967910
4968192
4969544
4969774
4970262
4970380
4971533
4972014
4973061
4977717
4977776
4979601
4981251
4981753
4982481
4982981
4983355
4984247
4987764
4987945
4988593
4989696
4994488
4994714
4996107
4996244
4996557
4998040
4998394
4998641
4999490
4999850
5000503
5000732
5000984
5002319
5004288
5007819
5010242
5011490
5011529
5012414
5012586
5013509
5013862
5014450
5015371
5015616
5018127
5020992
5021588
5022015
5022320
5022920
5023426
5023628
5023793
5024585
5025912
5028564
5028706
5031533
5033285
5034364
5034709
5035082
5035869
5036424
5037718
5038238
5039423
5039510
5041632
5041729
5041902
5044115
5044751
5044856
5045370
5046224
5048393
5048490
5049912
5050650
5050880
5051233
5051431
5052205
5053988
5054543
5056662
5057697
5058086
5059074
5059324
5060338
5061230
5062932
5064559
5066851
5069506
5070799
5071469
5071774
5071894
5071926
5072217
5072294
5075140
5077924
5077947
5078450
5078925
5079791
5079831
5079976
5080771
5081384
5081974
5082541
5083287
5083445
5083846
5083892
5084260
5084619
5085038
5086892
5088229
5089188
5089502
5089831
5090834
5091796
5092406
5092713
5092932
5093532
5094393
5096104
5098297
5098440
5099044
5099285
5101581
5101983
5102730
5103248
5103751
5104499
5105126
5105195
5105712
5106134
5109312
5109446
5110561
5110881
5111751
5113191
5113220
5113893
5114598
5115902
5116331
5116749
5117269
5118607
5122515
5123132
5123713
5124071
5124118
5124554
5124813
5125390
5127386
5127535
5127883
5127893
5129003
5129254
5131816
5133553
5133661
5133724
5134110
5134313
5135958
5136270
5136736
5136766
5137060
5139022
5139705
5140851
5141356
5143016
5143096
5143422
5145399
5146638
5148444
5149065
5149292
5150374
5150602
5150904
5151807
5152091
5152572
5152900
5153909
5154928
5154983
5155434
5156075
5156675
5156780
5156803
5157647
5157787
5158583
5159794
5160340
5160390
5161776
5165889
5166338
5166365
5167269
5170159
5173798
5175432
5175617
5176471
5179651
5179665
5180493
5180670
5180957
5181358
5182037
5183395
5183755
5184963
5186137
5186741
5188303
5188969
5189201
5189744
5190266
5190496
5190682
5190885
5191680
5191969
5192172
5193315
5194735
5195388
5195855
5197489
5197835
5198996
5199656
5202525
5203381
5203878
5205365
5205518
5206669
5207579
5208923
5209380
5212644
5213794
5213812
5215755
5215778
5217867
5217974
5218217
5218468
5218717
5219640
5220574
5221107
5222880
5223754
5224744
5225564
5227607
5228095
5228290
5228621
5229110
5229704
5234173
5234205
5235538
5236118
5236548
5237951
5240367
5240623
5241526
5242479
5243251
5244270
5244919
5246461
5246981
5247161
5247328
5247407
5248043
5248657
5249324
5250488
5250572
5250891
5250990
5251123
5251974
5252544
5253572
5253716
5254477
5255008
5256015
5257216
5257240
5258566
5259806
5260367
5260650
5260757
5261519
5262633
5263253
5263734
5263813
5264546
5264983
5265714
5265780
5265969
5266188
5267842
5268136
5268460
5270553
5272138
5273263
5273658
5274714
5274777
5276462
5276898
5276967
5277910
5278243
5278887
5279039
5279197
5280144
5282515
5283080
5283997
5284079
5284948
5285445
5287443
5288277
5288890
5289079
5289290
5290300
5292860
5293394
5293569
5297002
5297245
5297420
5299176
5300292
5300731
5302174
5302368
5303032
5303589
5303976
5306618
5307441
5307941
5308145
5308507
5308528
5310083
5310828
5312957
5314001
5314798
5315511
5315782
5316476
5318348
5319487
5320497
5321062
5321547
5324223
5324540
5325297
5325845
5325886
5326183
5328279
5328615
5328954
5330665
5331330
5331841
5332918
5333683
5334459
5334525
5335711
5336080
5336381
5336765
5337222
5337371
5337748
5338391
5338478
5339133
5340372
5340622
5341287
5342501
5344247
5344804
5345122
5345196
5345675
5345792
5346079
5346457
5346678
5347817
5348124
5349117
5349207
5349232
5350224
5350849
5351199
5351893
5354017
5354665
5354996
5355298
5356015
5356548
5357071
5359467
5359555
5360463
5360600
5361345
5362357
5363817
5364671
5365561
5365972
5366352
5366955
5368255
5368749
5368792
5368826
5369631
5370207
5370693
5371730
5372436
5373235
5373337
5375528
5376113
5377127
5377244
5378192
5378641
5378693
5379141
5379338
5380049
5381851
5381967
5382749
5382753
5383814
5384769
5385782
5386681
5389327
5389773
5390685
5390747
5391721
5392762
5394246
5395110
5395196
5395802
5396029
5396129
5396630
5397805
5399962
5400701
5405974
5406035
5406734
5406765
5406865
5408481
5410312
5411234
5411357
5412135
5412868
5413949
5414136
5415240
5416979
5417283
5418351
5418421
5418841
5419498
5419655
5420494
5421420
5421667
5421698
5421719
5423948
5424646
5424812
5425310
5425963
5426190
5426327
5427300
5428191
5429946
5432549
5432791
5433110
5433167
5433853
5434259
5434736
5434898
5435024
5435261
5435289
5435634
5437170
5437378
5439319
5440602
5440735
5441724
5442052
5442753
5443166
5443397
5445697
5448108
5448511
5448991
5449226
5449709
5450515
5452390
5452560
5453170
5453300
5454687
5455775
5456163
5457032
5457068
5457216
5457994
5458295
5458415
5458750
5458967
5459258
5460866
5461463
5462621
5463606
5464609
5464781
5465083
5466668
5468240
5469915
5469969
5471173
5471526
5471623
5471866
5472604
5473416
5473522
5474634
5477170
5478258
5478581
5479030
5479452
5479524
5480057
5483161
5484113
5484150
5485273
5486838
5487189
5488478
5488914
5489143
5489729
5490283
5491572
5492287
5492317
5493551
5493912
5494143
5497551
5497990
5498846
5499232
5499272
5499564
5500951
5501934
5502395
5504204
5504866
5505087
5505909
5506735
5507204
5508512
5508600
5508976
5509302
5509946
5511578
5511984
5512583
5512956
5513435
5515434
5517795
5517940
5520887
5520924
5521134
5521329
5522195
5525212
5525777
5526217
5529211
5529549
5529580
5532199
5532569
5533003
5533623
5534109
5536435
5538777
5539257
5540535
5540678
5540801
5541371
5541457
5542219
5542691
5542925
5543340
5544112
5544505
5545930
5546464
5546977
5547783
5552176
5552284
5552549
5552654
5553446
5553814
5553965
5554068
5554997
5557483
5558224
5558956
5559384
5560168
5560891
5561212
5562531
5564212
5565238
5565683
5568890
5570136
5571024
5571759
5573316
5574612
5578806
5579499
5581115
5582486
5582516
5582563
5583864
5584952
5585673
5587682
5591379
5592402
5594593
5595110
5595312
5595387
5595446
5596403
5596992
5598261
5598473
5598603
5600099
5600289
5600595
5602608
5603314
5606143
5606805
5606933
5607139
5607830
5612163
5612401
5613597
5613957
5614385
5615143
5615566
5616021
5617217
5617714
5620204
5620875
5620911
5621752
5622581
5623728
5624606
5625771
5626900
5628482
5628832
5629043
5629589
5629611
5630352
5631576
5632946
5633779
5637524
5638188
5638833
5640080
5640085
5640229
5640644
5641351
5641570
5641756
5642242
5644372
5647463
5648661
5649537
5649607
5652060
5652871
5654387
5654949
5655058
5656767
5656997
5657241
5657933
5657979
5658342
5659796
5661122
5662353
5663100
5664625
5664835
5666822
5666878
5667944
5668434
5668462
5668483
5669376
5669450
5669570
5669901
5671657
5672673
5673239
5674401
5675619
5676172
5677094
5678091
5678480
5678780
5680507
5680651
5682669
5682941
5683443
5684156
5684317
5684481
5684828
5684890
5685027
5685132
5685752
5686644
5687936
5688061
5688597
5689219
5689873
5689885
5689945
5690134
5690981
5692191
5692576
5693128
5694926
5695884
5697953
5699751
5699755
5701080
5702495
5703770
5706013
5706734
5708238
5708718
5709526
5710554
5710565
5711344
5711987
5712248
5713050
5713298
5717857
5718570
5719946
5719984
5720342
5721927
5722058
5722117
5722123
5722196
5722641
5722656
5723298
5723609
5723717
5723841
5726045
5726457
5726482
5729331
5730058
5730082
5731144
5732066
5732530
5733203
5733804
5734788
5735441
5735568
5737174
5737377
5740144
5742789
5742974
5743195
5743425
5744095
5745122
5745123
5745506
5747936
5748885
5748913
5748951
5749697
5750081
5750167
5750933
5751188
5751520
5751985
5752848
5753429
5756169
5757498
5759878
5760079
5760433
5761095
5765811
5767514
5767564
5768637
5769198
5770827
5771019
5772319
5772538
5772854
5776781
5778272
5778599
5778677
5781129
5781815
5781923
5783220
5784134
5784308
5784640
5785983
5786066
5786469
5788168
5788261
5791532
5792466
5792604
5794296
5796250
5797022
5797457
5797793
5797881
5798088
5798836
5799003
5800155
5800252
5801060
5803571
5803775
5804233
5805086
5805186
5805638
5806399
5806831
5808856
5810588
5811362
5815443
5816027
5816284
5816792
5819217
5820566
5820577
5825055
5825290
5825735
5825877
5826045
5828159
5828170
5828523
5828655
5828909
5828923
5829085
5830852
5831063
5831107
5831549
5832809
5833269
5833946
5834220
5834851
5835596
5835890
5836181
5836198
5836442
5836863
5837302
5838168
5838400
5838648
5838667
5839811
5839938
5841622
5842400
5842664
5842987
5843880
5845017
5845226
5845619
5845652
5847273
5847571
5851474
5852657
5853286
5854912
5855371
5856824
5857591
5858340
5859690
5859703
5860734
5861103
5862367
5862378
5862679
5862931
5863585
5864810
5865113
5868062
5868996
5869088
5872530
5872926
5873443
5876475
5877625
5883272
5884145
5885570
5885692
5887139
5887191
5887216
5888098
5888983
5889530
5891067
5891692
5891710
5892762
5893821
5894512
5894850
5896244
5897415
5897932
5898459
5898908
5899339
5900403
5900910
5900938
5901043
5901252
5901898
5903027
5903290
5904333
5905558
5905585
5906621
5908716
5908735
5909414
5914290
5914391
5915230
5915887
5917312
5918910
5919431
5919568
5919924
5920584
5920879
5921833
5922863
5923562
5924057
5924809
5926378
5928143
5928861
5929353
5930856
5931263
5931740
5932748
5932750
5932852
5933435
5933454
5936905
5937161
5938038
5938869
5940872
5943655
5944945
5946392
5946637
5947332
5947810
5947939
5948215
5948268
5948794
5949443
5949772
5950132
5951637
5952373
5953442
5953770
5953810
5954230
5955046
5956584
5957303
5959055
5959558
5959627
5959676
5961334
5965148
5965647
5965908
5968077
5972773
5973632
5974274
5975465
5976999
5978580
5978726
5979478
5979703
5981026
5981529
5982426
5982552
5984298
5985069
5985115
5985345
5985364
5985406
5985810
5987564
5987603
5987793
5987818
5987917
5991432
5992087
5993503
5993950
5994111
5994145
5994467
5994501
5995509
5995513
5995529
5995749
5996404
5996506
5997181
5998196
5998487
5998977
5999749
6001636
6001901
6002662
6003117
6003466
6005079
6005319
6006335
6007139
6007359
6008203
6009647
6009892
6010090
6010310
6010565
6012059
6012955
6013411
6014337
6016173
6016778
6017126
6017153
6018204
6019035
6019325
6019479
6020329
6020480
6022113
6023576
6023599
6023912
6025160
6025887
6027559
6028044
6028739
6029628
6031501
6031505
6031971
6032885
6033176
6034721
6035252
6037435
6042783
6046479
6046678
6046800
6047570
6047949
6048231
6050490
6051319
6051609
6051829
6052370
6053286
6053817
6055314
6056153
6056663
6057193
6057252
6057945
6059015
6059277
6060102
6060639
6062730
6063773
6064264
6066165
6066451
6067194
6068203
6068385
6068538
6068832
6070417
6071343
6072674
6072938
6073117
6073168
6075476
6075549
6076127
6076314
6077372
6078078
6081377
6082478
6082995
6083028
6084332
6084510
6086447
6087076
6087521
6089066
6089804
6090044
6090445
6090567
6091231
6091568
6091628
6092251
6092386
6092620
6093076
6093138
6093220
6094269
6095510
6095796
6096720
6096953
6100353
6100473
6100716
6100802
6102411
6103229
6103590
6105821
6106144
6107589
6107814
6108160
6109738
6110324
6111819
6112207
6116615
6118280
6118351
6119633
6119742
6120586
6120653
6120991
6121432
6121811
6121926
6122330
6123083
6124603
6126603
6126829
6127176
6127384
6128620
6129168
6130219
6130276
6130317
6130617
6130781
6131096
6131955
6132546
6132797
6133937
6134111
6135713
6135773
6136739
6138130
6138489
6139938
6141180
6141648
6143563
6144134
6144383
6144846
6146004
6146786
6148446
6148839
6149044
6149815
6150643
6151756
6151822
6152002
6152905
6153817
6153911
6155105
6156172
6156844
6157382
6158714
6159078
6160405
6160983
6161243
6161297
6161598
6162885
6163898
6164731
6164734
6165390
6166470
6166759
6166994
6167744
6168387
6168417
6169131
6170544
6172548
6173977
6174807
6175378
6175509
6175790
6176170
6176399
6177761
6178766
6179287
6180064
6181298
6181837
6181936
6182435
6182717
6182890
6183495
6183515
6184337
6184539
6184703
6185283
6186506
6189484
6189498
6190028
6190174
6190259
6190410
6191399
6191646
6192517
6195455
6195926
6196547
6197356
6197877
6200200
6201374
6201845
6202001
6202895
6203007
6204181
6205854
6207257
6207341
6207902
6208456
6209266
6210002
6210445
6211633
6213822
6215874
6217374
6218027
6219268
6219791
6220118
6220379
6221167
6222159
6222738
6223664
6224965
6226225
6226735
6228429
6228672
6228925
6228958
6229246
6229602
6230838
6236579
6236918
6237631
6238451
6238493
6238640
6239581
6239671
6239788
6239845
6240563
6240664
6241225
6242274
6243138
6245315
6245354
6245639
6246767
6247293
6248588
6250541
6250618
6250733
6250801
6252061
6252692
6254121
6255594
6255992
6256953
6257152
6259551
6260184
6260493
6260932
6261709
6261820
6262094
6262537
6263625
6264984
6265576
6266965
6267201
6267302
6268456
6269371
6269881
6272260
6272278
6274557
6274994
6275017
6275239
6276399
6277141
6280937
6282264
6283292
6284968
6285492
6286666
6287660
6287783
6288086
6288118
6288404
6288918
6289029
6289394
6290116
6290343
6291591
6293462
6295078
6296506
6297604
6298020
6299492
6299760
6300798
6301220
6301391
6301467
6301851
6302023
6303224
6303302
6304344
6304815
6305501
6305819
6306783
6307010
6308090
6308257
6309193
6309325
6309808
6309861
6310356
6311488
6312656
6312863
6312869
6313084
6315455
6316529
6316661
6317315
6317489
6318706
6319020
6319836
6320702
6321265
6323944
6324046
6324658
6326941
6327567
6330375
6331295
6332324
6332962
6334227
6334501
6335778
6336651
6338237
6338593
6338638
6339037
6339911
6340096
6342886
6343311
6343542
6343788
6344895
6345224
6345416
6345727
6346275
6347331
6347515
6348003
6349359
6350193
6350420
6350996
6351166
6351489
6352130
6352490
6353338
6353977
6354253
6354576
6355800
6356051
6356132
6358091
6358616
6358872
6359158
6363066
6363982
6364806
6365575
6366782
6366903
6366909
6367942
6368240
6368454
6368743
6370184
6370759
6371084
6372731
6372736
6372923
6373627
6374435
6374571
6375062
6376980
6377168
6377627
6379194
6380036
6382320
6382492
6383414
6384182
6384942
6386726
6387104
6387484
6387606
6388000
6388804
6388965
6390662
6390787
6390847
6390878
6391450
6391533
6392543
6392613
6392769
6393574
6393989
6395839
6396897
6397030
6397553
6398561
6400763
6401769
6402505
6402727
6403526
6404004
6404284
6405713
6407085
6408279
6408339
6410128
6410767
6411096
6412291
6413574
6414076
6415215
6415284
6415570
6415663
6415692
6415919
6416387
6418320
6418849
6419211
6419379
6422265
6422679
6424172
6424885
6426660
6426874
6427694
6429397
6430701
6431694
6431949
6432035
6434298
6434601
6435452
6438620
6439049
6439485
6443135
6444045
6445196
6445352
6446562
6446720
6447126
6447165
6448157
6451720
6451838
6452100
6452719
6453697
6454110
6454682
6456259
6457893
6458396
6458649
6459131
6460858
6461665
6463042
6463924
6464365
6464428
6464859
6465027
6465252
6465762
6466014
6466113
6466612
6466897
6467697
6467995
6468231
6468401
6468511
6468558
6469688
6470213
6470324
6470392
6470621
6470814
6475034
6475973
6476479
6477968
6478489
6481056
6481422
6483059
6484624
6484684
6485172
6485418
6485599
6485764
6486723
6486966
6487306
6487372
6487467
6487703
6489472
6490330
6491572
6492092
6492100
6492233
6492263
6492762
6493730
6494669
6495164
6496097
6496373
6497395
6497691
6499689
6501056
6503403
6505343
6505760
6506190
6506429
6507350
6507524
6508130
6510416
6511226
6512210
6512554
6513193
6514003
6514125
6514265
6515065
6515224
6516482
6516781
6516892
6517254
6518833
6519152
6520071
6520869
6521799
6521843
6522121
6522900
6524219
6524566
6524601
6526065
6526679
6527260
6527433
6529467
6530604
6531276
6531463
6532099
6532668
6532937
6533472
6533575
6534520
6535154
6535820
6536350
6536597
6538715
6539075
6539983
6541159
6541622
6542529
6542821
6544927
6545599
6545673
6546132
6546922
6547993
6548005
6548596
6548696
6549996
6551338
6551795
6553309
6554110
6555843
6555940
6556105
6556306
6557117
6557132
6557271
6557339
6558618
6558761
6558917
6558941
6561347
6561717
6563675
6564266
6564875
6565352
6566181
6567256
6567924
6568914
6568922
6570693
6571355
6572258
6572731
6572935
6573131
6573218
6573855
6574070
6574190
6574620
6575015
6575121
6575194
6575648
6578926
6579678
6581815
6582943
6582972
6583740
6587335
6588435
6588462
6589238
6591631
6592008
6593248
6594148
6594313
6596608
6598186
6598668
6600925
6601201
6602850
6603427
6603854
6603937
6604195
6605025
6605167
6605856
6606253
6606373
6606456
6606614
6607373
6607676
6607727
6607928
6610429
6611010
6611463
6611776
6612962
6613243
6614602
6615078
6615195
6615223
6615307
6615536
6615966
6616223
6617131
6617533
6618137
6618197
6618771
6618947
6619481
6620495
6620583
6623259
6624430
6626011
6626313
6627437
6627878
6627957
6628166
6629655
6631432
6631708
6632235
6633433
6633967
6634565
6634668
6635248
6635397
6635505
6636255
6636422
6637395
6637533
6637949
6638296
6638714
6639023
6640103
6642182
6642233
6642520
6642723
6643215
6645428
6646473
6646744
6647304
6648660
6648733
6648880
6651700
6652313
6652927
6652941
6653144
6653202
6654254
6655180
6655288
6656498
6656934
6658359
6658642
6658987
6659442
6659984
6660395
6660972
6661411
6661714
6661849
6662298
6662947
6663349
6664608
6664773
6665060
6665941
6666747
6668254
6669457
6669755
6670981
6671795
6672251
6672749
6672994
6673661
6674852
6677273
6677429
6678179
6678333
6679385
6680106
6681354
6681468
6683938
6684263
6684474
6685519
6686074
6686619
6687215
6687232
6687423
6688161
6688260
6689174
6689526
6690461
6694456
6694844
6695457
6695835