3279
7070
8278
8930
11074
11455
13424
13899
18191
20211
21557
22061
22117
22122
33343
33783
36821
39690
40004
43299
44834
45382
45529
45984
52568
55119
58025
59743
61322
63742
65696
69508
70555
76439
77572
79776
93104
97599
100858
101915
103080
103238
105354
106429
109044
110504
116414
117624
119856
122937
124191
128766
130436
134852
136581
136843
137042
146175
152675
157474
166368
171121
180147
180184
182012
183406
183644
184786
186556
191599
191978
196942
201007
202568
203101
203507
206114
207073
209590
210926
214935
218465
219220
220180
220360
225702
226318
226834
228991
229555
232246
237479
240296
247877
248603
248881
251296
257226
257423
264787
268681
278190
280872
288050
288219
288547
289650
291191
291340
292565
294921
298252
300392
301751
301960
302323
305489
307855
310541
313130
313558
313696
314183
317817
322781
325952
327225
327903
328996
333685
335707
340789
340824
346438
350010
351774
352279
353621
362786
372241
376515
377890
379436
384094
385121
401163
404555
413507
418906
419207
421313
421886
425995
432382
435443
435761
436423
440467
444094
449980
450889
453656
456496
457188
459678
465193
468624
468758
469574
472238
472343
473424
479614
484717
489281
489313
492692
492711
493861
496049
497468
497731
498400
502757
502949
503044
504383
504403
507842
510978
511229
512701
515619
515904
525075
528425
530483
531311
534253
536247
539520
540604
542852
543312
543431
544771
546505
546543
551199
553110
556471
560438
560516
560842
564640
566375
570707
573222
575558
578103
578182
578470
578581
579419
579714
579743
581586
583047
584838
592260
593882
594435
598077
598771
601840
608604
609962
612414
617259
620288
624613
624901
624980
626724
627816
630486
631158
634386
636091
636914
637859
639180
639382
639993
642625
643863
645130
646447
646689
647697
647847
652553
657802
657993
659908
660965
665380
665392
673539
673992
677633
684446
688496
690895
691862
693855
698185
699284
700012
705896
706243
707744
708055
715823
717717
717800
719468
719976
722822
723905
728290
737811
738519
744143
746846
748370
749016
751381
756172
760843
761306
762733
763580
764861
767420
770006
770739
772293
772515
773789
780182
781872
782440
782889
797588
797883
798401
808707
809384
811931
812399
812442
812539
821855
822399
826358
829831
830313
830739
834686
835816
840158
840291
840406
842103
842920
844056
844072
1131707
1134550
1136420
1138289
1138356
1151610
1153883
1157278
1158319
1159986
1163806
1172345
1173312
1174542
1175944
1179172
1182106
1183357
1188598
1190683
1194504
1197508
1197895
1201229
1201765
1202169
1202749
1204304
1206852
1206897
1208414
1209976
1210928
1214207
1214441
1214535
1230699
1232504
1233816
1234605
1235653
1240048
1240868
1250352
1250695
1254163
1254219
1260037
1261206
1264798
1265493
1267174
1268808
1274574
1275364
1276787
1277631
1277769
1279628
1280253
1281778
1284940
1286217
1295231
1296873
1299358
1301066
1301226
1301376
1302809
1303016
1315646
1322615
1323854
1324529
1325760
1326357
1329103
1331122
1331238
1333295
1339006
1341949
1346918
1350230
1351471
1366297
1366345
1367130
1371006
1371104
1371132
1374153
1374248
1376083
1385152
1389416
1389595
1389981
1393695
1394501
1394525
1394778
1395311
1400894
1401003
1401897
1403207
1406552
1407995
1409969
1410921
1411413
1418760
1429311
1430873
1431587
1432798
1441674
1443484
1445549
1445909
1448129
1448433
1449762
1449986
1450663
1451036
1454640
1457938
1458702
1460022
1461119
1462707
1463108
1464733
1466694
1468263
1474137
1478377
1482172
1483173
1485957
1486764
1486809
1492804
1492814
1494467
1497886
1506165
1507801
1513731
1518185
1520532
1521153
1527261
1531094
1535114
1535654
1537043
1539399
1545692
1549301
1553292
1553876
1558919
1562844
1563480
1564964
1565697
1567844
1569355
1572111
1577417
1577730
1578539
1581436
1582518
1582723
1583444
1586803
1587592
1595374
1600282
1600845
1606061
1607321
1609933
1612629
1612954
1613595
1617380
1619628
1623192
1624647
1625179
1627044
1627386
1630288
1638718
1640623
1649238
1655890
1658034
1667387
1667429
1667610
1671628
1673076
1673973
1674275
1674867
1675594
1678500
1681294
1681837
1681988
1682801
1683111
849462
849772
855410
855813
858194
859470
863218
863635
864934
870053
873818
873845
876965
878878
881802
882449
885105
885447
890383
890629
891183
892446
893145
893763
895280
895349
895539
900318
900638
900681
903503
903637
907095
907537
910201
912740
913083
916813
918217
918231
918248
920719
924268
927580
929814
929891
930973
932533
933316
938091
940049
942681
945599
946949
949577
952846
953166
961585
965136
965663
966212
969592
970060
970445
971537
974732
975151
978442
979454
982637
985703
988819
991969
992251
996910
999222
1004191
1004211
1004622
1004673
1005975
1007517
1011720
1013036
1014222
1017333
1019372
1022126
1022472
1025930
1025953
1027052
1029134
1029266
1029828
1031325
1034082
1038414
1038675
1039757
1041546
1044114
1045048
1045468
1048322
1049068
1049840
1050158
1054616
1058635
1061678
1061730
1064981
1070496
1072549
1077410
1077711
1089516
1092900
1097365
1101971
1106876
1107134
1109170
1113650
1114099
1115203
1685580
1688104
1701511
1702126
1703046
1705331
1705441
1706091
1706355
1707467
1708985
1714476
1715917
1717520
1731355
1733334
1736573
1748812
1748891
1752147
1754440
1758813
1760488
1769923
1773820
1774671
1775325
1775521
1778124
1778658
1781930
1782864
1784071
1791959
1794760
1795833
1802493
1807546
1816854
1817358
1823061
1827985
1828793
1832406
1842225
1846041
1846712
1847858
1851954
1852144
1857802
1859105
1860000
1860599
1860740
1861965
1864524
1864886
1870309
1870524
1870550
1876182
1877191
1878014
1878577
1881130
1882004
1883753
1885940
1891580
1891791
1892293
1897058
1897557
1900051
1900188
1902099
1904164
1917901
1920007
1920106
1922668
1926566
1928488
1930298
1930513
1931206
1931601
1931611
1932587
1935073
1939043
1943273
1946274
1948603
1948779
1949841
1951630
1954345
1956497
1957037
1958823
1965175
1971057
1971725
1972374
1973042
1977477
1978763
1980976
1985310
1989730
1991249
1991253
1993067
1993676
1995226
1995891
1996050
2002235
2008367
2009086
2009117
2010554
2012715
2014685
2015494
2016633
2022446
2026582
2027590
2027764
2030263
2035379
2040701
2042217
2052086
2056660
2058491
2060203
2061199
2062436
2064059
2071428
2075978
2076229
2091589
2094365
2097136
2100565
2103947
2105006
2107418
2110238
2110941
2111205
2115524
2116820
2120288
2121636
2122509
2124977
2127410
2128648
2131432
2132124
2137942
2142093
2146285
2151252
2152065
2160188
2162634
2163162
2166077
2169320
2171442
2171660
2172104
2175214
2176108
2177035
2177634
2180990
2184583
2185865
2193346
2196200
2198752
2200797
2202403
2203066
2204621
2205079
2210598
2211430
2211849
2213439
2216747
2218642
2222902
2224471
2229141
2230894
2237402
2241036
2242375
2243810
2250239
2258218
2261923
2265761
2274902
2275760
2276946
2280775
2281170
2286492
2287727
2290148
2293112
2299746
2301252
2303461
2304538
2309410
2313374
2314498
2316189
2316608
2318130
2319617
2320271
2321889
2324918
2325556
2330476
2331988
2346065
2346671
2347702
2347788
2348411
2348907
2351786
2353438
2355543
2358887
2358919
2359227
2359480
2359565
2360698
2360702
2362343
2365170
2365717
2365871
2366307
2367299
2367986
2368466
2371902
2375652
2378043
2380514
2381976
2382990
2392980
2393069
2399121
2403037
2403992
2404263
2406081
2407669
2408443
2413493
2415664
2416823
2417843
2424595
2426961
2436259
2441128
2445025
2446841
2450645
2451266
2465325
2465777
2474115
2474380
2475977
2476005
2476815
2488216
2492517
2495356
2498991
2499363
2500915
2504930
2511359
2512032
2513467
2514533
2516424
2519757
2526493
2527635
2543461
2543851
2544455
2545558
2547907
2548222
2549664
2551412
2552487
2554182
2554442
2555053
2556543
2557435
2558062
2560188
2564024
2564570
2567058
2567637
2567794
2575025
2576497
2577564
2589657
2590944
2593462
2596277
2598294
2599189
2600845
2603745
2604965
2606646
2607544
2607599
2609094
2611551
2618551
2623678
2624763
2624994
2626238
2627059
2627643
2628413
2629382
2629677
2631002
2637513
2639875
2652052
2653047
2653422
2656906
2657330
2657435
2657601
2658471
2660774
2665137
2670765
2672258
2672294
2673149
2675659
2676096
2679219
2681067
2683393
2684796
2685105
2685284
2686176
2687230
2690730
2690845
2695377
2698505
2698537
2703682
2704175
2704306
2705746
2711974
2716503
2722735
2725471
2726388
2728411
2729627
2733681
2734961
2735221
2737447
2742206
2743987
2745265
2746763
2751652
2753164
2755160
2756448
2756528
2756981
2760425
2760551
2760759
2761519
2762706
2766418
2766644
2771434
2773589
2777632
2781101
2781178
2785047
2785463
2788251
2788263
2789522
2791747
2793224
2793511
2796368
2799134
2799538
2811448
2814199
2814763
2822100
2822316
2824070
2827694
2829940
2831749
2836803
2837235
2842395
2843162
2844586
2847779
2849415
2851351
2852499
2853211
2863146
2867349
2867789
2870884
2872332
2872891
2873593
2874130
2875684
2885248
2887721
2896097
2896099
2899002
2899523
2900086
2903431
2904618
2905018
2906723
2907533
2912240
2912919
2915758
2916690
2919556
2922119
2926298
2942478
2943942
2948617
2948779
2951624
2952128
2956638
2965606
2966209
2966862
2969004
2969230
2973970
2974940
2977083
2977690
2979212
2979396
2979995
2995117
3000109
3011615
3012195
3020995
3021906
3022549
3023950
3027930
3030031
3031421
3035124
3040298
3045445
3049791
3050397
3051634
3055644
3058470
3062928
3063921
3066283
3069100
3069328
3070752
3071177
3074791
3075149
3081506
3082344
3083213
3084178
3087073
3087279
3087542
3088315
3089905
3091683
3094653
3097749
3106426
3107028
3107319
3107721
3108770
3115534
3117208
3118646
3126653
3127386
3130350
3130422
3130744
3131612
3132079
3133484
3135569
3141833
3143082
3150263
3152882
3155268
3155929
3156884
3159920
3160116
3165071
3166120
3177276
3177893
3178031
3180025
3181782
3182552
3185408
3188183
3188661
3190041
3190418
3192480
3196185
3197212
3199525
3201519
3209000
3209151
3212494
3213392
3213576
3214432
3214496
3222948
3231591
3236517
3240886
3243732
3244913
3248797
3249911
3252265
3257555
3261836
3266621
3268958
3270064
3272677
3273400
3273945
3275056
3276323
3278304
3287909
3288551
3289432
3298979
3300892
3303699
3305010
3314256
3317250
3321800
3322275
3323876
3325572
3325659
3329356
3334448
3335019
3336431
3337108
3340926
3346810
3348454
3356225
3357785
3359895
3361742
3363973
3365438
3370923
3373704
3374099
3374306
3376522
3376687
3378295
3384883
3385264
3388071
3391809
3398008
3405522
3406859
3407714
3407889
3413193
3416071
3421746
3426875
3429512
3430994
3431282
3432102
3434759
3440661
3441481
3443929
3444295
3450628
3455135
3463337
3466875
3468700
3469223
3469443
3471353
3472357
3472756
3473959
3479218
3479627
3480175
3488504
3489058
3489191
3490533
3494790
3499185
3502285
3502483
3503315
3503876
3511682
3514053
3516149
3520255
3520438
3521205
3525289
3526371
3528140
3532475
3533561
3541515
3543665
3546600
3547753
3549047
3550165
3554188
3557001
3557084
3560089
3561992
3562509
3566228
3583832
3584952
3589693
3593357
3593818
3596570
3598105
3600563
3601022
3602815
3604695
3606242
3609992
3615573
3616025
3617438
3618009
3619064
3620673
3627296
3628123
3628742
3634492
3638540
3639339
3642919
3647996
3649180
3656053
3659260
3662309
3666955
3676685
3676714
3681172
3682245
3683376
3689063
3693266
3693729
3703010
3712879
3714143
3716288
3723796
3725175
3728920
3730904
3732987
3734904
3735953
3736489
3738103
3743544
3744574
3744767
3747302
3753759
3755335
3762329
3764975
3767249
3768254
3771639
3773974
3775884
3781214
3781376
3782505
3783272
3785507
3787218
3789046
3790877
3790910
3794953
3797347
3803466
3808366
3810590
3812095
3816366
3817140
3827892
3830565
3831827
3833847
3834034
3834104
3838150
3845470
3847729
3849836
3850331
3850710
3856119
3858911
3859298
3859694
3860409
3861116
3862530
3863684
3864652
3865724
3867293
3867424
3869191
3871623
3875039
3876570
3877683
3879460
3882942
3883155
3883327
3883419
3884151
3889376
3893360
3893519
3898246
3899190
3900499
3900634
3911132
3913014
3918260
3920871
3921264
3923032
3924461
3926145
3928250
3934574
3937980
3940768
3946695
3951644
3953552
3955689
3955865
3956292
3956466
3959216
3961191
3962212
3963553
3966004
3967678
3968317
3977373
3983152
3987253
3987277
3995471
3996237
3997083
4003627
4007826
4010776
4014563
4017021
4018477
4018637
4019178
4021266
4025361
4027322
4027841
4028826
4031499
4045939
4052007
4055524
4056102
4057050
4059828
4065018
4066337
4069484
4069837
4073374
4073625
4075082
4076269
4078518
4078912
4080037
4083282
4084990
4085698
4087404
4087410
4089112
4089806
4091034
4091131
4100270
4101959
4106783
4108446
4109489
4110242
4113101
4114202
4118430
4119298
4121880
4122367
4122546
4125031
4125755
4131139
4139738
4140755
4140780
4141202
4146707
4153301
4156817
4157756
4159760
4160164
4162538
4162630
4162645
4164147
4165258
4168215
4172724
4173777
4175098
4178100
4182965
4185301
4186460
4189759
4192991
4195256
4197590
4200321
4200427
4200635
4202261
4202315
4202363
4203173
4206789
4207330
4209008
4210584
4210797
4210817
4212527
4215802
4216038
4225665
4226979
4229276
4229462
4232706
4236753
4237617
4239411
4243181
4252214
4262500
4264571
4266952
4267248
4268072
4269716
4269872
4271241
4272040
4273522
4274610
4276559
4283251
4284623
4285999
4286201
4287242
4290635
4291981
4306761
4312266
4312336
4312818
4316438
4320940
4321896
4328962
4329074
4329660
4335105
4337621
4337651
4343303
4344844
4345610
4348300
4351928
4355254
4356154
4358318
4358523
4362826
4364947
4368450
4374178
4376972
4380460
4383503
4385499
4389930
4389989
4391811
4397781
4400180
4400812
4401358
4409101
4413618
4415468
4416586
4417823
4418551
4431930
4434147
4435446
4437754
4440944
4443803
4446732
4447769
4451357
4458997
4459855
4460162
4466874
4468763
4470076
4471810
4471937
4473468
4478963
4481225
4481304
4484805
4486832
4486879
4488518
4490307
4491165
4496335
4500372
4500460
4510052
4513016
4513025
4516976
4517907
4518581
4521121
4521494
4522995
4525936
4526507
4529016
4529858
4532158
4532478
4533740
4536725
4538152
4543863
4545710
4546391
4548276
4550086
4554237
4559146
4562541
4564471
4574393
4578295
4584188
4590800
4592499
4593073
4593484
4602753
4602811
4602923
4603349
4606359
4608331
4609004
4615870
4616676
4617262
4617543
4619630
4620551
4621842
4624908
4626875
4629072
4629177
4637931
4640013
4644305
4646016
4648432
4650724
4651016
4651591
4656616
4656834
4657760
4659283
4660998
4663473
4664395
4666623
4667019
4669762
4670048
4670322
4671431
4672256
4682674
4684334
4686953
4693648
4697424
4701199
4703912
4705426
4712249
4712792
4712820
4713665
4717946
4719153
4719386
4723298
4725450
4725731
4728159
4728200
4729996
4736817
4739147
4739234
4739882
4743528
4746280
4749970
4751099
4751244
4755107
4756105
4756144
4756526
4757932
4758649
4759279
4760674
4763141
4763535
4767426
4769353
4769743
4771462
4771859
4778320
4783605
4789018
4800572
4800871
4805263
4805302
4811559
4811820
4831700
4833471
4834219
4837045
4842251
4842271
4843656
4844823
4852795
4853564
4855040
4860896
4863138
4864886
4872402
4873283
4873881
4874634
4877491
4878004
4878801
4879549
4881352
4885836
4890608
4891324
4894258
4895377
4897648
4900372
4903941
4905807
4909609
4909674
4911555
4918934
4925316
4936421
4937696
4940496
4944725
4948217
4952607
4952958
4955506
4959462
4959744
4962015
4962873
4965150
4974623
4975832
4981148
4986202
4988188
4988747
4988915
4995168
4996901
4997192
5011300
5011609
5013085
5013438
5013727
5022803
5024814
5025199
5026783
5030193
5031121
5035979
5039010
5042828
5046455
5051421
5054115
5054522
5058364
5058815
5060422
5062924
5063443
5076790
5077588
5078190
5079733
5081376
5083225
5088615
5094355
5094444
5096531
5101863
5106210
5106986
5109241
5112921
5115598
5118374
5118920
5122905
5123712
5125740
5125840
5125939
5133762
5133887
5137126
5141118
5142424
5145204
5146192
5160175
5162314
5175191
5176036
5177295
5179917
5182826
5184152
5186480
5186659
5190282
5192800
5193229
5195406
5196500
5198516
5198786
5198952
5203472
5204849
5205000
5207434
5207646
5209164
5214662
5214733
5215294
5225089
5227617
5228076
5229805
5230065
5231195
5234351
5234421
5237707
5239777
5239943
5240074
5245202
5256237
5258392
5265211
5265386
5266690
5267237
5272719
5273946
5274523
5276308
5279415
5284311
5287667
5290822
5304911
5305907
5310263
5311367
5311394
5315701
5317092
5320292
5321949
5332918
5333226
5333902
5337044
5341090
5342155
5342840
5343010
5344555
5345542
5347598
5349081
5350182
5352572
5352918
5358675
5361950
5364245
5371064
5372374
5374128
5375367
5377499
5380306
5383625
5383872
5384370
5385137
5387504
5391206
5392428
5392557
5392690
5394769
5406447
5412137
5416850
5423589
5424663
5437964
5439772
5440321
5440705
5440797
5441895
5445419
5450240
5452908
5455000
5455167
5461051
5465984
5469461
5470163
5471553
5471831
5474137
5476787
5477386
5481530
5487532
5487598
5489876
5490297
5490871
5492895
5494271
5496139
5503925
5505261
5506766
5507006
5510622
5518947
5519802
5521023
5537224
5541391
5543476
5551696
5554197
5554421
5560392
5560743
5570710
5572280
5572373
5575272
5584475
5586933
5587651
5587802
5593082
5594499
5600558
5600712
5601280
5604875
5610333
5611897
5615260
5615852
5620401
5621341
5622339
5627514
5630671
5631922
5632050
5638804
5639986
5641457
5646734
5648582
5650730
5653795
5654248
5659290
5670290
5674124
5676048
5676421
5680078
5685907
5704196
5706840
5711341
5719235
5719528
5720502
5720511
5720971
5721609
5721628
5721945
5727399
5729895
5732886
5735444
5735625
5736016
5738562
5743899
5745143
5745637
5747721
5748314
5749363
5755715
5764781
5765736
5766797
5768669
5769591
5770171
5771145
5775128
5777482
5778110
5778710
5783545
5787069
5789331
5793669
5799087
5801412
5807945
5809507
5810648
5810742
5817437
5818298
5819795
5822027
5827649
5828595
5829019
5830866
5832916
5834145
5835715
5836064
5837305
5837696
5850284
5851454
5856075
5858925
5862600
5863171
5872950
5873372
5876605
5895793
5902352
5903267
5904578
5906387
5906460
5910847
5914622
5916006
5921357
5926539
5927569
5929606
5930467
5935477
5936035
5938272
5939426
5940085
5941007
5945392
5949009
5949793
5959599
5959710
5962411
5963744
5964579
5966974
5968989
5971287
5972597
5973490
5976806
5985282
5986558
5989314
5991248
5994272
5996874
5998636
6001835
6015096
6018663
6019166
6021037
6022213
6024373
6027400
6033877
6036346
6038007
6038674
6042219
6045684
6049360
6049555
6055634
6056427
6058112
6063674
6063698
6066123
6066246
6066306
6069117
6070935
6073348
6081855
6085444
6086332
6086534
6087296
6092640
6092690
6094827
6095131
6103861
6103895
6104173
6106770
6109961
6114497
6114655
6115596
6116082
6117501
6119130
6123487
6125462
6127733
6128815
6130718
6135640
6135858
6139996
6140114
6146733
6147518
6150864
6151750
6153681
6153771
6153982
6154212
6155558
6155931
6159316
6166342
6177950
6184616
6185916
6187442
6192851
6193783
6199633
6200243
6203453
6206118
6206369
6211765
6212762
6213183
6214655
6214885
6215068
6219124
6224416
6231925
6234846
6236145
6239459
6240255
6242520
6243283
6246719
6248517
6255460
6258612
6262079
6264172
6269844
6270286
6272099
6272993
6283918
6285844
6290442
6292861
6293679
6294477
6297665
6298120
6304703
6304963
6306880
6310706
6314201
6314613
6315138
6319029
6320841
6321670
6321694
6324283
6327124
6331502
6332625
6340901
6343028
6344115
6344768
6345055
6347589
6347623
6349911
6356794
6360979
6361517
6362941
6365397
6365409
6378870
6380624
6381856
6382340
6382551
6383707
6385934
6391934
6392052
6393926
6395228
6401354
6404208
6406556
6409532
6410508
6411597
6414987
6415826
6416050
6416169
6416525
6423298
6424023
6424930
6428320
6432177
6437632
6448776
6450639
6460115
6462844
6465514
6466014
6469313
6472153
6482969
6483573
6483930
6484588
6488793
6489165
6496866
6501613
6503235
6503722
6511073
6514049
6516896
6521098
6521756
6525016
6526226
6527540
6531988
6532136
6537273
6537663
6539233
6541581
6547437
6556661
6557612
6558500
6559486
6562422
6569357
6572009
6577865
6587756
6590010
6590167
6593369
6593698
6595180
6597311
6600038
6600161
6604987
6606672
6607143
6607561
6611437
6614176
6614488
6618639
6619539
6623385
6625667
6625822
6626350
6628376
6630123
6630650
6631277
6635051
6637041
6638664
6642218
6644083
6646554
6651621
6655242
6655635
6657520
6659248
6660419
6660939
6676735
6678328
6679448
6679908
6683289
6687180
6688577
6688906
6690891
6693322
6694487
6694864