300
1646
3259
3708
6420
7943
8241
9483
11467
11594
11836
11842
18140
18401
18502
19746
20657
21069
23130
24465
27312
30478
30483
31752
33047
36922
38169
39207
41014
43086
44201
45675
45805
46905
47206
50037
50722
51565
51912
54215
54783
58070
65429
65961
66284
70206
80643
81519
83300
83491
85240
86500
87767
89626
91577
92772
97796
98456
98730
99276
100928
102497
104624
105668
106022
107886
108622
108760
111501
113926
114113
114664
115774
117384
117857
118202
118701
119888
119958
126868
126874
130081
132782
132906
138101
138263
139580
140113
140629
140799
143551
146656
150715
157528
163650
167816
168660
170673
171496
172560
174467
174835
175971
177116
181673
182214
184056
184443
184455
186465
189496
190767
190839
191433
191855
194232
196461
200386
204144
204204
206740
209829
212373
214600
214672
218048
222402
224822
225401
230711
232611
234480
236437
238089
238593
238623
240712
244550
245899
245920
246975
247697
248106
254653
258234
258370
260509
262085
263406
263736
264696
265044
265387
268675
270386
271123
272279
272491
275057
279945
283108
284461
287166
291573
291748
291871
301103
303471
303860
304517
304627
306602
309756
309878
312141
314402
316333
319130
319272
322580
324570
325555
326573
332801
336937
337779
338355
338369
339180
340778
341435
342438
344398
345803
348624
351317
351697
352419
352598
354655
360641
362351
364382
364770
365148
365270
365812
366685
366955
372015
375510
375792
376629
377021
379069
380779
382768
385577
387192
388274
388527
389419
390380
391935
395665
399936
402604
405494
406142
409353
410284
414059
414839
416370
416541
418075
419580
420715
420817
424705
427624
428659
431316
431877
432738
434180
435197
435249
439257
442894
443500
443789
446978
448562
449738
450558
451125
451606
451664
452485
452945
454310
454857
458073
458512
460278
460660
460690
461255
461263
462672
464654
465369
466531
468142
468810
468839
470371
473284
473544
474551
475178
476508
477839
479880
485130
486923
491332
492303
492712
501561
502839
503440
503557
505103
506394
506552
507909
508046
510524
519611
519986
521835
526051
526441
527964
531428
531739
532785
534976
535612
536337
539360
539639
540337
540604
543852
544154
544612
547301
549668
551100
552547
555903
557172
560035
560089
565991
568848
569330
569581
571333
574289
576990
583279
583295
585978
586118
589775
591283
591845
595584
601031
602675
602739
603803
605042
606421
610084
611254
611582
615292
616875
618737
618821
619102
635233
638774
640606
643355
643478
647286
647361
647557
651763
652327
655565
658098
661390
663832
664532
665799
667380
669058
675762
677239
678158
678658
679181
680171
682883
683678
697453
701509
702809
708744
711170
715146
718470
719643
722697
724118
725376
727296
727982
729201
731860
732749
733948
739678
741132
741154
742007
742908
743438
743604
747730
748196
750578
752022
752809
755008
756126
758113
759108
759297
760971
761075
764939
770940
772771
775029
778360
778571
779271
782132
787441
788798
789477
793443
795257
798781
800631
802913
803861
805392
805427
805729
806809
808350
809240
814669
815273
816624
822505
828581
828803
832045
832801
834258
835789
838820
839477
840854
840862
841597
1133245
1133997
1134203
1137252
1138637
1141084
1143857
1144215
1144593
1146555
1148886
1150154
1152828
1153155
1156669
1168060
1170214
1175504
1175862
1175926
1176320
1176672
1177276
1179640
1181265
1182319
1187571
1187585
1189909
1190827
1191318
1193841
1193921
1194541
1195214
1197517
1199245
1202980
1203353
1203645
1204596
1205512
1206577
1206787
1208662
1209785
1210363
1211447
1215668
1215784
1216811
1217275
1218891
1222448
1226800
1227997
1230878
1231776
1236770
1241326
1244247
1245218
1252040
1255191
1256286
1256519
1257510
1260942
1261295
1261343
1263537
1267128
1268017
1269657
1271905
1273707
1276499
1280626
1280989
1281153
1283249
1284186
1284789
1287976
1288805
1289225
1291535
1294878
1294959
1296307
1296911
1297537
1300031
1303229
1307553
1308329
1310960
1313227
1318264
1318266
1321641
1321707
1323233
1328708
1330815
1331105
1332328
1333316
1334233
1335619
1339297
1342409
1345727
1346073
1350651
1351918
1352278
1352925
1353736
1354338
1354340
1354497
1356152
1356280
1356504
1358960
1361728
1361969
1362513
1362614
1363836
1371689
1374144
1374722
1375262
1379634
1380079
1383200
1384265
1385295
1386614
1387118
1389339
1392011
1394828
1396871
1397601
1397981
1401785
1406302
1406492
1408139
1408338
1412161
1415997
1417004
1417139
1419475
1422265
1422731
1423308
1423883
1425504
1426354
1427589
1435727
1436819
1436927
1443694
1446753
1446946
1448158
1450025
1453733
1454194
1457145
1458011
1458345
1458680
1459672
1459825
1460282
1460792
1461943
1464041
1467946
1470910
1471775
1473367
1475667
1477708
1478185
1481310
1481312
1481522
1482047
1485385
1487649
1490412
1493579
1494746
1498735
1499714
1499924
1500254
1502946
1508217
1508347
1509447
1511865
1512658
1513793
1518902
1525922
1529834
1533353
1534312
1535976
1538983
1539143
1542828
1543574
1552319
1553964
1559036
1560264
1563456
1567010
1570544
1571343
1571746
1579498
1581380
1584506
1586717
1589022
1589167
1593683
1593822
1596642
1596941
1597029
1597906
1607015
1608524
1609374
1610263
1611164
1617924
1618380
1620088
1620740
1621086
1621891
1627270
1633417
1634294
1635079
1635758
1637001
1640938
1644380
1646600
1647753
1648678
1649048
1649414
1649952
1653186
1655933
1658991
1661692
1661774
1664263
1664843
1666075
1666352
1667315
1668636
1672931
1678253
1678813
1678888
1682333
1682492
1682755
1682963
1684310
846927
847237
848918
849565
850976
853094
853667
855732
861071
863110
864288
865001
867460
869891
872510
874751
877325
880201
880935
883405
884246
885879
887479
887642
888483
889730
890316
893117
893230
895864
898425
898841
902599
903504
904773
908118
909620
910201
910279
913294
916323
916528
919296
920493
920664
924472
927538
928852
931736
931928
933900
936938
937786
938244
939822
940019
940459
942816
942931
946661
949792
953459
954218
955117
958200
959056
964018
967240
969099
969777
970300
971610
975304
975374
975778
978808
978815
979865
982845
983631
984139
984510
986862
989384
989911
992490
993027
993825
994957
995844
1001815
1001876
1003970
1011768
1012687
1012907
1015268
1016355
1017003
1017415
1017980
1018445
1024764
1025631
1028239
1031792
1035207
1035834
1038761
1039050
1042309
1042926
1045198
1047577
1050633
1051253
1051985
1052118
1052563
1053681
1054850
1056046
1056286
1060442
1068952
1069140
1069961
1070244
1071891
1072776
1078950
1079423
1079643
1079825
1081075
1082893
1084220
1088276
1088381
1088809
1089057
1092669
1093741
1094188
1094319
1096148
1098649
1098814
1102679
1104160
1104618
1104650
1108023
1108445
1109348
1110248
1114176
1114796
1116029
1120359
1124090
1126260
1126547
1687070
1690885
1691539
1691546
1692734
1697948
1698416
1700276
1700338
1700736
1702389
1704331
1705121
1705676
1707042
1717652
1718616
1720564
1721366
1721949
1723341
1723926
1724473
1727405
1729465
1732226
1733549
1733983
1735354
1737967
1740773
1740945
1743561
1745255
1745310
1747882
1749225
1751163
1751568
1753005
1755935
1756413
1757254
1761067
1761426
1767440
1768490
1770251
1770725
1771651
1773359
1773512
1774310
1774664
1775286
1776839
1777151
1777496
1778638
1779221
1779228
1779572
1779592
1780496
1781449
1782105
1789356
1790468
1791146
1798038
1798143
1800028
1800344
1801172
1804185
1804730
1806115
1808644
1809566
1810620
1813999
1816554
1817337
1820411
1820681
1821663
1823152
1825146
1825676
1826134
1827805
1833513
1834640
1837454
1838781
1842039
1844819
1846706
1847188
1847338
1848831
1855788
1855970
1856287
1860730
1863415
1864245
1865098
1865952
1869095
1882480
1883128
1886882
1888365
1888402
1889050
1891749
1891935
1897963
1902101
1903449
1904982
1906795
1907227
1910284
1910387
1910434
1910598
1911512
1912349
1915094
1921529
1922194
1923309
1925678
1927415
1934248
1935609
1938023
1940627
1942915
1944847
1950100
1952762
1953567
1961616
1961654
1963270
1964523
1968604
1969959
1976077
1982598
1983007
1983424
1986421
1986988
1989007
1989816
1990165
1990392
1990903
1995618
1997326
1999964
2001295
2001716
2002717
2003287
2006859
2007638
2009594
2009598
2012694
2013977
2016685
2017328
2018076
2018571
2018956
2019222
2020244
2022010
2026529
2029029
2032604
2033050
2033225
2033934
2034789
2036849
2037340
2038515
2039906
2042490
2043239
2043545
2043617
2047752
2048597
2050511
2053200
2053259
2053953
2055998
2056371
2060574
2060958
2061759
2062284
2064391
2066233
2067099
2069861
2072335
2072492
2074151
2074423
2077155
2078579
2083289
2085263
2086169
2092097
2093452
2093712
2093886
2093981
2095311
2096139
2109517
2109681
2110262
2110849
2112972
2113095
2118145
2118421
2118629
2119021
2119084
2121038
2124284
2126534
2127640
2127925
2130414
2132334
2132897
2132910
2133500
2133553
2133593
2134453
2135643
2136085
2140570
2141262
2141487
2144618
2146017
2146989
2147679
2149637
2154011
2154726
2157083
2157159
2157671
2160752
2161310
2161545
2165544
2170866
2175422
2177188
2181900
2181934
2183070
2186121
2187162
2192345
2193776
2194224
2197282
2197350
2197992
2205409
2206513
2207229
2213838
2217821
2218013
2219847
2236444
2236832
2236942
2238083
2240466
2241760
2243210
2246498
2248726
2251086
2251205
2253853
2257210
2260786
2262456
2263002
2263427
2264129
2265309
2265651
2269019
2273578
2274331
2275051
2275968
2279473
2279525
2280001
2280061
2280489
2286272
2287566
2289017
2289377
2289674
2290896
2294989
2295614
2295649
2296509
2297662
2299329
2299416
2300716
2301210
2302159
2302163
2302397
2302506
2304307
2315544
2315973
2320075
2321558
2325541
2327535
2327728
2328712
2329862
2331137
2335298
2338411
2338672
2339168
2340110
2341591
2342582
2345205
2345271
2346675
2357144
2357396
2359264
2360708
2362427
2363948
2369447
2369666
2371633
2372305
2375965
2376093
2378113
2378189
2378626
2379444
2381893
2382383
2390693
2391277
2392894
2392950
2397117
2397247
2397759
2398045
2398677
2398787
2407813
2409791
2413862
2416940
2424171
2424367
2424384
2424961
2426595
2427154
2427931
2428477
2434669
2434792
2434995
2435043
2435070
2436344
2437088
2439748
2440839
2442524
2442957
2443588
2443866
2447975
2451410
2451855
2455430
2455809
2458987
2463342
2463867
2463920
2466469
2469374
2469582
2473160
2474024
2474802
2479363
2484111
2484169
2484252
2485288
2485987
2486278
2486787
2487191
2487888
2490375
2491424
2499066
2506576
2507399
2507972
2509802
2510248
2510523
2518214
2519348
2523770
2524161
2525308
2526042
2527753
2528277
2529997
2530900
2531566
2537285
2537592
2538318
2541149
2541706
2542644
2544216
2544751
2545436
2547498
2551114
2552244
2552471
2559070
2562954
2563306
2566004
2566076
2566309
2566674
2568813
2569972
2571481
2575008
2575232
2575875
2577566
2577809
2579578
2581712
2581729
2582702
2583993
2584828
2585653
2590889
2593485
2594039
2594093
2596861
2596975
2598880
2600266
2600664
2601851
2602423
2604759
2606342
2606739
2606791
2607431
2608361
2613306
2617059
2617060
2618726
2619663
2619765
2622980
2624550
2625078
2626554
2626948
2632275
2632363
2633034
2634855
2636043
2639007
2639092
2648475
2651039
2651128
2651588
2653294
2656721
2657674
2657688
2658929
2665672
2665735
2666552
2671944
2676956
2680448
2684419
2685437
2686156
2691530
2692103
2692323
2693478
2695132
2699299
2701212
2701992
2702224
2706761
2708412
2711269
2711497
2713844
2715033
2715334
2719149
2719610
2719771
2720225
2721404
2722168
2722433
2724056
2724197
2724654
2724875
2726670
2729615
2731094
2731409
2732246
2734987
2735873
2736435
2736806
2739723
2740658
2743181
2748689
2752545
2753565
2753786
2759200
2759879
2765928
2769288
2770678
2773292
2775403
2775652
2777573
2780001
2781343
2783391
2785530
2786993
2787393
2789919
2792014
2793583
2795053
2796904
2800275
2800291
2801161
2801386
2804291
2805910
2806392
2808287
2808938
2811408
2814276
2814805
2815077
2818178
2818356
2822345
2822490
2823203
2829581
2833881
2837738
2847093
2847431
2848064
2853910
2854820
2855272
2857172
2858962
2859977
2860033
2861620
2863004
2863878
2866096
2866113
2866746
2867519
2870530
2870558
2871174
2872967
2874429
2876828
2878315
2882364
2883128
2890778
2905872
2907053
2908491
2910572
2911445
2912312
2914817
2915338
2915669
2917024
2917618
2918733
2919673
2921119
2921461
2928332
2930630
2931797
2933321
2938164
2938764
2939003
2940492
2940845
2946617
2947659
2948148
2949124
2951001
2951563
2955216
2956402
2956906
2957045
2957421
2960082
2960908
2967841
2973159
2977088
2977746
2980732
2981264
2982499
2990104
2996067
2997632
2998204
2998550
2998597
3001236
3004178
3005157
3005531
3007493
3007552
3009042
3009966
3011079
3011921
3012271
3013049
3013670
3013725
3016206
3018277
3021915
3023703
3026571
3026956
3028275
3028504
3029236
3029355
3031720
3033964
3038775
3044550
3047314
3048080
3048496
3049137
3050067
3050398
3052737
3055702
3060070
3061455
3061466
3064928
3065873
3068098
3069035
3072118
3072203
3072378
3074227
3075137
3075149
3075159
3075311
3077855
3078160
3083301
3090141
3092459
3092820
3092935
3097598
3099132
3101356
3101681
3103456
3105574
3105868
3106884
3109038
3110769
3113864
3118721
3119422
3120027
3122674
3122796
3124234
3124674
3124694
3126271
3130859
3132109
3134433
3135827
3136492
3141167
3142196
3142476
3143292
3146421
3147948
3150623
3152586
3152857
3154030
3154767
3156040
3156877
3157639
3158055
3159272
3160179
3160732
3164859
3165023
3167779
3168764
3169494
3169706
3176233
3182804
3184111
3185401
3188227
3190231
3194544
3195398
3195833
3196495
3196523
3199244
3200993
3201965
3204218
3204898
3207514
3209793
3210222
3210810
3211682
3213150
3213888
3214040
3215990
3218036
3221686
3222716
3225466
3227807
3228043
3228293
3229205
3229899
3230318
3232077
3232132
3232185
3232512
3241240
3244160
3245755
3248225
3250796
3251274
3253440
3254972
3255047
3255662
3256455
3256829
3257365
3258367
3259996
3260943
3263243
3264248
3265331
3266095
3274147
3274555
3275994
3276009
3278802
3279816
3280092
3280708
3285040
3286744
3287077
3291601
3293958
3297367
3299186
3300277
3300318
3300600
3300642
3300821
3300993
3301329
3302276
3303386
3304955
3305985
3311866
3315164
3315659
3319052
3320320
3325358
3327420
3327932
3328174
3329456
3330912
3331884
3332619
3332794
3332844
3334968
3336284
3338783
3344048
3344400
3346662
3348042
3349474
3351894
3353729
3355901
3359617
3361887
3363236
3363660
3364060
3365138
3367120
3368198
3368405
3368707
3369975
3370722
3380330
3380431
3382563
3383349
3383843
3385569
3389806
3391809
3392487
3392735
3395664
3396759
3399265
3403461
3406151
3411462
3411766
3413400
3421736
3423188
3423650
3423830
3427515
3432338
3432534
3436338
3438246
3439282
3441508
3443398
3444399
3444406
3444807
3445537
3446489
3447816
3448420
3448826
3450170
3450296
3452830
3456198
3456836
3462663
3466722
3468663
3472965
3476133
3477098
3486165
3489467
3490468
3492044
3499994
3503328
3504969
3507067
3507662
3516214
3516224
3519555
3520015
3520866
3521582
3524219
3527453
3528572
3528762
3530261
3535502
3537830
3538156
3538867
3541799
3543800
3544241
3544566
3544893
3545164
3548008
3548528
3550752
3552995
3553518
3555557
3556890
3557277
3557614
3560744
3563178
3564288
3564501
3565671
3567917
3569636
3570434
3571560
3572155
3576714
3578365
3578922
3580819
3582351
3589807
3593183
3594925
3595822
3597595
3597671
3598105
3599140
3599174
3602928
3604738
3605187
3613607
3617655
3622922
3625202
3629172
3629602
3632701
3635592
3640247
3640406
3648653
3651375
3655001
3660523
3662432
3662966
3664884
3666868
3667235
3669105
3673407
3674129
3674290
3674346
3674453
3675128
3676122
3676900
3677751
3679597
3680656
3683897
3687386
3690771
3691350
3692612
3696623
3698908
3699441
3700064
3700589
3702018
3702590
3703956
3704063
3707451
3709853
3712127
3715755
3717478
3718327
3719167
3720199
3720832
3723224
3723251
3723826
3724003
3724441
3725375
3725644
3726900
3729914
3732731
3734562
3734955
3735667
3738707
3743924
3745074
3745494
3747843
3749240
3751798
3751933
3752356
3752820
3754535
3756362
3756757
3759608
3760442
3761989
3762745
3764931
3766857
3767633
3772994
3774717
3780915
3781271
3782841
3784608
3792405
3792516
3795781
3797561
3802287
3803156
3806007
3807155
3807954
3809154
3810982
3811000
3811490
3811703
3812101
3812536
3817224
3819302
3820474
3821163
3821652
3822095
3824817
3828030
3830605
3833528
3834088
3834129
3834348
3834630
3835670
3837524
3837704
3839988
3841718
3842189
3843076
3843958
3847502
3849643
3850791
3856569
3858406
3858428
3861538
3864031
3864177
3867762
3868788
3869303
3869888
3871237
3872154
3872285
3872348
3872402
3872621
3873606
3877029
3879723
3879958
3880887
3882191
3882728
3888888
3888929
3889083
3890780
3890888
3891154
3893149
3895979
3896166
3900326
3902944
3903516
3910074
3911544
3917341
3920135
3920341
3925024
3926097
3926924
3928338
3930043
3931146
3931414
3931425
3933834
3934595
3935484
3936039
3936273
3937678
3942966
3945905
3946262
3947254
3947769
3950253
3951443
3951898
3952037
3952371
3953396
3962116
3962281
3962876
3965973
3969837
3971078
3974143
3975711
3976901
3978030
3978459
3979101
3980257
3981086
3983496
3983801
3983866
3984489
3988089
3989271
3990050
3990618
3991094
3991834
3994447
3997543
4002541
4003189
4008523
4008649
4009607
4012597
4015644
4017171
4018832
4019501
4028692
4033041
4033882
4038169
4044393
4045283
4045787
4046300
4046703
4046895
4048196
4050757
4051194
4051639
4056151
4057141
4058947
4060948
4061828
4062062
4063001
4063075
4063306
4066312
4066697
4070686
4072172
4072562
4073246
4077642
4079203
4082176
4082966
4085204
4090577
4092413
4093612
4095510
4095984
4096116
4096730
4099672
4099726
4099979
4101156
4101605
4107584
4112988
4114785
4114981
4118385
4119058
4119898
4122489
4124710
4124766
4126393
4126472
4126633
4128537
4129818
4132312
4135853
4136397
4136723
4138875
4139893
4141058
4141883
4142527
4145277
4146138
4146894
4152217
4153608
4154708
4155729
4155908
4159673
4160418
4166346
4166568
4170259
4170652
4172487
4173473
4175221
4175282
4176301
4183225
4184036
4184048
4185064
4188447
4189615
4191907
4194245
4194290
4195926
4196230
4196409
4197032
4197319
4198118
4198157
4202679
4206062
4210814
4211749
4212236
4212389
4213257
4216176
4217762
4218116
4221040
4221363
4224830
4225928
4226834
4227210
4227440
4229470
4232784
4233979
4235914
4239748
4239749
4240508
4241742
4242051
4244994
4245403
4247046
4249495
4250804
4250865
4251044
4252708
4255625
4257494
4258630
4261885
4263824
4264957
4266593
4267061
4267787
4270560
4273058
4274021
4275501
4278054
4278525
4279394
4281082
4281459
4282396
4282910
4282974
4285966
4287712
4288227
4290338
4290964
4291084
4291615
4294837
4300526
4305094
4308019
4312002
4314699
4317650
4320906
4321078
4326821
4327940
4328840
4329201
4331044
4332427
4334907
4337843
4338058
4339713
4342753
4346441
4347727
4348125
4349771
4349873
4352765
4354958
4361089
4362977
4364138
4364257
4366108
4368267
4368813
4369986
4371103
4372265
4373367
4373432
4373872
4374684
4376543
4377537
4378440
4380222
4381436
4384291
4389895
4391247
4393932
4395579
4396049
4398029
4401773
4401849
4404333
4406997
4407218
4409409
4409496
4410309
4410613
4411283
4411567
4413999
4417481
4420869
4422603
4424408
4425655
4427057
4428961
4432745
4434088
4438600
4439308
4439816
4440182
4440987
4442886
4443798
4446194
4448568
4449383
4451249
4452466
4458498
4458709
4463624
4465913
4465934
4467565
4470470
4473422
4475459
4480253
4484813
4489916
4491117
4491193
4491656
4497494
4501153
4501932
4505950
4509001
4509172
4510814
4512345
4517523
4517857
4519392
4520329
4521440
4521462
4528237
4532541
4533243
4534034
4535540
4546261
4546462
4550158
4550827
4556067
4558722
4559513
4560230
4561465
4562184
4564016
4564518
4567149
4568369
4568395
4568894
4569205
4569745
4570784
4572518
4575905
4577040
4578421
4581681
4581866
4582661
4583283
4585051
4586971
4587671
4596621
4596931
4604914
4606204
4607978
4608343
4609065
4609817
4610189
4610918
4611631
4612166
4613081
4613378
4615237
4617324
4620035
4624697
4625772
4626827
4627508
4629074
4629358
4635585
4635597
4637738
4638188
4638569
4638750
4640936
4642094
4642820
4642999
4645893
4650733
4652783
4653268
4653366
4654354
4656343
4656968
4658853
4659597
4663717
4665277
4666035
4667724
4670657
4671507
4675251
4677959
4682217
4684937
4686777
4687870
4689620
4690818
4700036
4700380
4700631
4702203
4703369
4704252
4704992
4706285
4706914
4706938
4708244
4709111
4709474
4709741
4710065
4710303
4710673
4711721
4712338
4712475
4715028
4719292
4720603
4722216
4723150
4726553
4727297
4730597
4731218
4735132
4736469
4739711
4743419
4743621
4747423
4758056
4758380
4758652
4759539
4760271
4762186
4763368
4764419
4764599
4768535
4768846
4771511
4773862
4776397
4778326
4780108
4781625
4784547
4785720
4786335
4789630
4791187
4793660
4797755
4799934
4800347
4800570
4802051
4802070
4808005
4812894
4816900
4818073
4821354
4824503
4828049
4828623
4829443
4831170
4833618
4835232
4835315
4836458
4839183
4839277
4840078
4841421
4843665
4845345
4846126
4848866
4852058
4852823
4852910
4855331
4860620
4867480
4867666
4868934
4870554
4871589
4871942
4873223
4875414
4876183
4877303
4877460
4877492
4877719
4883285
4883525
4885072
4887237
4888522
4889313
4889336
4889512
4892769
4892991
4893040
4894240
4895802
4897336
4897479
4897654
4898673
4900795
4901182
4903971
4904171
4905613
4906655
4907334
4910691
4913030
4914752
4918482
4922658
4924516
4925199
4925998
4926816
4926902
4929128
4929421
4930438
4931034
4935220
4935506
4936243
4936373
4938449
4939142
4939721
4939811
4940113
4941016
4943029
4944643
4945852
4946048
4947726
4948697
4949126
4949710
4951121
4952346
4953564
4954189
4958057
4964814
4969918
4970394
4974045
4975471
4975808
4976202
4976736
4979178
4979977
4980519
4981781
4984439
4984508
4984614
4984640
4987010
4988566
4988656
4995215
4995721
4995734
4997055
5000076
5001455
5004000
5007300
5011302
5012362
5019142
5020379
5021936
5023023
5024678
5026731
5027498
5027516
5029216
5030007
5030236
5031309
5031641
5032814
5033399
5038105
5039539
5039570
5050026
5050655
5050739
5057286
5058524
5059272
5060433
5062586
5066811
5072091
5073069
5073310
5073499
5080003
5080088
5080289
5082371
5083907
5085943
5087649
5088370
5091017
5092524
5093649
5093926
5093959
5099514
5099640
5099662
5103389
5106558
5107818
5107996
5108797
5110427
5113279
5118339
5118963
5123145
5123737
5127210
5127725
5132345
5134258
5137024
5138752
5139877
5144024
5144211
5145506
5145926
5147658
5149670
5150841
5154192
5155653
5157144
5157270
5158344
5158508
5160468
5162158
5166071
5166326
5167871
5169724
5173527
5174173
5174401
5174577
5175156
5176599
5178033
5179680
5180839
5180928
5183746
5186032
5187566
5190170
5190309
5193828
5196090
5196890
5203918
5205194
5205699
5207466
5210250
5216464
5218668
5219118
5222399
5222518
5223359
5228905
5229807
5231224
5232625
5233754
5233987
5234850
5237231
5238050
5238876
5241675
5245272
5248519
5252672
5255296
5259040
5259307
5259800
5259910
5261055
5261491
5263400
5263972
5264343
5266825
5269437
5269768
5270891
5271887
5272205
5276757
5281614
5283051
5283643
5289709
5290693
5294161
5302755
5309658
5310250
5310435
5312849
5314433
5314683
5315890
5316627
5316639
5318595
5320378
5320575
5320980
5323653
5325285
5325554
5325744
5325977
5326827
5328843
5329306
5331577
5333319
5334821
5335012
5337062
5337477
5339255
5340443
5344972
5347940
5349069
5350815
5353741
5354126
5358005
5358560
5361959
5362461
5366086
5366359
5369332
5370446
5370483
5370763
5371917
5371985
5373661
5374627
5380308
5380496
5382739
5384762
5385933
5387359
5388680
5389512
5390099
5391019
5391590
5393048
5394040
5394736
5396820
5398524
5399530
5399714
5400773
5402480
5403607
5405927
5406254
5408082
5408637
5410560
5413140
5414041
5414930
5416460
5417332
5422108
5422569
5423245
5423571
5425229
5425827
5428212
5434891
5436041
5436170
5436534
5439651
5441965
5442588
5445791
5446851
5448636
5448773
5449267
5457861
5462124
5462860
5463575
5465875
5465911
5467903
5468931
5476160
5477370
5479539
5479910
5480155
5483062
5485644
5486925
5487934
5488018
5489214
5489519
5489758
5489804
5498889
5514579
5515684
5522862
5524495
5524703
5525841
5528210
5529288
5532760
5533163
5540005
5541819
5542554
5543959
5546246
5546802
5548381
5549769
5550678
5551515
5552199
5553326
5555772
5556949
5558553
5563317
5564375
5565336
5567783
5567785
5571420
5573889
5576366
5581381
5586528
5592220
5595326
5596360
5598351
5599506
5600096
5604127
5604661
5606408
5610710
5611333
5615246
5616660
5620729
5624680
5625009
5626490
5626721
5630765
5633062
5633616
5635070
5635115
5636313
5636327
5636677
5639079
5642514
5645266
5646276
5648066
5648398
5649561
5649716
5650607
5650827
5652296
5653263
5658108
5658389
5658948
5660146
5663435
5664195
5668456
5669298
5673524
5674362
5674444
5675303
5677472
5683470
5687087
5688486
5688512
5690048
5695790
5695930
5695947
5700182
5705185
5706861
5708171
5709336
5710575
5711476
5714111
5720486
5723244
5723697
5725770
5728771
5732257
5732950
5734421
5738028
5738322
5738343
5739186
5740192
5740793
5742947
5745542
5746909
5749951
5752345
5754737
5755837
5757780
5758280
5758313
5759398
5761008
5761295
5766409
5767503
5767919
5770700
5771119
5771146
5774322
5775021
5775947
5776714
5782966
5783345
5784140
5784642
5786311
5786439
5788987
5789233
5796391
5797239
5798142
5802834
5804055
5810820
5813965
5817383
5819532
5820617
5823536
5825905
5827642
5828433
5830224
5832463
5833103
5833768
5834670
5838098
5839361
5840655
5841461
5844289
5847525
5848429
5848841
5852203
5855099
5857397
5857483
5857899
5858020
5858282
5859214
5866063
5866524
5867706
5868491
5869247
5869460
5879505
5883013
5884614
5885357
5889151
5889226
5889849
5889886
5895153
5897502
5902143
5902803
5907175
5907475
5908161
5908379
5910153
5916668
5918318
5919023
5920455
5920700
5920935
5921768
5922348
5925806
5926665
5927552
5932527
5933010
5937364
5938400
5938533
5941332
5942226
5947742
5952261
5952288
5953582
5960741
5961982
5965018
5965576
5967152
5969840
5970343
5974692
5974714
5975479
5975520
5979123
5979825
5983194
5984883
5990144
5990484
5993964
5996584
6000582
6000973
6001381
6001642
6003586
6005592
6007052
6007344
6010580
6011657
6012463
6014048
6022704
6030660
6031156
6031825
6034976
6037058
6037552
6038857
6039540
6042462
6043045
6046596
6051009
6060052
6062265
6064510
6064911
6069354
6072350
6073844
6075482
6076307
6078746
6080976
6084041
6084259
6084657
6086144
6087873
6088453
6088633
6090260
6090298
6091125
6095598
6105385
6106721
6111322
6115222
6115237
6116267
6116783
6117340
6118517
6119053
6120866
6124091
6130037
6131330
6134652
6135522
6135982
6137431
6138973
6140737
6142260
6142269
6146194
6148917
6149396
6149943
6151710
6152618
6156676
6160008
6162909
6163717
6165036
6168671
6170788
6171322
6172912
6173796
6174048
6176793
6177389
6179833
6180572
6185130
6192178
6192793
6193868
6196050
6198957
6199110
6201180
6201616
6202346
6202757
6203726
6205552
6207975
6208341
6208468
6210064
6211476
6212074
6212544
6214776
6219602
6220288
6222899
6223162
6223794
6224058
6225500
6226753
6227662
6228070
6232217
6233987
6236687
6236988
6240531
6243029
6243265
6244876
6247463
6250261
6251701
6253808
6257153
6258257
6259332
6260059
6261346
6262157
6263084
6263530
6263782
6265811
6267105
6269698
6271444
6273511
6274710
6276863
6284108
6284532
6285833
6289818
6291629
6294267
6296773
6297560
6298244
6298432
6299032
6305787
6306549
6314949
6317897
6320486
6320983
6322728
6324222
6324432
6324932
6325538
6325948
6326670
6327281
6327415
6329750
6330471
6331841
6332689
6336342
6338049
6343024
6343052
6344506
6344927
6345238
6346299
6347903
6347988
6351319
6353027
6353363
6355788
6365702
6365832
6368525
6368705
6369952
6373546
6376007
6376430
6379600
6383111
6386233
6394017
6400200
6402175
6404639
6409887
6410164
6410915
6410921
6411682
6412494
6413377
6415655
6417685
6418502
6419138
6419143
6422597
6425191
6426803
6428926
6430255
6430809
6431197
6431355
6432083
6434583
6435880
6436945
6437529
6438351
6440069
6440677
6442779
6446261
6449481
6449615
6450266
6450791
6451394
6451402
6453509
6454986
6457953
6459649
6460686
6464502
6466439
6466473
6469746
6472889
6478355
6480196
6482232
6482650
6486713
6487182
6487597
6487847
6493809
6494526
6494550
6496282
6499298
6499444
6500125
6504466
6504903
6506751
6508809
6511156
6511988
6512775
6514524
6517052
6517528
6518431
6520736
6525685
6526070
6527657
6528221
6532465
6535990
6538363
6538786
6539427
6539555
6539937
6541018
6545298
6550757
6550972
6551708
6552958
6554054
6555317
6559991
6563256
6565471
6566709
6566753
6571895
6573404
6574038
6574971
6575028
6575202
6575521
6575791
6575857
6578953
6579959
6581375
6582269
6582413
6585222
6586161
6586536
6588523
6589670
6590631
6595796
6598703
6598984
6599147
6601807
6603438
6609120
6618042
6624647
6624997
6626156
6627869
6632053
6632081
6632141
6634774
6635379
6638383
6640234
6642681
6647242
6650526
6650766
6652040
6652967
6653957
6657655
6657906
6657915
6661173
6663594
6667000
6668064
6668698
6670292
6670357
6670684
6679742
6682114
6685115
6688759
6688830
6691509
6693089
6693209
6693472
6694641