80
139
440
1855
4526
4598
4738
5730
6936
7174
7476
8292
9642
10303
10625
11313
11369
11553
11926
12334
13295
13502
15148
15783
15991
16179
16477
16604
17582
18708
19625
20086
20094
20385
20513
20746
20877
21882
21933
22210
22225
22256
23690
25562
26761
27240
28442
28911
29201
29540
29921
30224
31181
31713
32439
32471
33870
34658
34723
35311
36160
36472
36545
36822
37853
38643
40234
40269
40903
41402
42109
42707
43676
44124
44217
46127
46309
48397
48821
48832
49838
50638
53058
53571
53799
54949
57007
57916
57949
58039
58406
58475
59122
59180
59727
60395
60515
60701
60840
61991
63192
63478
63579
65213
66068
66983
67481
67577
68577
69114
69284
69388
70046
70105
72163
72488
72887
73211
73908
75036
75422
75543
75786
77080
77210
77465
77573
78192
78738
80304
80992
81584
81616
82265
82461
83003
83866
83906
85122
86525
86829
87056
87304
88620
88752
89293
89456
89826
90869
91871
91909
93897
94516
95606
95611
95629
96209
96549
96698
96750
97052
97136
97493
97691
99810
100262
100790
100831
100854
101122
101504
101865
103231
104922
105106
106457
106507
107181
108940
110565
110811
110944
111169
111355
111667
112403
115073
116103
116662
116976
117668
118740
118870
120092
120690
121921
121969
123401
123786
123945
124812
125691
126562
126597
127243
129097
129314
129824
130755
131276
132120
134206
134541
135431
136332
137149
137270
137656
138518
139628
139979
141479
141765
141858
144132
145721
146150
147539
147788
147908
148157
149321
150015
150850
151170
152527
152821
154329
155945
156616
156656
156685
157065
159976
160413
161703
161804
161839
162437
163205
163395
163660
163678
163913
164896
165652
166314
166407
167212
167439
168771
169226
169402
170902
172382
172806
173081
173100
173239
174775
175148
175613
176550
176723
177144
177155
177618
178741
179272
180483
180720
180812
181651
181784
182347
183244
183968
184682
186308
189216
189306
190688
190771
191490
191618
192154
192891
193099
194425
195303
195345
195801
196714
196915
199955
200335
201061
201520
201588
202052
203798
206977
207227
207260
208554
208763
209099
210405
210416
210835
211502
212043
212733
215367
215716
215901
216235
216313
216981
217112
219312
219716
219893
221215
221220
221821
222272
222610
224586
224727
225104
225891
225987
226194
226448
226918
228060
228569
228686
228816
229472
230572
231209
231777
232163
232411
233170
233832
234492
235515
235621
237266
237353
237921
240092
241631
241918
241995
242710
246135
246917
247188
247533
247741
248089
248645
249131
249408
249706
249755
250214
250427
250898
250959
251973
252376
252968
253753
253890
254058
254425
254567
254672
255155
255181
256205
256735
257253
258149
258207
258779
259452
259677
260773
261280
261774
262425
262653
264195
264230
264820
264961
266919
267333
270883
271209
271230
271404
271795
271937
272855
273080
273768
274011
274521
275705
276919
277504
277977
278682
278809
279260
279560
279668
280008
280266
280402
280769
281480
282022
282175
282763
282850
282930
284818
285044
285276
285307
285610
286315
287081
287514
287692
288599
288902
289133
289425
291020
291479
292073
292141
298495
298674
299366
300063
300505
300686
301378
301719
302483
302548
303160
304208
304477
304636
305535
305899
306025
306388
306408
306916
307004
307242
307432
309069
309322
309435
309856
311573
311841
311996
312382
312878
313623
314677
314723
314985
315188
317084
318567
318841
319402
319782
321039
321509
321866
321869
322187
322556
322720
322998
326445
327784
332328
332461
332549
335118
335606
336100
336343
336466
336509
337729
339815
341325
341373
341379
341452
342521
342566
342635
342997
343244
343813
344096
344320
345605
346712
348009
348139
348235
348880
349245
349361
349503
350287
350840
352431
352884
353307
353663
354195
354867
355199
356334
357260
358124
360546
360787
360862
361454
361825
362389
363921
364207
364434
364797
364834
364965
365186
365416
365543
365585
366379
367422
369567
370153
370564
370847
371705
372171
372481
372482
373382
373441
373614
373703
373840
373926
374691
374833
374950
375186
375391
375614
376804
377097
377304
378021
378177
378475
378662
378889
379279
379932
380382
381493
382490
383381
383578
384255
385185
385464
386574
387511
388157
388523
388755
388765
389084
389613
390041
390237
390370
391187
392221
394407
394535
395280
395437
396428
396999
397290
397381
397659
397766
397805
397844
399118
399751
399847
400250
400860
401495
402229
402422
404044
404606
404953
405177
405589
405790
406447
406974
407730
407935
408928
409074
409172
409532
412891
412992
413366
414412
415334
415380
415785
416068
416877
418280
419160
419699
419877
420487
422680
422739
423133
423396
424722
424930
425239
425360
425859
426773
427172
427338
427360
428004
428984
429244
429897
430627
431170
431666
431884
432342
435099
435329
435544
436450
436865
437412
437502
438145
438234
438437
438559
438865
439129
439587
439829
440088
440322
442851
444237
444927
445979
446209
446943
447155
448503
449011
449095
449298
449491
449891
450517
450575
450697
451318
451458
451717
452630
452996
454438
454823
456342
456366
457037
457450
457636
457947
458613
458889
460199
460728
460881
460978
461017
461277
461729
461994
463264
463468
463515
463573
464776
465141
465172
465436
468256
468844
469123
469854
469930
470863
471111
471222
473839
473899
474465
474911
475765
476270
476910
477207
478508
478635
479242
480476
480836
481651
481669
483874
484169
484775
485762
485859
486028
486139
486665
487099
487384
487683
489170
489309
489481
489687
491158
491790
492337
492542
495136
495276
495865
496169
497496
498853
499244
499598
499982
500468
500687
500785
501679
501735
501882
502303
502611
502975
503109
505966
506338
507109
507672
508958
509354
509653
511462
512007
512151
515283
515320
515567
516991
517012
517384
517419
517474
518324
519825
519861
519928
520247
521049
521462
522510
522611
523079
523090
523103
523377
523454
523727
524617
526453
526640
527476
527501
528131
528677
529100
529247
529353
529765
530505
530805
531396
532449
533571
534348
534430
534903
535002
535054
535545
536514
536714
536845
537291
537347
538068
538350
538581
538937
539037
539511
540315
540400
540559
540887
540930
541122
541206
543695
544350
544699
545328
545340
545786
546263
546429
547014
548143
548658
548661
548728
549244
550573
550826
550927
552536
553354
553725
554756
554820
554901
554955
554985
555130
555809
556567
556648
557034
557847
557897
557900
557962
559191
561091
563706
563772
565629
566792
567441
567650
567773
569124
569987
572485
572677
574596
575857
576220
577057
577174
578382
578766
579231
580835
581040
583459
584112
584309
584608
585409
586254
586418
586440
586782
587525
587526
587716
587877
588127
589789
590408
591614
592417
592562
592712
593298
593810
593913
594368
594541
595174
596645
597944
598900
600207
601466
602479
602667
603667
604338
604674
604834
605299
605697
605777
606113
607051
607200
607453
607699
607898
611341
612908
613370
613842
614291
615345
615625
615930
617908
617912
618174
618707
619147
619225
619455
619498
620105
620469
624025
624693
625380
626393
626800
627052
628176
629541
629812
629875
633292
634432
634663
635126
635557
635782
636486
637721
640931
640963
641183
642634
643820
643925
644624
644801
645401
645779
646215
647412
647634
647754
647757
648302
648631
649838
650866
652510
652622
653309
653568
655827
655831
656440
657370
658507
659197
659412
659874
660786
660859
664089
664564
667007
667432
667740
668022
668245
668762
669584
669635
670042
670382
671668
671761
672298
673330
674503
675204
675734
676021
676327
677478
677950
679657
680887
681833
682173
683888
686099
686401
688259
688653
689325
689376
689624
689706
690057
690580
691892
692510
692960
693046
695590
696012
696119
696659
697074
697128
698926
699292
701078
701257
701359
701828
703050
703322
703758
704863
704945
706272
706352
706779
707066
707595
707742
707986
708866
709037
709434
710003
710109
711613
711629
711787
712224
712989
713396
713547
713750
715424
716724
717415
717837
720072
720193
720255
720753
721086
722038
722819
722886
723654
726054
726548
727213
729086
729258
730810
730977
730989
732203
732592
732887
735590
736247
737389
739518
739557
739888
740304
742070
742496
742769
742995
743761
745113
745462
750153
753033
753085
753860
755289
755862
756482
756596
757797
757929
758406
758726
758832
758924
760262
760836
761558
762597
763720
764558
764956
765031
765047
765132
765542
765891
766911
767386
767583
767584
767743
768750
769409
770168
770330
772750
773433
773617
774608
774682
774780
775483
775646
775648
775676
775736
775963
776860
777845
777985
778177
778452
778755
779339
779642
779713
780926
781149
781592
781638
782576
783368
784240
785323
785430
785711
785715
788316
789400
790123
790451
791098
791194
791603
792236
792720
792757
793583
794246
794548
794631
794743
796118
796464
796633
798219
798374
798903
799075
800561
800640
800662
801664
801778
803534
804149
804660
805688
806516
807318
808327
808451
808459
809796
810802
811484
812297
812760
813000
813566
813713
814007
814521
814641
814784
815088
815202
816071
816369
817337
818821
820263
820610
821766
822219
822512
822834
823117
824317
825139
825140
827586
827635
829121
829679
830080
830459
830586
831599
832709
832732
833370
833864
834002
835020
835333
835474
836002
836152
836186
836743
837809
837812
838078
838746
838941
839442
839581
839709
840245
841948
842896
843270
844372
844956
1127218
1127437
1129292
1130299
1130509
1130786
1132026
1132498
1132622
1133120
1133272
1133307
1134350
1136228
1136818
1136937
1137520
1137884
1139167
1140126
1140647
1141162
1141516
1142185
1143364
1145115
1145837
1145896
1146033
1146106
1146477
1147188
1147679
1148045
1148119
1149736
1152567
1153121
1154526
1154608
1155287
1155445
1157003
1157295
1157700
1158141
1159522
1159636
1160215
1160314
1160440
1161085
1161612
1162473
1164200
1164608
1165374
1166640
1166698
1167003
1167577
1167649
1168589
1168928
1169515
1169822
1170049
1170247
1171597
1172039
1173334
1174771
1177704
1178051
1179318
1179867
1181099
1181326
1184165
1184434
1185138
1185216
1185473
1186563
1186897
1186933
1188467
1188562
1188696
1188790
1188980
1189202
1189339
1190720
1190816
1191797
1191831
1192567
1193236
1193471
1195258
1196803
1197275
1197664
1197799
1198164
1199106
1199410
1200717
1200784
1201191
1201280
1201465
1201742
1203633
1203832
1204540
1204856
1205007
1205669
1205719
1205795
1206646
1207486
1208115
1208643
1209126
1210136
1210810
1211085
1211193
1211451
1211635
1211779
1212111
1213016
1213043
1213760
1213928
1215027
1215786
1216810
1216853
1218291
1218667
1219504
1219942
1220565
1220983
1221250
1221493
1222035
1223838
1223921
1224388
1224521
1224654
1225042
1225270
1226197
1227707
1229908
1230608
1231561
1232100
1232828
1232970
1233743
1234023
1234326
1234525
1234687
1236107
1237615
1238167
1238363
1239261
1239269
1244607
1245806
1247457
1247905
1247952
1248251
1248541
1248903
1249206
1249266
1249748
1249865
1249942
1250348
1251361
1252792
1253435
1253477
1254588
1254915
1254968
1255638
1255644
1257709
1258055
1258904
1258945
1259989
1260574
1260669
1260883
1261837
1262248
1262251
1263023
1265437
1265996
1266008
1266271
1266373
1266460
1266812
1267396
1268990
1269399
1270091
1270794
1272831
1272938
1273827
1273992
1274375
1275733
1275899
1276194
1276233
1280747
1280946
1282237
1283699
1284247
1285112
1286074
1286542
1287653
1288513
1289021
1291300
1291888
1292536
1293763
1293988
1294602
1294860
1295645
1295889
1296249
1297621
1297746
1298817
1299234
1301208
1301363
1301624
1301846
1303501
1304335
1305403
1305425
1306111
1307138
1307613
1307948
1308899
1308995
1309022
1309892
1311307
1311319
1312264
1313485
1313505
1314348
1314637
1315291
1317115
1317274
1317762
1318111
1318494
1319164
1319393
1320068
1321655
1321752
1322091
1322112
1323426
1323765
1324689
1325221
1325608
1326023
1328325
1328602
1328982
1331001
1332749
1333899
1335256
1335616
1336630
1337265
1339561
1339933
1340151
1340585
1340917
1341681
1341804
1342616
1344399
1345645
1346209
1346820
1346855
1347506
1348755
1349073
1351159
1352770
1354151
1355578
1356834
1358565
1358568
1358600
1360163
1362424
1362502
1362580
1362659
1363516
1363819
1363839
1363979
1364202
1368248
1369189
1369411
1370816
1371119
1372076
1372086
1373740
1373786
1376036
1376106
1376179
1376198
1376468
1377242
1377680
1379216
1379385
1379740
1382387
1382761
1383011
1384421
1384631
1384673
1384857
1386065
1386931
1387872
1388455
1388565
1389831
1390688
1391728
1391913
1392363
1393608
1394825
1397886
1398476
1398969
1399003
1399065
1399451
1399788
1400628
1401687
1401981
1402026
1402363
1402366
1402595
1404028
1406581
1406992
1407708
1410701
1410706
1411514
1412798
1413594
1413716
1414280
1414337
1414992
1415537
1415603
1417138
1417215
1418188
1418413
1418902
1420017
1420342
1420828
1421006
1423100
1423361
1424106
1424465
1425519
1428437
1428576
1429090
1429346
1430935
1431968
1432008
1433058
1433768
1433895
1434007
1435562
1436134
1438050
1438098
1441142
1441201
1441346
1441352
1441471
1442070
1442605
1442807
1442995
1443883
1444054
1444172
1445081
1445421
1445651
1446434
1447238
1447334
1449306
1450193
1450268
1454554
1455586
1455602
1455829
1455872
1455972
1457168
1458287
1459038
1459170
1459205
1460213
1461020
1461074
1461764
1461797
1461868
1461890
1461964
1462183
1462544
1462882
1464626
1465368
1465743
1465887
1465949
1466021
1466067
1468349
1468639
1469769
1470213
1471603
1472044
1472521
1472532
1472535
1472611
1473177
1473457
1473637
1474615
1474775
1474827
1475812
1476101
1476222
1476886
1476944
1477017
1477965
1478230
1479094
1479596
1481461
1482241
1482277
1483156
1483842
1485537
1485586
1486537
1488821
1490391
1490870
1491104
1491411
1492349
1493185
1493463
1494101
1495284
1495876
1496206
1497097
1497623
1498153
1498636
1501451
1502367
1503280
1504365
1504923
1505560
1506004
1506238
1506367
1508691
1508756
1509490
1510075
1510944
1510957
1512631
1513532
1513649
1516213
1516322
1516553
1516881
1517570
1519631
1519644
1520091
1520870
1520883
1521185
1521750
1521962
1522378
1522456
1523219
1523283
1523846
1524807
1525141
1525401
1526624
1527679
1528342
1528860
1528927
1529230
1530062
1530406
1532954
1534781
1535917
1536212
1536382
1537749
1538542
1538930
1539087
1540474
1540978
1541808
1541943
1542350
1542883
1542897
1543576
1544729
1545028
1545694
1547171
1547783
1548620
1548840
1549027
1550527
1552653
1555060
1555272
1555728
1558254
1558294
1558447
1560037
1560356
1561175
1562182
1565565
1566526
1567758
1568446
1569926
1571159
1571304
1571988
1572026
1573423
1577074
1579320
1579335
1579899
1582694
1585046
1585396
1585931
1586194
1588972
1589650
1593745
1593811
1594334
1594512
1594834
1595878
1597201
1597337
1597381
1598222
1598256
1599346
1600064
1600109
1601475
1602251
1602743
1602853
1603108
1605585
1606346
1606388
1606599
1606853
1608082
1608557
1609620
1609911
1610610
1611378
1612640
1612889
1613173
1613280
1613327
1614004
1614758
1615695
1616839
1616846
1617159
1617759
1617945
1618007
1619410
1619870
1620079
1620885
1621515
1622708
1622726
1622879
1623112
1623184
1623306
1625206
1625680
1625734
1626787
1627245
1627580
1629223
1630672
1630870
1632837
1632888
1633579
1634822
1634843
1636142
1636592
1638473
1639193
1639346
1640517
1640579
1640827
1641338
1642054
1642436
1643027
1643042
1643121
1643638
1643662
1644863
1645599
1645883
1646173
1647261
1647383
1647907
1648705
1649141
1650001
1650089
1650309
1651617
1652174
1652693
1656529
1657200
1657977
1658618
1660343
1660423
1660865
1662691
1664069
1664143
1664231
1664765
1665263
1665872
1666642
1668014
1669716
1670811
1671217
1673863
1675065
1675688
1676086
1676098
1676284
1676948
1677039
1677329
1678494
1682943
1684005
1684881
848665
849312
849413
849586
849873
850136
852599
853534
853578
853957
854225
855781
856495
856605
856764
856885
857035
857755
858693
859224
859797
860192
860479
860577
860590
860831
861384
862539
863227
863295
863310
864420
865014
866008
866268
866370
869515
869817
869941
869993
870020
870413
870426
870520
871818
871881
872142
872656
873207
873408
873571
873939
875010
875060
875928
876194
876368
876818
877808
877960
878680
878716
879302
879722
879834
880298
880357
880426
881159
881338
882715
885962
886873
887051
887221
887227
888956
889753
891088
896220
896714
896968
897766
897789
897964
897975
898292
899396
899512
900098
900624
900930
900964
901053
901085
901657
901856
902083
902331
903165
903901
904101
904834
904927
905445
906062
906404
906467
907080
907467
909622
910336
912792
914906
915299
915883
915962
916225
916822
917683
917900
919844
921947
922051
922204
922951
924875
925448
926075
927086
927346
927591
929203
929290
929497
930214
930737
931052
931742
932352
934279
934628
935028
935400
935909
936119
936287
937258
938632
940300
940560
940814
941620
942358
942432
943336
943910
945838
945869
948024
948572
949355
949393
949924
950378
950892
951799
952804
954195
955445
956465
956866
957641
957727
958261
958586
958598
958712
960102
960462
960776
960794
961495
961730
962915
963527
964043
964074
964435
965581
965700
965723
966012
966026
966761
967086
967125
967766
967769
968349
968781
969059
969700
969991
970196
971119
971574
972130
972993
973234
973756
973989
974065
974597
975371
975511
976844
977071
977749
978788
979237
980185
980366
980429
980448
980492
980681
981981
984600
986347
986833
987469
987596
987629
987990
988417
988893
990064
990325
990516
990557
991143
992099
992350
993728
994190
994200
994229
995238
998224
999896
999929
1000313
1000554
1000583
1001308
1001316
1001464
1002891
1003045
1003535
1003741
1004849
1005052
1005283
1006203
1007250
1007938
1008895
1008978
1009282
1009370
1011310
1012601
1013952
1014408
1014694
1015037
1015043
1015525
1016608
1016706
1017341
1018663
1018710
1019874
1019890
1020884
1021178
1021411
1021716
1022076
1022925
1023496
1023600
1024768
1024811
1025788
1026866
1027403
1027983
1028135
1029758
1029999
1030856
1031094
1031284
1032438
1032576
1034230
1034579
1035006
1035935
1036215
1036266
1037050
1037786
1038441
1038846
1038944
1039267
1041464
1042760
1043414
1043446
1044388
1044816
1044837
1044871
1045192
1045666
1046510
1047139
1048683
1048707
1049098
1049601
1049654
1050074
1051590
1052034
1052324
1052746
1054011
1054799
1055842
1057603
1059480
1060061
1061899
1062170
1062675
1062971
1063450
1064582
1064964
1065248
1065381
1066152
1066572
1067210
1068851
1070110
1071838
1072874
1073674
1074844
1074931
1075193
1075827
1076328
1076534
1076838
1077260
1077934
1078491
1081191
1081328
1081609
1081696
1083065
1083489
1083575
1083709
1085226
1085605
1085748
1088019
1088395
1089047
1089206
1089536
1090490
1090993
1091216
1092524
1092701
1094359
1098024
1099292
1099961
1101073
1102252
1102594
1103120
1103157
1103522
1105932
1106127
1107494
1107658
1108147
1108280
1108511
1110197
1110547
1111933
1111946
1113431
1113727
1116167
1116361
1116693
1116986
1118115
1118317
1118736
1120239
1120599
1120691
1120980
1121902
1122876
1122897
1123560
1123777
1125010
1125047
1125228
1126097
1685789
1685847
1687452
1689512
1689995
1690291
1690667
1690895
1691895
1692084
1693268
1694619
1694721
1694976
1695180
1696135
1696155
1696287
1697649
1697966
1700655
1701748
1702118
1705784
1705997
1706164
1706182
1706426
1707919
1707920
1708072
1708182
1708229
1708316
1708703
1708938
1710653
1710713
1710987
1711069
1711123
1711400
1712696
1712814
1713652
1714486
1714707
1715881
1715943
1717384
1717515
1718781
1719372
1719811
1719899
1720279
1720922
1721291
1722383
1723189
1724707
1726089
1726662
1727198
1727529
1728439
1728946
1729275
1732181
1733073
1733780
1734512
1735224
1736032
1737755
1737816
1738398
1739485
1740083
1740640
1741237
1741704
1742676
1743022
1744296
1744607
1744718
1744919
1746706
1747190
1748382
1748433
1748881
1749771
1750388
1750449
1750854
1751513
1752654
1752665
1753156
1753214
1753901
1754599
1755183
1755255
1755359
1756717
1758351
1758837
1759491
1760403
1761126
1763429
1763874
1764435
1765014
1765207
1765332
1765400
1766373
1766540
1768000
1769830
1771360
1771394
1771796
1772190
1773021
1773233
1773492
1773493
1773527
1774511
1774699
1774969
1775106
1775568
1775698
1775704
1776774
1777146
1777201
1777208
1777986
1780011
1780023
1781856
1781898
1784167
1784348
1788074
1788701
1788941
1789072
1789996
1790720
1791664
1791668
1792065
1793609
1793751
1794070
1794726
1794932
1795534
1796239
1797046
1797101
1797203
1798079
1798085
1798324
1798947
1799037
1799096
1799202
1799302
1799433
1800183
1800310
1800597
1801253
1802858
1803057
1803293
1804843
1805326
1805883
1806385
1806412
1806413
1807103
1808025
1809299
1809319
1809927
1810720
1810761
1810913
1812050
1812090
1812880
1813571
1813938
1814154
1815098
1815345
1816120
1816745
1817214
1819651
1820045
1820337
1820446
1820963
1824172
1824932
1824988
1825782
1825930
1826472
1827304
1828560
1828825
1828981
1829384
1830317
1830426
1831008
1832889
1833098
1834176
1835396
1835665
1836233
1836823
1837598
1837725
1837861
1837863
1838089
1838376
1838417
1840846
1842098
1842500
1842965
1843697
1844864
1844937
1845509
1847142
1848026
1848902
1849619
1849761
1850148
1850153
1851331
1851408
1854091
1854989
1856056
1856699
1857475
1858538
1859411
1859512
1859593
1860011
1860269
1861591
1862907
1863442
1863606
1864897
1865562
1865857
1867875
1867926
1867993
1868284
1868628
1868923
1869225
1869469
1870281
1872440
1874025
1875170
1875207
1876129
1876141
1877823
1878001
1878229
1878339
1878491
1878646
1878746
1879499
1879540
1880069
1880655
1881916
1882479
1882615
1883273
1883474
1884142
1885435
1885919
1886055
1886382
1886485
1886507
1886669
1887944
1888045
1889483
1889622
1890438
1891043
1892176
1892559
1893292
1896034
1897376
1897858
1898493
1899519
1899569
1899932
1901644
1902050
1902152
1902194
1902516
1903305
1903939
1904082
1904387
1904569
1904954
1905318
1907137
1907577
1907978
1908559
1910107
1910132
1911187
1912474
1913629
1914272
1914466
1914550
1915273
1915386
1915977
1916174
1916801
1916990
1917666
1919458
1919656
1920071
1920621
1921399
1922717
1922868
1923668
1924314
1924974
1925735
1927673
1928432
1929576
1931514
1932139
1933353
1933527
1933671
1935343
1935455
1935482
1936078
1937072
1937367
1937571
1937659
1937887
1938054
1938619
1939998
1941756
1941942
1943563
1944600
1946105
1947578
1948770
1949592
1950057
1950724
1951758
1951790
1953006
1953092
1953160
1953653
1953935
1954207
1954300
1955294
1956132
1956517
1956859
1957277
1958082
1958394
1958907
1959802
1960614
1961365
1961836
1963328
1964249
1964968
1966371
1967993
1970992
1971374
1972411
1972644
1973058
1973729
1974249
1974341
1974438
1974791
1975884
1976088
1976307
1977047
1977953
1978328
1978868
1979001
1979617
1981111
1981620
1981944
1982106
1985186
1986723
1987262
1987464
1988179
1988339
1988451
1988651
1989653
1990112
1993055
1994016
1994508
1995417
1995498
1995914
1996049
1998199
2000164
2000600
2000661
2001711
2001820
2002278
2002555
2002972
2004144
2004893
2005531
2008150
2009485
2009970
2011162
2011201
2011626
2012290
2012784
2013147
2013159
2013854
2015465
2015810
2016340
2016902
2017206
2018408
2018469
2019509
2019772
2020303
2020558
2020647
2021570
2021847
2021922
2022150
2022609
2023195
2024163
2025818
2025840
2025947
2028035
2030195
2032128
2032338
2032546
2033112
2033491
2034263
2034777
2034854
2035317
2035342
2036936
2037192
2037301
2037314
2037377
2037820
2038490
2038711
2038784
2039346
2039668
2040457
2040548
2041686
2041852
2041984
2044492
2044886
2044906
2045117
2045170
2050592
2051125
2051386
2052215
2053754
2053803
2053913
2054248
2054723
2054839
2055021
2056483
2056745
2056875
2057515
2057558
2057668
2058509
2058587
2058910
2059003
2059080
2060203
2060721
2060811
2061232
2061355
2062750
2062752
2062915
2063303
2063402
2063763
2064175
2064407
2064672
2065514
2065567
2065743
2066235
2066839
2067694
2069077
2069283
2069598
2069920
2071285
2072771
2073498
2073983
2075261
2075378
2076197
2076274
2078981
2079542
2080008
2081061
2082560
2082980
2083347
2083521
2084425
2086738
2087302
2088060
2088186
2088522
2088775
2088959
2089267
2089703
2089834
2090958
2091783
2092686
2092724
2092987
2093204
2093584
2093880
2094302
2094462
2095044
2095299
2095435
2096239
2096517
2096574
2096842
2097276
2097582
2097951
2098282
2098858
2099505
2099525
2100006
2100307
2102853
2103384
2104850
2105056
2105203
2105954
2106415
2106650
2107303
2108069
2108105
2109245
2109769
2110545
2111188
2112018
2112096
2115014
2115849
2116420
2117284
2117435
2117717
2117869
2117938
2120131
2120207
2121168
2121401
2121624
2122641
2123709
2123830
2125698
2127065
2127491
2127587
2127779
2128894
2130524
2130997
2131304
2131388
2132282
2132677
2134365
2134484
2135580
2137458
2137912
2137997
2138735
2138843
2139026
2139484
2139899
2140179
2140556
2141595
2142786
2143228
2143585
2143701
2144147
2146566
2147686
2148056
2148762
2150683
2151697
2151831
2152005
2152140
2152530
2153194
2153572
2154450
2154929
2156755
2156878
2157935
2158322
2158903
2160709
2160966
2161264
2162868
2162963
2164258
2165502
2166020
2168069
2169119
2169582
2170832
2171066
2171768
2171867
2173461
2173730
2174183
2174259
2176195
2176453
2177871
2178046
2178317
2178504
2179287
2179564
2179719
2179928
2181250
2181485
2182069
2182150
2182349
2183609
2184171
2184545
2184797
2185079
2185458
2186665
2187203
2187943
2188721
2188928
2189455
2189536
2189665
2189719
2190235
2190246
2192004
2192397
2193020
2193082
2193440
2195079
2195239
2195961
2195996
2196585
2197139
2197144
2197601
2198801
2198979
2199017
2199352
2199607
2199907
2199993
2200131
2200825
2201466
2202690
2203007
2203012
2203447
2204476
2204878
2205069
2205079
2205126
2205407
2206019
2206166
2206289
2206464
2207462
2208241
2209815
2210054
2210078
2211194
2212842
2212845
2212923
2214835
2214840
2216023
2217412
2217436
2218155
2218167
2218383
2218752
2219293
2220498
2221311
2221450
2221676
2222126
2222358
2222468
2223153
2223382
2223940
2224359
2225570
2225602
2225914
2226375
2226585
2226625
2227363
2228169
2228840
2228947
2229182
2229297
2230017
2230444
2233955
2234365
2234572
2234886
2238008
2238664
2239739
2240061
2240631
2241214
2241692
2242339
2243185
2243387
2243788
2243872
2244317
2244372
2244384
2244418
2244680
2247489
2247715
2247776
2248097
2248213
2249333
2249744
2250055
2250286
2250399
2250866
2251944
2252228
2252465
2253380
2253395
2254387
2254974
2256311
2257075
2257184
2257396
2257496
2257719
2259770
2260130
2260507
2260518
2260748
2265064
2266107
2266501
2266596
2268088
2268273
2268497
2269021
2270363
2270641
2270935
2271064
2271625
2273456
2274693
2274795
2275987
2276933
2279686
2280101
2281121
2281597
2281686
2281891
2282166
2282608
2283212
2283601
2284325
2284705
2284815
2284998
2286276
2286746
2287072
2287179
2288035
2289303
2289478
2289527
2290009
2290141
2290319
2290683
2291009
2292982
2294187
2295453
2296071
2296186
2296699
2297289
2297352
2298417
2298668
2299227
2299250
2299790
2301749
2302106
2302354
2304563
2306573
2307606
2307716
2309872
2310277
2311388
2312455
2312524
2313201
2313404
2313741
2314256
2315259
2316051
2316221
2316962
2317300
2317646
2318384
2318461
2319871
2320175
2320547
2321721
2321957
2323128
2324142
2324334
2325759
2325967
2326631
2326969
2328454
2328456
2328937
2329066
2329117
2329207
2329339
2329415
2330277
2330523
2331799
2332127
2332292
2333066
2333155
2333369
2333537
2333659
2333727
2334022
2334516
2335396
2335655
2336428
2336633
2336954
2337362
2337678
2338191
2338270
2338440
2338767
2339187
2339544
2339752
2339937
2340043
2340314
2340538
2340567
2341255
2341353
2342055
2343096
2344901
2345339
2345401
2346540
2347525
2349044
2349435
2349561
2349876
2350645
2350905
2352001
2352014
2352277
2352437
2352528
2352899
2353443
2354403
2355431
2355853
2356016
2357701
2357877
2358685
2358765
2360730
2361070
2361917
2362733
2363949
2363955
2364186
2365557
2365662
2366620
2367154
2368404
2369507
2369515
2369806
2370587
2371190
2372449
2372537
2372742
2373568
2373635
2374112
2376011
2376312
2376998
2377528
2378069
2378141
2378322
2379999
2380121
2381358
2381942
2382633
2383250
2384663
2385834
2387491
2388156
2388974
2391887
2393785
2394959
2395107
2395845
2396475
2396528
2397507
2397628
2399278
2399892
2400693
2400853
2401797
2401981
2402839
2403226
2403317
2403967
2404410
2404612
2404811
2405238
2405436
2406178
2406296
2406310
2406593
2406721
2406749
2407224
2407769
2408445
2409239
2410286
2410501
2410820
2411735
2411890
2412058
2412267
2412428
2413139
2413563
2415383
2416532
2417655
2420053
2420649
2422564
2423804
2424878
2425491
2425501
2426944
2427702
2428006
2428318
2428348
2429103
2429149
2430974
2431971
2432294
2433297
2433328
2434156
2435059
2435211
2437552
2437564
2437646
2438078
2439493
2439841
2441882
2443585
2443625
2444141
2444227
2444251
2444756
2444901
2445153
2446035
2446639
2447454
2447571
2448257
2449044
2451942
2452339
2452456
2453173
2453191
2453375
2453575
2454242
2454603
2457258
2457374
2457416
2459177
2459200
2460395
2460532
2460597
2460882
2461381
2462792
2462947
2465925
2466373
2468346
2468836
2469533
2469709
2470602
2470827
2471385
2471743
2471798
2473455
2473473
2473683
2473720
2474453
2474840
2474993
2475413
2476679
2476759
2476947
2477634
2477674
2477905
2478419
2478514
2478989
2480050
2481566
2481715
2482732
2483211
2483411
2483473
2484028
2485905
2486296
2486376
2486771
2488397
2488770
2488864
2490908
2491100
2492280
2492827
2493159
2494265
2495121
2496344
2497008
2497510
2497522
2497571
2498382
2498500
2498779
2499462
2500090
2500331
2501183
2501908
2501964
2502104
2502327
2503871
2503949
2504464
2504861
2504986
2505083
2505372
2505420
2507468
2508792
2508826
2510001
2510204
2510399
2510495
2510695
2510838
2511241
2512047
2512342
2512404
2512704
2512779
2512815
2512968
2513081
2514133
2514224
2514232
2515201
2515442
2515481
2516071
2516971
2518255
2518389
2519021
2519608
2520458
2520789
2521044
2521868
2521942
2522058
2523342
2524873
2525429
2525641
2526691
2527796
2527988
2528721
2529253
2529831
2530007
2530205
2530630
2531051
2531241
2531479
2532262
2532546
2533589
2534319
2535064
2535351
2535701
2535715
2535916
2535938
2536161
2537115
2537299
2537444
2537902
2537903
2539168
2540105
2540826
2541168
2542050
2542320
2542451
2542553
2543741
2544492
2545324
2545512
2547212
2548364
2551207
2551747
2552736
2552771
2553118
2553507
2553581
2554996
2555240
2556021
2556930
2559006
2559968
2560059
2560492
2561293
2561572
2561709
2562390
2562944
2563175
2563230
2563338
2564020
2564759
2564783
2565622
2566429
2566668
2566776
2566819
2567328
2568591
2569997
2570196
2570550
2574014
2574791
2576566
2576893
2577509
2578038
2579321
2579880
2580811
2581090
2581240
2581691
2582000
2584644
2584784
2585523
2586030
2590575
2591345
2592693
2595146
2596111
2596986
2597976
2598381
2598993
2599682
2600448
2601520
2601759
2601784
2602039
2602178
2602392
2603696
2603987
2604238
2604776
2604952
2604980
2605915
2605930
2605985
2606874
2607618
2607836
2608219
2609372
2610983
2612455
2612523
2612570
2612669
2612886
2613316
2613433
2614055
2614782
2616036
2616529
2616771
2616842
2617118
2617448
2617561
2621489
2622661
2624307
2625631
2625633
2626200
2626531
2626711
2628145
2629128
2629604
2630141
2630884
2631014
2631308
2631559
2631584
2632680
2634595
2635031
2636247
2636623
2636797
2637669
2637749
2638000
2639307
2639854
2642086
2642116
2643632
2643992
2645496
2645694
2646820
2647148
2648798
2651082
2651457
2651490
2651871
2651900
2652096
2652527
2654447
2655398
2655653
2655897
2657596
2657784
2658130
2658439
2658500
2659194
2660149
2660186
2661433
2661561
2662949
2663072
2663105
2663411
2664370
2666400
2668642
2669173
2670642
2671005
2672207
2673501
2673635
2673648
2674807
2675795
2676291
2676357
2678988
2679248
2679326
2680025
2681584
2682795
2682917
2683040
2683732
2683853
2684208
2684294
2684422
2685619
2685701
2686381
2686807
2686817
2687033
2687321
2687328
2689623
2691497
2691676
2692231
2692473
2692800
2693287
2694784
2695115
2695196
2696989
2697378
2697866
2697919
2699521
2699681
2700071
2700140
2700760
2701263
2701349
2701445
2702246
2702604
2703238
2703317
2703354
2704067
2705369
2706086
2706666
2706968
2707904
2710088
2710185
2710335
2711241
2711549
2712050
2712194
2712393
2713131
2713146
2713240
2713949
2714288
2714342
2714513
2714764
2715548
2715552
2716675
2717426
2717818
2717979
2718015
2718734
2718810
2719107
2719223
2719284
2720300
2720900
2720948
2721527
2721666
2721713
2722553
2724238
2724295
2724706
2725182
2725857
2726051
2726137
2726776
2726895
2727310
2728103
2728202
2728856
2729112
2730936
2730977
2731037
2731706
2731803
2733667
2734141
2736196
2737674
2738008
2739066
2739670
2740808
2742846
2743077
2743520
2743910
2743935
2744162
2744598
2744779
2745383
2746040
2746546
2747327
2749172
2749607
2749769
2749981
2750124
2750550
2750966
2751760
2751874
2752492
2752625
2752879
2753086
2753106
2753123
2753169
2754700
2755671
2755845
2756855
2756860
2758236
2758744
2758979
2760041
2760606
2760695
2761667
2762319
2762874
2763019
2763879
2765053
2765119
2765903
2766180
2766707
2768667
2768958
2769017
2769029
2769112
2769230
2769245
2769469
2769590
2769808
2770752
2771129
2771809
2773554
2774176
2775878
2776027
2776167
2776493
2776677
2777315
2777438
2778581
2778821
2778914
2781967
2783123
2783419
2784304
2784385
2784568
2787642
2788518
2788734
2788807
2789563
2789665
2790646
2790856
2790876
2790929
2791022
2791390
2794515
2795033
2795537
2796264
2796748
2796952
2797459
2797634
2797950
2798447
2799249
2799268
2799596
2799628
2799703
2800466
2801688
2802321
2802819
2803515
2805375
2805834
2806579
2806648
2806758
2806900
2807214
2807430
2807673
2808099
2808229
2808329
2808995
2809372
2809482
2812622
2812717
2812827
2812997
2813379
2813502
2814286
2814919
2815848
2815900
2816292
2816428
2817200
2817506
2817949
2818080
2818627
2820163
2820350
2820530
2821185
2821382
2821885
2822152
2822223
2824568
2824584
2824870
2824974
2825143
2825240
2825780
2826358
2826995
2827891
2828551
2828762
2829155
2830003
2830771
2832923
2832944
2833069
2833534
2834892
2835946
2836238
2836392
2837023
2837488
2838169
2838992
2839937
2840286
2840959
2841047
2841252
2841966
2842533
2842674
2843480
2843617
2844166
2844260
2844299
2844799
2845417
2845515
2848094
2848185
2848536
2849278
2849753
2850551
2850662
2851086
2852093
2852351
2852767
2852909
2853844
2854458
2855113
2855364
2856313
2856427
2856640
2857542
2858030
2859172
2860606
2861098
2862222
2862776
2862838
2863654
2864906
2865825
2865917
2866024
2866472
2867496
2868047
2868452
2869400
2869869
2870646
2870913
2873474
2873606
2873760
2874260
2874565
2875234
2875390
2876021
2876981
2877390
2877496
2877863
2881319
2882603
2883767
2885005
2885142
2885826
2886723
2890113
2891136
2892909
2893998
2894855
2896666
2896869
2898432
2898616
2898782
2899010
2900193
2902090
2903616
2903743
2903940
2904241
2904817
2905736
2906941
2906972
2907790
2908109
2908265
2908346
2908546
2908599
2909222
2909906
2909986
2910062
2910320
2910496
2912587
2913417
2913428
2915550
2915573
2915988
2916604
2916642
2917157
2918796
2920503
2920523
2920679
2920804
2921257
2921354
2921505
2922515
2922575
2923086
2923443
2923572
2923988
2924598
2924830
2925204
2925950
2926178
2927086
2928120
2930156
2930295
2931068
2931739
2933411
2934387
2934523
2934643
2935937
2936458
2937063
2938671
2939753
2940201
2940971
2941574
2941651
2941660
2942686
2942858
2944345
2944745
2946095
2946323
2946963
2947034
2947498
2948068
2948422
2948526
2949306
2949977
2950265
2950746
2952487
2952508
2952595
2953249
2954489
2954793
2956340
2956640
2956678
2956741
2957066
2957170
2957387
2957670
2957823
2958159
2958215
2959430
2959698
2959843
2960482
2960700
2961878
2962549
2963026
2964108
2964138
2964441
2965291
2967933
2967987
2968387
2968427
2968470
2968994
2969570
2970048
2970283
2971212
2971498
2971905
2972319
2972442
2973153
2973335
2973361
2974252
2976125
2976412
2976668
2977227
2978348
2978726
2978889
2978962
2979172
2979735
2980631
2980662
2980702
2981196
2982978
2983238
2984093
2984102
2984729
2986483
2986697
2987620
2987644
2988580
2990239
2991191
2991933
2993477
2993561
2994207
2994580
2994682
2995311
2995694
2996003
2996212
2996245
2996847
2997186
2998840
2999215
2999800
3000169
3000713
3001970
3002141
3002268
3002753
3003876
3007400
3009420
3009777
3010344
3010377
3010851
3010955
3011045
3011746
3012993
3014624
3014690
3014708
3015255
3015549
3016309
3017134
3018005
3018791
3019242
3019252
3020385
3021382
3021530
3021882
3022011
3024028
3024358
3024504
3024876
3024895
3025974
3026102
3026823
3026890
3026990
3027129
3027248
3027446
3027622
3027796
3028611
3029037
3029382
3029783
3030085
3031538
3031603
3032500
3032822
3032943
3033759
3034398
3036986
3037175
3039344
3039997
3040140
3041310
3041869
3042106
3042486
3043202
3043503
3043628
3044283
3045639
3045859
3046286
3046434
3046821
3046851
3047655
3048274
3049407
3050959
3051753
3052024
3052472
3052482
3052567
3053046
3053073
3053291
3053642
3053880
3054041
3054208
3054354
3055088
3056205
3056222
3056840
3056983
3058359
3058452
3059950
3061049
3061513
3061625
3063298
3063981
3065617
3066094
3066741
3067628
3067911
3068178
3069834
3071679
3071798
3071941
3072797
3072981
3073278
3073475
3073624
3074264
3074661
3074753
3074976
3075111
3075776
3076833
3077630
3077746
3079942
3080296
3080692
3081456
3081603
3081781
3082422
3082479
3082654
3082709
3083213
3083669
3084421
3084830
3084838
3085094
3085265
3085738
3086013
3086235
3086255
3086759
3086804
3087720
3088565
3089304
3090402
3090747
3090924
3091050
3091210
3092963
3093004
3093754
3093819
3094062
3094656
3094881
3095139
3096220
3096528
3096733
3097146
3097657
3097807
3098033
3099389
3099617
3100553
3100573
3100684
3100690
3101256
3101842
3102536
3103648
3103693
3103729
3103737
3103828
3105428
3105928
3106595
3106881
3109505
3109653
3111634
3111802
3113309
3114760
3115290
3115741
3116121
3116349
3116619
3117521
3118064
3118262
3118667
3118853
3119642
3119777
3119891
3120030
3121975
3122197
3122662
3122901
3123330
3123426
3124146
3124525
3125149
3125358
3125759
3125971
3126012
3126928
3127015
3127796
3128278
3128711
3129679
3129861
3130106
3130657
3131110
3131456
3131509
3131612
3131642
3132465
3132837
3132922
3133157
3133511
3133670
3135069
3135499
3136228
3137003
3137138
3138197
3138389
3138918
3139086
3139135
3139460
3139649
3140882
3141602
3141686
3142827
3145320
3145627
3147574
3147812
3149490
3151659
3151699
3153431
3154525
3154662
3154783
3156019
3156811
3157089
3157246
3157916
3158351
3158947
3159139
3159210
3159215
3159827
3160636
3161309
3161413
3162811
3163670
3164285
3164601
3165006
3165772
3165799
3166480
3167309
3168985
3169348
3169680
3169747
3169990
3170381
3170737
3171404
3171804
3172397
3172485
3173009
3173701
3174424
3175051
3175226
3175264
3175414
3175592
3176280
3176381
3176678
3178031
3179058
3179575
3180425
3180671
3182608
3183381
3183763
3185968
3187765
3189328
3189444
3190460
3190931
3191586
3191591
3191700
3191921
3192752
3192769
3194345
3194936
3196686
3197407
3198065
3198595
3199991
3200293
3202161
3203434
3203783
3203999
3204164
3205197
3207341
3207384
3208090
3208646
3209368
3209414
3209881
3209947
3210279
3210322
3210546
3212663
3214748
3214761
3215411
3215519
3216556
3217398
3218031
3218931
3219693
3219790
3221369
3221402
3222503
3222561
3222828
3223128
3224517
3225197
3225541
3226618
3226826
3227952
3229071
3229326
3229666
3230077
3230410
3231347
3231411
3232248
3232509
3233230
3233353
3234277
3234455
3235690
3235973
3236256
3236994
3237488
3237669
3237716
3237941
3240104
3241182
3241274
3241698
3241926
3243160
3243518
3243687
3244542
3245009
3245081
3245591
3245843
3246959
3247501
3247582
3248017
3248939
3249382
3249414
3250274
3250459
3251255
3252566
3252712
3252934
3253211
3253308
3254989
3255365
3256025
3256406
3256784
3258090
3258150
3258537
3258938
3259054
3260049
3260513
3261663
3262955
3263732
3264750
3264880
3265057
3265059
3265206
3265300
3267567
3267715
3268671
3269277
3270702
3271183
3271547
3271835
3272751
3273283
3274325
3274430
3274734
3274800
3275074
3276810
3277285
3280249
3280312
3281800
3281818
3283047
3283511
3283625
3285308
3286437
3288099
3288150
3288769
3289031
3289100
3289338
3289721
3291489
3291897
3292084
3292247
3292290
3292545
3292777
3295963
3296407
3297118
3297941
3298435
3298532
3299187
3301554
3301573
3302332
3305247
3305338
3306851
3307889
3308813
3309080
3309175
3311329
3311490
3311933
3313116
3315324
3317056
3317058
3317090
3317312
3317730
3319687
3320241
3321102
3321425
3323792
3323980
3324203
3324320
3324875
3325429
3325512
3325563
3326219
3326259
3326782
3327900
3328517
3328678
3328733
3330873
3331181
3333462
3334086
3335799
3337061
3337829
3338149
3338571
3339138
3340903
3341027
3341260
3341972
3342475
3342934
3343107
3343834
3344631
3344911
3345258
3345988
3347023
3348270
3348804
3348862
3349017
3349628
3351227
3352543
3353074
3353858
3354818
3355174
3356185
3356787
3357951
3358408
3358591
3358730
3360627
3360782
3361307
3361528
3362432
3364223
3364812
3365054
3365066
3365636
3366416
3366837
3367385
3367469
3367870
3368008
3368707
3369171
3369881
3370728
3371689
3373688
3374077
3374960
3375314
3376986
3377166
3377389
3377526
3377664
3378007
3378255
3378765
3379293
3380029
3380546
3380685
3380814
3381462
3381535
3381787
3382384
3383077
3384413
3384825
3385736
3385768
3387883
3388130
3389524
3389559
3390704
3391293
3391597
3391621
3391669
3391775
3391854
3393459
3393835
3393993
3395869
3396520
3396907
3399760
3400805
3401316
3401460
3402126
3402549
3404446
3405864
3407401
3410086
3410855
3410976
3412469
3412484
3412562
3412824
3413324
3413472
3414728
3418303
3418390
3419524
3419568
3419877
3419881
3420255
3420657
3420779
3422743
3423638
3424946
3425184
3426126
3426242
3426446
3427040
3427885
3428388
3430952
3431046
3432157
3432909
3433383
3434177
3435326
3435523
3436122
3436891
3437329
3437363
3437413
3438325
3438411
3438530
3439046
3439107
3439289
3440731
3441495
3442431
3445720
3446850
3447125
3447291
3447451
3447594
3448587
3449028
3449399
3451172
3451498
3451648
3451692
3451732
3453026
3454683
3455483
3456517
3458980
3459408
3459487
3460428
3460747
3461149
3461774
3462004
3462031
3463788
3465224
3465648
3465902
3466162
3466701
3467136
3467224
3468205
3468332
3469147
3469268
3469928
3469958
3470537
3470620
3471177
3471394
3471475
3472757
3473509
3474519
3474654
3476250
3477379
3478265
3478652
3478716
3479193
3479912
3480218
3480442
3480766
3481364
3481850
3481871
3482710
3483089
3483146
3484132
3484360
3484403
3485880
3487319
3487715
3489258
3489455
3490400
3490893
3491467
3492306
3492550
3494395
3494847
3495707
3495765
3495938
3496344
3496366
3496397
3496588
3496775
3497821
3498212
3502276
3502362
3502838
3502864
3503933
3504502
3504919
3505521
3505630
3506522
3507288
3507428
3508359
3508917
3509125
3510693
3510852
3510934
3511024
3511091
3511658
3511803
3513104
3514626
3514974
3515103
3516024
3516226
3516902
3519204
3519260
3519270
3519278
3519878
3520869
3521602
3522064
3522184
3522588
3523570
3523673
3524077
3524152
3524250
3524740
3524865
3525354
3525806
3526493
3527013
3527531
3528345
3528605
3528762
3529703
3529998
3530118
3530871
3530968
3531412
3532221
3532509
3533994
3534715
3534782
3534875
3535039
3535837
3538146
3538319
3538491
3539017
3539533
3540435
3540750
3541194
3542088
3542969
3543618
3544928
3545567
3545840
3546095
3546410
3546468
3546562
3547279
3547434
3547592
3548181
3548499
3549055
3549927
3550069
3550198
3550543
3550901
3552055
3552317
3552528
3552740
3553535
3554165
3554723
3555993
3556959
3557008
3559174
3559820
3560216
3560274
3560281
3560342
3560885
3561065
3561597
3562509
3562632
3562951
3563103
3564053
3567797
3568004
3568315
3568448
3571140
3571167
3571388
3571480
3572056
3572216
3572663
3574404
3574824
3575867
3575960
3576751
3577159
3577305
3577679
3578325
3578930
3579568
3580451
3580833
3584012
3584406
3584682
3584851
3586234
3587072
3587489
3587511
3587530
3588007
3588532
3590156
3590404
3590596
3591071
3593546
3593817
3595018
3595589
3596172
3597037
3598725
3601036
3601171
3601996
3604051
3605149
3605555
3606034
3606700
3607122
3607383
3607503
3607571
3607680
3607851
3608096
3608277
3608567
3609132
3610076
3611349
3611454
3611492
3612731
3613563
3613606
3613975
3615187
3615678
3616051
3616412
3616635
3616715
3617331
3617395
3618989
3619772
3620571
3620843
3621134
3621318
3621689
3622379
3622891
3623028
3623356
3623831
3625051
3625766
3626219
3626762
3628224
3629330
3629354
3630171
3630206
3631197
3631554
3632610
3632767
3633179
3633216
3634101
3634174
3634232
3634741
3635060
3635129
3635712
3635736
3635840
3636606
3636625
3636955
3637908
3638394
3638454
3639370
3639735
3640303
3640856
3641344
3641778
3641956
3642612
3643532
3644686
3645326
3645508
3645706
3645797
3647563
3649424
3651425
3652489
3653601
3654487
3654540
3655326
3655423
3656255
3656899
3657227
3659428
3660391
3660726
3661013
3661083
3661258
3661405
3661667
3662294
3663441
3665715
3666030
3666297
3666510
3667377
3667685
3668104
3668664
3668997
3669588
3669770
3669918
3670029
3670578
3671662
3673471
3673718
3673727
3673938
3674892
3676419
3676939
3677027
3677577
3677940
3678212
3678878
3678976
3680891
3681103
3681406
3682518
3682984
3683634
3684212
3684973
3685052
3685182
3686005
3686402
3686442
3687494
3687542
3688613
3688962
3689600
3689735
3689786
3690827
3691155
3691802
3694587
3695816
3696560
3697739
3697834
3698179
3698905
3699783
3699797
3701557
3701883
3702700
3703735
3704660
3705712
3705770
3706304
3707405
3708789
3708791
3710010
3711108
3711845
3712189
3712261
3712541
3712785
3713542
3713802
3714648
3716313
3716476
3716701
3717544
3717716
3717792
3718121
3718232
3718494
3718567
3720196
3720496
3720797
3720806
3722316
3722988
3723451
3723547
3724771
3725024
3725591
3726607
3728881
3732500
3733272
3734162
3734325
3734775
3735886
3736933
3737814
3738589
3738645
3738936
3739172
3741328
3741575
3742485
3743433
3744202
3744825
3746507
3747514
3747830
3748173
3749628
3750002
3750532
3751209
3751696
3751704
3752226
3752299
3752829
3753209
3753837
3758839
3759624
3759719
3760362
3761476
3762379
3762475
3762906
3764512
3768431
3769284
3770237
3770740
3771005
3771333
3771426
3771673
3772415
3773721
3773755
3774137
3775000
3776141
3776213
3776453
3777057
3778154
3779825
3780293
3780851
3781324
3781766
3783020
3783037
3783805
3783995
3784361
3785851
3786356
3786558
3789301
3789476
3789563
3789605
3789608
3789658
3790005
3791179
3791324
3791668
3792590
3793027
3794090
3794330
3795313
3795498
3797632
3798571
3798618
3799654
3799672
3800380
3800774
3801717
3801974
3802207
3802330
3802589
3803424
3804200
3804371
3805157
3805611
3806354
3807548
3807790
3808553
3808613
3808953
3809219
3809456
3809833
3810168
3810216
3810805
3811024
3811035
3811050
3812078
3814939
3816342
3817241
3818877
3819123
3820026
3820645
3820976
3822394
3823367
3824024
3824119
3824960
3826560
3826884
3828185
3828670
3828718
3829072
3830851
3831312
3831889
3832123
3832279
3832534
3832814
3834478
3835194
3835332
3835469
3835644
3835759
3837369
3837798
3838323
3838926
3839879
3840803
3841743
3842789
3843886
3843916
3844157
3844453
3844827
3845099
3845105
3846205
3847312
3848051
3848648
3849891
3850035
3850697
3851230
3851374
3851762
3851791
3851815
3852011
3852149
3852677
3852832
3853180
3854587
3855752
3855819
3856398
3856664
3857196
3857458
3859310
3859793
3860504
3861530
3863488
3863589
3863725
3864404
3864755
3865817
3868066
3869887
3870099
3870278
3871259
3871385
3871835
3872124
3872498
3873118
3873174
3873393
3874172
3874727
3874928
3875080
3876131
3876991
3877034
3878105
3879710
3881533
3883252
3883371
3883899
3883941
3884173
3884731
3885331
3885455
3885473
3885700
3886290
3887839
3888339
3888621
3889276
3889982
3890368
3890374
3890567
3890673
3891137
3892368
3893435
3893663
3895103
3895236
3895532
3896131
3897035
3899157
3900919
3901135
3902377
3903304
3904027
3905234
3905280
3905603
3905924
3906518
3907429
3907968
3907993
3909236
3910002
3910058
3910265
3910967
3911461
3912460
3913323
3914027
3914257
3915691
3915936
3916070
3916458
3916813
3917891
3918312
3918345
3918584
3918837
3919380
3919673
3922249
3922560
3924594
3925741
3925881
3926034
3926184
3927007
3928242
3928951
3929850
3929869
3931865
3932476
3932986
3933612
3934292
3935350
3935713
3936908
3937314
3937574
3938029
3938467
3938826
3939721
3939976
3940022
3940203
3940639
3941222
3941302
3943220
3943413
3945150
3945219
3945229
3945347
3945922
3946415
3946469
3946713
3947513
3947568
3948070
3948415
3949327
3950430
3951186
3951273
3951487
3952170
3952204
3955083
3955545
3956188
3956682
3957364
3957531
3957657
3958035
3958758
3959136
3960084
3960241
3960286
3960973
3962249
3962424
3962459
3963162
3963198
3963458
3963848
3964161
3964484
3964630
3964697
3964726
3964832
3965158
3965730
3967039
3967061
3968549
3968702
3969639
3969927
3970191
3970282
3970774
3971531
3973498
3974209
3977097
3977754
3978155
3978279
3979127
3979269
3980030
3980114
3980659
3981808
3982026
3982095
3982401
3982470
3983223
3983245
3983456
3984766
3985465
3985666
3986187
3986603
3987484
3987557
3988165
3988815
3988874
3989005
3989261
3989778
3990371
3990534
3990685
3990940
3991897
3992619
3993179
3994105
3994386
3995129
3995372
3996323
3996799
3997160
3997672
3998327
4000653
4000672
4000907
4001974
4003189
4003315
4003415
4004210
4005226
4006305
4006784
4006785
4006990
4007106
4007424
4009054
4009155
4009638
4010525
4010859
4011116
4011555
4012773
4012960
4013291
4013537
4013693
4014481
4014742
4014974
4015355
4015724
4015895
4016858
4016866
4019516
4019573
4020091
4020139
4020147
4020223
4021398
4022823
4024297
4024599
4025273
4025805
4025889
4027852
4028736
4030474
4030492
4030727
4031113
4031887
4032646
4033285
4033345
4033376
4034051
4034742
4034850
4035241
4035352
4036280
4037134
4038164
4039248
4039640
4040631
4041373
4041772
4042347
4042748
4043742
4044931
4045878
4046218
4047081
4047250
4047910
4048251
4048490
4048976
4049168
4049337
4050632
4051355
4051828
4053780
4054343
4054632
4055154
4055717
4056002
4056441
4056468
4056901
4058568
4058916
4059430
4059528
4059692
4060153
4061687
4062046
4062569
4063682
4063689
4063775
4063929
4064439
4065677
4066927
4067201
4068664
4068792
4069181
4070274
4072013
4073026
4073150
4074217
4074279
4075286
4076128
4076905
4077888
4080213
4080376
4080630
4080740
4081122
4082133
4083558
4083559
4084082
4084305
4084861
4084904
4086355
4086436
4086813
4087155
4087729
4088876
4089405
4089451
4090014
4090170
4091083
4091088
4091209
4092108
4092153
4092400
4092914
4093412
4093787
4093868
4094477
4094739
4094795
4094974
4095060
4095398
4095549
4096184
4096481
4097353
4097447
4097778
4098060
4098797
4099209
4099252
4099859
4099951
4100236
4100238
4100587
4101540
4103014
4104454
4104645
4104769
4104978
4105750
4106373
4106694
4107798
4107877
4108067
4108440
4108450
4108670
4108850
4110123
4110487
4113460
4115063
4116386
4117556
4119092
4119303
4120347
4121225
4122894
4122945
4123339
4123560
4123805
4123906
4124155
4124693
4126064
4126108
4126515
4127453
4127603
4128774
4129688
4131201
4131463
4131572
4132051
4135060
4135648
4136179
4136523
4136798
4136893
4137391
4138905
4139017
4140693
4140703
4141275
4141821
4143101
4143863
4144806
4145147
4148340
4148518
4148523
4148533
4149161
4149880
4151282
4152357
4153857
4153923
4157296
4159000
4159113
4160287
4160694
4160725
4160976
4161092
4161434
4161454
4162064
4162118
4162957
4163683
4163875
4163887
4164298
4164520
4164971
4165318
4166414
4166471
4167001
4167330
4168770
4169085
4170361
4171408
4174065
4174355
4174469
4174962
4175566
4175709
4175764
4176850
4176973
4178221
4179981
4180262
4181201
4181332
4184236
4184335
4185965
4186087
4186553
4187368
4188863
4188924
4190465
4190728
4190914
4191563
4191613
4192330
4192777
4193318
4193888
4193999
4194297
4194504
4194855
4195423
4196338
4197862
4198655
4198918
4199009
4199173
4199903
4202758
4203624
4203928
4204369
4204648
4204718
4205006
4205445
4205476
4205885
4206342
4207468
4208145
4209340
4209500
4209565
4210557
4211763
4213064
4213336
4213346
4214584
4217795
4218173
4218364
4218847
4219817
4220547
4221056
4221455
4222274
4222419
4222424
4223068
4223791
4224110
4225654
4225674
4225887
4226577
4226856
4226888
4228447
4228614
4229929
4231338
4231803
4232875
4233108
4234548
4234555
4235113
4235139
4235371
4235785
4236247
4236900
4237382
4237949
4238449
4239283
4240134
4240163
4241917
4242545
4244645
4244931
4245529
4245795
4246726
4247584
4247870
4248977
4249488
4250046
4251145
4251361
4251634
4251795
4252477
4252806
4253321
4255040
4255271
4256692
4256778
4256989
4258200
4258369
4259140
4259347
4259451
4259824
4260075
4260888
4260988
4261080
4261659
4262377
4263277
4263895
4264214
4264235
4265139
4265694
4266352
4267191
4267347
4267472
4268129
4269415
4270799
4270809
4271918
4273506
4274251
4274270
4275386
4275540
4275668
4275956
4276059
4276100
4276428
4276618
4278251
4279757
4279928
4280213
4282122
4282906
4284048
4284247
4286444
4287192
4288201
4288664
4289546
4290498
4291272
4292180
4292993
4293461
4293519
4294633
4294768
4295579
4295819
4296201
4297645
4299637
4300093
4301267
4301521
4301710
4301810
4301861
4302102
4302221
4303011
4303305
4303894
4304260
4304323
4304346
4304431
4304654
4305393
4306067
4306481
4306814
4307263
4307694
4307821
4308226
4308934
4309006
4309436
4309822
4310161
4310910
4311744
4311774
4312069
4312470
4313939
4314555
4315819
4315911
4316386
4316967
4317369
4317866
4318073
4318227
4318840
4319186
4319226
4319468
4319808
4320090
4320466
4321428
4322623
4323104
4323242
4324584
4324697
4325966
4326396
4326506
4326523
4326948
4327419
4328138
4328521
4329187
4332071
4332115
4332929
4333479
4333683
4333766
4334521
4334533
4334981
4336020
4336558
4336902
4337681
4338155
4338172
4338282
4338861
4338875
4339156
4339464
4339506
4339843
4341581
4341630
4343293
4343405
4345461
4345596
4345886
4346052
4346916
4347677
4348469
4350034
4350142
4350193
4350807
4351109
4351759
4352258
4352588
4352982
4354109
4354634
4357148
4357776
4358588
4359312
4360608
4361143
4362522
4362950
4363814
4364064
4364242
4364384
4365319
4366260
4366385
4366539
4367105
4367404
4368911
4369237
4369729
4371089
4372269
4374098
4376437
4376678
4377915
4378285
4378458
4378832
4379652
4379670
4380869
4380904
4381053
4383636
4384011
4385090
4385296
4386703
4387303
4387514
4390166
4390884
4391599
4392250
4393608
4393946
4394565
4394779
4396306
4397024
4397682
4397761
4398301
4398564
4399157
4399372
4399990
4400633
4403131
4403908
4405459
4406615
4406991
4407022
4407146
4407420
4407739
4408030
4409923
4411263
4411387
4411937
4411944
4414887
4415503
4416824
4418952
4419386
4419802
4420084
4420382
4420501
4420719
4420984
4421534
4421839
4421950
4423843
4424387
4426261
4427264
4428793
4428802
4429174
4429205
4429265
4429342
4429991
4430016
4430485
4431189
4432528
4432984
4434145
4435498
4435515
4435886
4436003
4436829
4438911
4439118
4439747
4440871
4440920
4440959
4441817
4442486
4444400
4445528
4446134
4446596
4449180
4449258
4451962
4452556
4452558
4452564
4452790
4452968
4454524
4455340
4456517
4456803
4457708
4457943
4458905
4459298
4459302
4459395
4459963
4461069
4461205
4461689
4461882
4461934
4462024
4462263
4464705
4465838
4466213
4466409
4466599
4469752
4470914
4471024
4471177
4471370
4471565
4471849
4472606
4472861
4473478
4475392
4475454
4475468
4475540
4476762
4477329
4477346
4478025
4479812
4481746
4482077
4482169
4483256
4483328
4483468
4483925
4484399
4484895
4485535
4486057
4486082
4486299
4486382
4486585
4486983
4487370
4488110
4489381
4489765
4491451
4492604
4493349
4493417
4493422
4494992
4495776
4496598
4497612
4498011
4498250
4499396
4501113
4501199
4502654
4503559
4504512
4504635
4506251
4506717
4506874
4509506
4509714
4510353
4510361
4511828
4512399
4512624
4512928
4513582
4513740
4513873
4513962
4514790
4515350
4517400
4517649
4518074
4518828
4519368
4520037
4520515
4521656
4522529
4523762
4524637
4526880
4527664
4528402
4528722
4530988
4531362
4531974
4531984
4532146
4532447
4533287
4533595
4534368
4534987
4535112
4535269
4535611
4535614
4536385
4537360
4537524
4537797
4537914
4537973
4538002
4538551
4538873
4539143
4539302
4539680
4541846
4541993
4542880
4543344
4545853
4546268
4546567
4546811
4546934
4547429
4547875
4548229
4548453
4548782
4549627
4550160
4550483
4550772
4551198
4552466
4552971
4553868
4554040
4554566
4554586
4555410
4556477
4556646
4557341
4558159
4558304
4558818
4559077
4560575
4562092
4562223
4562814
4563311
4563333
4563762
4563856
4564895
4566575
4568379
4568970
4569142
4569509
4569879
4572146
4572591
4573537
4573879
4573976
4575515
4575775
4575800
4576103
4576618
4576679
4578164
4579213
4579691
4580722
4581278
4581541
4581751
4582721
4583021
4583464
4584093
4584816
4585346
4586083
4586459
4587047
4587069
4587172
4588276
4588743
4588789
4589933
4590005
4590068
4590710
4590735
4590858
4592060
4592690
4592838
4594441
4596360
4597568
4597708
4599110
4600046
4600564
4600901
4601806
4601969
4601998
4603043
4603132
4603919
4604226
4604584
4605245
4605678
4605968
4606107
4607058
4607928
4608746
4609476
4609590
4612408
4613169
4613995
4615187
4616434
4616897
4617175
4617307
4617866
4618557
4620886
4621011
4621442
4621506
4622533
4622932
4623142
4624433
4624594
4624718
4625001
4627658
4627954
4628053
4628245
4628249
4629205
4629291
4630749
4631706
4632009
4632224
4632405
4634213
4635219
4635896
4636408
4636810
4637028
4638125
4638387
4638880
4639371
4640371
4640500
4641024
4641241
4643647
4643655
4644407
4644540
4644907
4646017
4646061
4646694
4647106
4647256
4647608
4647696
4649123
4649581
4649677
4650147
4650681
4650945
4651687
4651986
4652553
4653426
4654110
4654228
4654321
4655048
4657060
4657089
4657198
4657582
4658277
4659119
4661328
4661616
4663168
4663377
4664015
4665016
4665087
4665407
4665422
4665901
4666241
4666775
4666961
4667329
4667652
4668855
4668910
4668929
4669560
4670146
4670346
4670436
4671155
4671431
4673384
4675041
4676231
4677254
4678365
4678385
4679474
4679944
4680256
4680746
4682217
4682360
4683788
4683972
4683991
4684126
4684204
4684609
4685768
4686967
4686998
4687191
4690797
4690870
4691448
4692152
4692178
4695036
4695204
4695228
4695249
4695481
4696422
4697475
4698577
4698918
4699035
4700047
4700925
4700952
4701837
4702073
4703770
4703882
4703965
4704332
4704364
4704449
4705234
4705332
4705637
4707358
4708377
4708551
4708915
4708947
4709505
4711573
4711702
4712784
4713140
4713245
4714099
4714249
4714748
4714853
4715385
4717481
4717852
4718572
4719073
4719088
4720184
4722091
4722677
4722814
4725940
4727103
4728111
4730436
4731271
4731335
4731428
4731839
4731893
4732369
4734445
4734946
4735258
4736585
4736740
4740355
4741672
4742336
4742858
4743083
4743665
4744495
4745427
4745494
4745554
4746034
4746848
4747283
4747325
4749064
4749901
4750052
4750284
4750614
4751574
4751708
4752351
4753753
4755341
4755803
4756074
4757102
4757238
4757297
4757741
4758109
4759514
4760181
4760644
4761120
4761656
4761836
4762018
4763138
4766310
4766374
4766765
4766798
4767004
4767760
4768026
4768033
4768855
4769435
4769659
4770398
4771219
4771615
4771941
4772647
4772659
4774494
4774757
4775388
4775788
4776029
4776638
4777065
4777199
4777429
4777486
4777560
4779290
4779329
4780509
4781189
4782017
4782031
4782047
4782161
4782389
4783890
4784511
4784698
4784722
4785897
4786667
4787511
4788888
4789057
4789422
4789754
4790317
4791470
4791623
4791918
4792426
4793847
4794966
4796589
4796757
4797322
4798176
4798539
4800682
4802370
4802747
4803733
4806939
4807614
4807938
4808210
4808727
4809066
4809468
4810928
4812003
4812855
4813534
4813999
4814844
4815609
4815716
4816626
4816670
4816822
4817466
4820713
4821174
4821415
4821555
4822208
4822211
4823886
4824029
4824265
4824643
4825545
4826052
4826494
4827514
4828318
4828792
4828986
4829597
4830155
4830307
4830312
4830539
4833272
4834440
4835428
4836231
4836811
4837063
4837244
4837508
4839058
4839766
4840431
4840466
4840478
4841088
4841982
4842629
4842737
4842938
4843809
4844571
4845082
4845239
4845865
4846920
4848674
4848838
4848936
4848945
4849707
4850203
4850770
4852047
4852148
4852657
4852893
4853067
4853081
4853356
4853537
4853736
4854589
4854699
4856588
4857473
4857988
4858939
4859114
4859409
4860753
4861145
4863901
4864083
4864180
4865669
4865929
4866276
4866337
4866445
4867256
4867656
4868187
4869068
4870562
4870604
4871111
4871146
4871477
4871821
4872555
4872751
4872965
4874972
4875084
4875473
4876091
4876130
4876256
4878813
4879778
4880404
4880589
4881291
4881346
4881545
4883087
4883414
4884035
4884392
4884393
4885151
4885600
4886418
4886926
4888176
4888919
4888948
4888989
4889100
4890620
4890663
4892907
4895175
4895247
4895402
4896936
4898507
4899383
4899827
4900422
4900512
4901169
4901262
4901491
4901559
4901780
4904478
4904633
4904738
4904764
4905228
4906257
4906271
4906471
4906729
4907337
4907492
4908106
4908163
4909750
4910021
4910028
4910402
4910734
4910980
4911031
4911985
4911994
4912364
4912501
4912982
4913005
4913188
4915873
4916337
4916839
4916985
4920124
4920897
4920948
4922573
4922603
4923659
4923892
4924663
4925371
4925870
4928486
4928515
4928712
4928827
4929318
4929818
4930007
4930953
4931046
4931680
4932905
4933137
4933728
4933768
4935754
4936321
4936807
4937961
4938702
4940076
4940338
4940648
4941047
4941432
4941466
4941596
4941687
4941794
4943216
4944825
4944865
4945675
4946134
4947124
4947736
4949157
4949582
4950057
4950254
4950259
4950308
4950735
4951051
4952217
4952223
4952441
4952452
4953195
4953237
4953516
4953590
4954045
4955768
4957082
4957230
4957764
4958785
4958809
4958915
4959061
4960441
4961751
4961956
4962075
4962266
4962585
4962754
4963368
4963540
4964183
4964742
4965574
4966897
4967170
4967309
4967556
4968309
4970301
4970416
4970500
4971281
4971313
4971729
4971784
4972724
4973990
4975014
4975618
4975641
4975961
4976065
4976209
4977150
4977706
4978619
4978717
4980798
4981237
4982655
4984850
4985316
4985483
4985553
4985980
4987639
4989263
4989680
4989785
4990632
4991126
4992090
4992244
4992521
4993215
4994222
4994339
4996336
4996406
4997852
4998390
4998943
4999702
4999747
5000586
5000974
5000984
5001023
5006481
5006512
5007331
5008271
5008447
5008538
5009714
5010010
5010443
5010797
5011483
5011600
5011805
5013891
5014212
5015456
5017636
5017843
5018010
5018298
5022282
5022603
5022827
5024528
5026527
5026789
5027725
5028277
5028706
5030434
5030454
5030529
5031416
5032458
5034384
5034491
5036035
5036410
5036522
5037561
5037621
5038279
5038484
5039179
5039269
5040016
5040551
5040978
5041165
5041637
5042145
5042627
5043723
5045098
5046059
5046520
5047192
5047251
5047836
5048397
5048844
5049918
5050294
5051110
5051125
5052112
5053566
5054897
5055161
5055273
5055290
5055658
5055925
5056998
5060934
5061284
5062838
5063732
5065307
5066154
5067392
5067981
5068122
5068391
5069301
5069313
5069602
5070353
5070478
5070766
5071059
5071550
5073958
5074597
5074798
5075417
5076382
5076759
5077947
5079025
5079961
5080093
5080264
5081925
5082006
5082245
5083325
5083491
5084697
5085778
5086198
5087023
5087316
5087654
5089390
5090300
5090790
5091397
5091637
5092475
5093175
5094580
5094671
5095206
5096402
5097547
5099044
5099471
5100757
5100773
5102282
5103143
5103295
5103453
5104193
5105940
5106580
5106626
5107715
5107848
5109312
5109490
5112814
5114694
5115046
5116106
5116992
5118184
5118594
5118728
5118907
5120069
5120715
5121599
5121718
5122133
5123436
5124330
5124899
5125200
5125927
5126067
5126366
5126529
5126745
5130005
5131044
5133709
5133724
5137720
5138200
5138509
5138960
5139884
5140702
5141274
5142536
5142714
5143278
5143717
5144165
5144287
5144851
5146760
5146848
5147089
5148308
5149939
5149940
5149982
5150386
5150710
5152091
5152471
5152832
5152914
5153512
5154209
5154272
5154527
5154990
5155418
5156075
5157049
5158167
5159678
5159782
5159794
5160300
5160928
5161155
5163129
5164150
5164353
5165583
5166166
5168027
5169293
5170461
5173350
5174086
5175004
5175932
5177294
5178045
5178453
5179918
5180333
5181924
5181945
5182260
5183395
5183523
5183787
5184160
5184530
5184563
5184647
5185412
5186509
5186565
5187169
5187491
5188184
5189201
5190013
5190700
5190798
5191013
5191680
5191743
5191782
5192451
5193652
5194468
5195447
5195507
5196787
5198070
5198482
5198739
5198992
5199174
5201466
5202284
5202451
5203388
5203482
5204097
5204348
5204709
5204832
5205115
5206909
5207109
5207894
5208608
5208862
5208865
5208978
5210378
5211539
5213319
5213483
5213953
5214301
5214509
5215272
5216555
5217404
5217580
5218181
5221351
5223604
5223905
5225241
5225893
5225922
5226479
5226887
5226965
5227224
5227633
5229002
5229941
5231373
5231488
5231509
5231917
5232922
5234667
5234833
5235336
5235864
5236584
5236707
5236838
5237384
5237597
5237849
5237969
5238892
5239344
5239447
5239503
5239945
5240739
5241811
5242100
5242411
5242739
5243093
5243590
5244423
5244780
5245901
5246648
5247235
5249217
5249611
5250891
5250990
5251810
5252839
5252915
5253444
5255429
5255517
5255589
5256042
5256304
5257677
5257785
5262904
5264165
5264794
5265820
5266829
5266959
5268554
5268676
5269661
5271134
5271478
5272881
5274091
5274968
5275295
5275765
5277479
5277894
5279311
5279836
5280172
5280262
5281264
5281315
5281781
5282418
5282665
5282948
5283368
5283623
5283997
5284076
5284456
5285800
5286033
5286599
5286961
5287390
5287720
5289290
5289605
5289857
5289883
5290064
5290108
5290403
5290434
5293400
5293652
5293698
5293780
5294081
5295489
5297028
5297294
5297307
5298005
5299701
5300549
5300607
5301094
5301631
5303160
5303506
5303878
5304291
5305426
5305431
5305458
5305663
5306589
5306693
5308098
5310536
5310869
5311522
5312406
5312739
5312957
5313044
5313714
5314903
5315172
5315427
5316456
5317824
5321240
5322836
5322933
5323299
5323660
5325624
5326041
5326183
5326225
5328792
5329270
5329426
5330686
5331003
5331004
5331330
5332438
5332769
5332799
5333427
5333448
5333791
5336844
5336942
5336948
5338320
5338391
5338719
5340087
5340201
5341224
5341827
5341838
5341971
5343547
5344762
5345122
5345675
5346191
5346405
5348832
5349237
5351596
5352677
5353275
5354357
5354715
5355223
5356215
5357023
5357341
5358192
5358639
5359302
5360409
5360505
5361289
5361341
5361639
5364385
5365877
5367112
5367290
5368255
5368298
5369183
5369305
5372087
5372117
5372480
5372614
5372972
5373564
5373664
5373674
5373967
5374716
5375981
5376380
5376764
5377127
5377208
5377245
5378275
5378693
5379762
5380025
5380131
5383202
5383489
5383948
5384159
5385035
5386166
5386320
5386607
5386627
5386681
5386923
5389773
5390500
5390919
5391558
5391866
5392464
5392914
5393323
5394582
5394722
5396268
5396466
5396494
5396630
5396771
5397474
5397630
5397838
5397970
5400441
5401277
5402114
5402385
5404147
5404228
5404711
5404856
5406035
5406889
5407246
5407951
5408590
5408904
5409080
5409756
5410312
5411282
5413300
5415279
5416425
5416526
5417283
5417508
5418199
5418532
5418555
5419269
5419973
5420015
5420058
5420132
5421361
5421788
5422233
5422362
5423026
5425310
5426787
5429613
5430497
5431096
5431609
5433777
5434728
5435253
5436052
5437697
5437751
5438610
5439155
5439395
5439403
5440972
5441584
5441690
5442254
5444227
5444271
5444835
5445095
5445427
5446300
5446648
5446969
5447817
5448346
5448920
5451967
5452005
5452329
5454632
5454917
5454946
5455735
5456009
5456214
5456640
5456792
5456930
5457705
5457885
5458270
5458594
5458604
5460034
5460367
5461349
5462686
5462785
5463806
5463926
5464061
5464168
5465762
5466024
5466123
5467061
5468085
5468956
5469564
5469822
5470115
5470406
5471928
5472263
5472548
5474667
5476557
5477186
5477635
5478635
5479972
5480510
5480835
5480889
5482085
5482587
5482858
5482880
5486376
5486383
5489143
5489160
5490660
5490896
5490976
5491217
5491367
5492228
5492287
5492787
5493021
5494339
5494726
5495921
5496667
5496944
5497073
5497258
5497630
5497787
5497854
5498501
5498778
5499232
5499733
5500042
5500313
5501035
5501736
5502194
5503380
5503527
5504433
5504924
5504994
5506083
5506505
5507084
5507204
5507592
5507705
5508006
5509162
5510311
5511351
5511677
5512981
5514022
5514871
5514913
5515866
5516315
5516332
5517540
5517973
5518348
5518742
5518788
5519010
5521141
5522195
5522426
5522465
5522869
5523552
5523755
5524010
5524075
5524161
5524634
5525006
5527502
5528557
5528769
5528922
5529125
5530752
5532657
5534033
5534617
5534910
5535440
5535734
5536918
5537535
5537903
5539264
5539309
5540998
5541040
5541919
5542330
5542565
5543835
5547491
5547635
5548914
5550251
5550671
5550979
5551238
5551306
5551318
5551532
5551966
5552293
5552532
5552549
5553172
5553446
5553641
5553940
5554098
5554150
5554376
5556237
5557027
5558302
5559308
5559826
5559885
5560650
5560655
5561293
5562142
5562860
5563302
5564212
5564784
5564948
5565081
5565251
5566318
5566353
5567251
5567424
5568380
5568766
5568771
5568890
5569633
5569640
5569956
5570569
5571117
5571380
5571431
5572261
5572657
5572856
5573338
5573708
5574072
5575717
5577384
5577656
5578290
5578458
5579028
5580184
5580368
5580718
5582708
5582740
5583267
5583296
5583504
5583554
5583971
5584490
5586143
5586513
5588322
5589740
5590320
5591622
5592279
5592348
5592368
5592426
5594390
5595748
5596992
5597804
5598276
5598783
5599572
5600404
5601475
5602460
5602608
5604794
5605373
5607510
5608037
5608819
5610868
5610925
5612352
5613597
5613691
5614318
5614531
5615122
5616495
5617917
5618181
5618220
5618718
5620454
5620942
5621153
5621367
5621901
5623908
5624724
5625236
5625965
5626297
5626772
5627427
5627482
5627654
5628078
5629005
5629403
5629960
5630096
5631494
5631502
5632553
5632601
5633174
5633189
5633486
5634554
5637037
5637098
5637206
5639039
5640230
5641549
5641978
5642483
5643323
5643472
5644816
5646023
5646672
5647642
5647954
5648169
5649260
5649545
5649911
5649926
5651572
5651943
5652033
5652426
5655058
5655708
5657727
5657908
5657959
5659484
5661020
5661062
5661385
5661573
5662181
5663205
5663349
5663873
5663964
5664746
5666077
5667760
5668361
5668813
5669376
5669730
5670632
5671451
5671874
5672053
5672094
5672345
5672573
5674174
5676104
5676293
5676382
5677145
5677597
5677633
5677760
5678070
5680073
5681449
5682602
5682804
5682891
5683500
5683920
5684858
5685022
5685026
5685721
5685752
5687617
5687884
5688061
5688494
5689454
5692771
5694063
5694074
5694261
5694472
5694551
5694724
5695142
5696674
5696799
5697646
5697951
5698385
5698477
5699696
5700016
5700048
5700217
5700405
5700423
5703125
5703510
5703846
5704098
5705378
5706398
5706865
5709932
5710699
5710813
5711054
5713756
5714847
5715745
5715881
5716047
5716416
5717106
5717672
5718251
5720824
5722284
5722523
5722965
5723040
5723079
5723377
5723713
5725312
5725484
5725669
5726088
5726977
5727618
5727785
5728489
5729218
5729341
5729996
5730223
5730682
5731236
5732200
5732730
5732871
5733123
5734130
5734640
5736730
5737588
5737780
5738166
5738329
5739564
5739652
5741188
5741205
5741570
5741937
5742459
5742515
5742690
5742786
5744095
5744522
5744943
5745020
5745029
5747288
5748446
5748677
5748713
5749288
5750227
5750869
5751740
5752717
5752791
5752819
5752848
5752900
5754136
5757163
5757180
5758604
5758895
5759696
5759845
5759865
5760032
5760553
5761366
5764209
5764298
5765271
5765698
5766318
5766671
5767881
5769453
5769663
5769722
5770848
5771683
5772377
5773005
5773374
5773608
5775428
5776139
5776414
5776524
5777167
5778579
5778600
5778890
5780269
5781194
5781250
5781643
5782343
5782361
5782465
5783410
5784308
5784674
5786028
5786057
5786579
5786798
5788319
5789633
5791660
5791751
5792604
5794931
5795020
5796440
5796546
5796784
5796847
5796927
5797327
5797401
5797876
5797931
5798673
5800016
5801230
5802046
5802439
5802674
5802765
5802989
5803100
5803312
5805646
5805703
5806139
5806576
5806831
5807019
5808216
5811150
5811401
5811803
5812505
5812703
5813139
5815022
5815041
5815662
5816831
5816847
5818191
5818723
5819113
5819548
5819788
5820738
5821231
5821550
5821561
5822233
5822322
5823910
5825055
5825778
5829844
5831229
5832403
5834252
5834626
5834845
5836906
5838538
5838580
5839199
5839215
5841631
5842325
5842569
5843051
5844444
5844697
5846035
5846213
5846971
5847522
5847526
5847731
5847838
5848531
5851013
5851145
5851309
5851482
5852466
5854130
5854567
5855174
5856628
5861144
5861385
5861532
5861782
5862000
5862579
5862748
5862912
5862931
5863141
5863186
5863297
5863307
5864767
5865499
5866217
5866432
5866792
5866943
5867536
5868300
5869586
5870152
5873069
5874138
5874435
5874756
5874939
5877906
5878037
5878357
5879826
5880206
5882012
5882844
5883272
5884768
5884924
5884971
5885010
5885123
5886788
5886914
5888328
5889530
5892235
5892928
5893446
5893812
5894491
5895731
5896347
5896678
5897847
5898713
5898940
5899586
5900442
5901290
5903304
5904054
5904175
5906260
5907586
5907630
5909104
5909389
5909416
5910790
5910957
5911471
5911483
5911642
5913586
5915150
5915416
5915726
5919236
5920782
5920802
5921053
5921325
5921539
5921833
5922378
5922522
5922863
5923843
5926121
5927411
5927672
5927822
5929577
5932193
5932447
5932854
5934279
5934590
5934830
5935014
5936883
5938021
5938229
5938699
5939329
5941666
5942140
5942966
5944295
5945746
5947098
5947345
5948822
5949810
5950044
5950073
5950208
5950488
5953300
5955481
5955769
5956965
5957849
5959367
5959828
5959836
5960549
5961872
5962948
5964319
5965500
5966418
5968064
5968445
5968498
5968504
5968756
5969649
5969683
5970011
5970576
5972182
5972454
5972741
5973171
5975188
5975335
5975585
5977125
5978279
5978464
5979561
5982222
5982615
5984021
5985069
5985205
5986119
5986739
5986744
5987060
5987563
5988283
5988322
5988845
5989320
5990080
5990500
5990676
5991222
5991786
5992577
5994501
5995107
5995902
5996097
5997497
5997903
5997961
5998668
6000381
6000533
6000729
6002850
6003117
6003367
6003439
6005179
6006264
6006613
6006704
6010086
6010211
6011259
6015940
6016037
6016432
6017118
6017817
6018713
6018984
6019397
6021890
6022259
6022294
6023095
6024363
6026684
6026840
6027010
6027082
6027877
6028209
6028847
6028968
6029484
6030419
6030692
6031227
6032199
6033051
6033325
6033500
6033699
6034121
6034512
6035125
6036627
6036654
6038513
6038534
6039640
6039813
6040814
6040906
6040970
6041109
6041209
6042066
6043039
6044111
6044244
6044688
6046401
6046479
6047245
6047514
6047934
6048117
6048380
6048438
6048936
6050406
6052568
6053757
6054731
6055858
6055879
6057715
6058200
6059420
6059864
6060256
6060568
6063581
6064453
6064610
6065206
6065343
6066083
6066772
6067840
6069740
6070006
6070241
6071767
6073163
6073373
6074453
6075252
6076044
6076286
6076543
6077078
6077462
6077576
6077842
6079356
6081236
6081440
6081590
6082789
6083397
6083682
6083845
6084302
6084652
6084828
6086203
6087550
6087895
6088293
6091049
6091282
6091332
6091414
6091697
6092725
6094946
6096272
6097847
6098377
6099721
6100262
6100802
6101279
6101917
6102435
6105297
6105887
6106318
6108070
6108233
6109442
6109727
6110975
6111246
6111774
6111878
6113118
6115038
6115423
6115721
6116968
6116975
6118891
6119352
6119621
6119670
6120034
6122654
6124413
6124700
6124805
6126519
6127176
6127624
6128124
6129439
6130254
6130317
6130781
6132118
6132667
6133630
6133890
6134415
6134854
6138377
6139967
6139977
6140811
6140908
6140938
6141736
6141836
6143563
6144383
6147342
6149120
6150006
6150461
6150546
6151018
6152129
6152412
6153072
6154419
6155594
6155736
6156525
6156593
6157301
6157634
6158262
6159190
6159493
6160578
6161073
6161297
6161710
6161847
6162741
6163370
6164180
6165845
6166804
6167598
6168785
6168977
6170028
6171590
6172665
6174915
6175722
6177956
6178048
6179268
6179279
6179431
6179829
6180501
6180801
6182467
6182717
6182851
6183713
6184361
6186054
6187408
6187646
6187809
6190214
6191180
6191502
6192469
6194879
6196117
6197999
6198523
6198902
6198959
6199413
6199529
6199867
6200555
6204489
6204886
6206193
6207150
6207175
6207798
6208490
6210503
6210646
6211095
6211539
6212151
6212157
6212648
6213971
6214887
6215091
6215236
6215473
6215680
6216282
6216307
6217526
6218058
6218156
6220243
6222159
6223416
6224996
6225588
6226606
6227093
6227234
6228078
6228467
6229646
6229661
6229926
6231578
6233177
6233643
6234643
6235165
6235230
6235762
6236328
6236535
6236558
6237871
6237933
6242170
6242750
6243523
6243660
6243796
6245219
6247044
6247359
6247400
6247911
6250018
6250925
6251594
6253301
6253339
6254379
6255090
6255375
6255804
6257133
6258209
6259109
6259551
6259989
6260087
6260166
6260490
6260540
6260676
6261802
6262031
6262076
6262455
6263303
6263737
6264071
6264493
6264767
6265156
6267200
6267953
6268041
6269112
6270012
6270612
6270768
6271410
6272989
6273073
6273441
6275216
6275239
6276770
6278330
6278859
6278962
6279185
6279799
6280400
6282669
6283298
6284095
6285572
6286182
6287367
6287780
6290427
6290650
6290708
6291353
6291445
6291591
6291867
6292536
6292968
6293173
6294544
6296134
6297267
6297328
6298137
6298655
6298678
6298760
6300010
6300315
6302642
6303176
6303789
6303865
6305102
6305726
6306720
6307900
6309583
6311154
6311548
6312083
6313370
6314000
6315494
6316404
6319202
6319371
6319383
6319577
6319612
6320229
6320904
6321748
6321869
6322300
6323000
6323013
6323289
6324657
6325048
6325889
6326406
6326899
6329105
6329113
6329735
6331877
6331962
6332063
6332208
6332569
6334094
6334538
6334564
6336357
6336397
6336418
6337389
6341382
6341657
6342369
6343424
6343545
6345361
6346296
6346507
6348969
6349040
6349151
6349658
6349880
6349912
6350311
6350940
6350977
6353078
6353260
6353552
6354616
6355429
6355498
6356481
6358377
6359038
6359587
6359779
6360234
6361374
6361651
6361885
6362464
6362711
6362779
6363567
6363681
6364408
6365334
6366310
6367835
6368547
6368944
6369099
6369505
6369715
6370930
6371066
6371461
6373114
6375367
6375653
6375744
6375818
6375833
6376649
6377092
6377838
6380306
6381137
6382666
6382907
6383617
6384397
6385640
6386058
6386184
6386926
6387115
6387290
6387484
6387513
6387606
6388776
6388821
6390486
6390769
6391103
6392006
6394458
6394771
6395222
6395817
6397233
6397307
6397431
6397989
6398180
6398343
6399738
6400487
6401287
6401534
6404404
6405262
6405318
6406199
6406651
6407399
6410655
6411554
6411619
6412146
6413233
6413528
6413670
6413876
6414015
6414462
6414553
6417268
6417989
6418763
6418807
6419325
6419379
6419594
6419706
6420408
6421685
6423203
6423783
6424457
6425135
6426388
6426938
6427113
6428267
6428973
6429338
6429342
6429566
6429989
6430474
6432126
6432460
6432769
6434332
6435116
6435368
6436306
6436438
6437085
6437962
6439069
6439567
6441188
6441602
6443041
6444284
6444406
6444745
6445314
6445417
6445581
6445958
6446058
6446720
6446849
6447038
6447106
6447995
6449095
6449115
6449628
6450105
6450311
6450607
6451060
6452209
6454191
6454293
6454831
6454951
6456756
6456852
6456893
6457957
6457977
6458022
6458148
6459731
6461002
6461073
6461293
6462815
6463363
6463905
6463924
6465457
6465555
6466493
6466888
6467039
6467191
6467251
6468541
6468867
6469730
6470127
6470899
6471005
6471297
6471502
6472021
6472551
6473043
6473356
6474148
6474454
6476917
6478483
6481336
6482179
6482548
6483399
6484483
6484683
6484751
6485216
6485666
6485820
6485928
6486831
6487041
6488365
6488664
6489626
6490509
6490589
6491423
6491752
6492135
6492240
6492610
6492707
6493871
6493945
6494311
6495107
6495438
6495762
6496549
6496688
6497862
6499044
6499614
6500188
6500419
6502175
6502286
6502629
6502902
6503032
6503697
6504720
6504860
6505013
6505542
6505612
6506513
6506782
6506874
6507553
6508467
6510311
6510439
6511585
6511678
6512777
6513477
6514006
6514271
6515075
6515127
6515208
6515810
6517579
6518920
6519152
6519539
6519820
6520015
6520972
6521423
6521817
6521882
6522092
6522584
6524230
6524732
6528766
6529425
6529541
6530313
6531084
6533049
6533101
6533774
6534295
6534856
6535123
6535307
6536281
6536285
6536595
6537292
6537484
6537700
6537973
6538749
6539475
6541054
6541961
6542186
6543502
6543832
6544453
6544545
6544939
6547311
6547697
6547993
6549907
6550390
6551503
6553577
6554500
6554640
6556972
6557117
6557216
6558161
6558290
6558814
6558883
6559185
6559371
6561481
6561718
6561848
6562800
6563808
6563958
6569129
6569305
6570462
6571544
6571938
6572098
6572404
6572953
6573312
6574372
6574614
6574781
6575075
6576382
6576543
6577061
6579129
6580975
6582145
6582878
6583180
6584181
6584261
6584669
6585311
6585342
6585388
6585917
6586243
6586268
6586552
6588111
6588178
6590027
6591114
6591360
6591739
6593444
6594999
6595314
6596937
6597170
6597713
6598070
6598369
6599406
6599409
6600603
6600877
6602254
6602392
6603569
6604683
6605213
6605336
6605581
6607164
6609332
6609445
6609538
6609948
6611032
6611808
6613637
6613937
6614550
6614755
6615223
6615338
6615548
6616026
6616268
6617023
6617365
6617581
6619295
6619897
6619993
6620631
6622031
6622695
6623332
6623754
6623814
6623867
6624916
6625709
6625898
6626340
6626534
6626973
6627068
6627937
6628995
6630943
6631323
6631922
6632134
6632881
6634931
6635257
6635312
6635505
6635705
6635927
6636267
6637166
6637791
6638843
6639460
6639533
6639649
6640313
6642199
6642237
6643116
6644090
6644173
6644876
6645811
6647410
6648374
6648933
6649011
6649634
6650325
6650587
6651314
6653144
6654519
6654538
6655555
6656419
6657723
6658108
6660395
6660777
6663477
6664219
6664291
6666253
6667278
6667856
6668962
6669457
6670052
6670652
6672289
6672355
6673806
6673866
6674361
6674438
6677997
6678698
6678718
6680106
6681085
6681586
6682808
6682852
6682946
6683146
6684597
6684907
6685880
6686838
6686864
6687232
6687689
6687979
6688451
6688456
6688826
6689009
6689876
6690413
6690604
6691800
6692038
6692803
6693841
6694851
6695688