840
1647
1953
2215
2311
2932
4605
6437
8539
8569
8596
9084
9527
10651
11387
11883
13071
13306
13359
15790
15997
16255
16500
16764
17677
18140
19365
19473
19883
20227
20462
21699
21708
22076
22698
23665
23924
23981
24272
25610
25924
26768
29041
29462
29721
31936
32083
32961
35202
35668
35731
36062
36123
36534
36805
36821
37657
37979
38412
38902
39305
39346
39497
40439
40475
40677
40679
40742
42620
42795
43835
44198
44917
46277
46437
46438
46800
47681
48924
49570
50764
51495
52118
52211
52471
53358
53511
53618
54025
54955
55039
55119
57521
58637
58960
59038
60079
60144
60875
61216
61793
61845
61947
62303
62853
63690
63856
65203
66075
67334
67957
69107
69516
69968
70425
71210
71314
72009
72655
72836
74131
74303
74344
74615
74624
75342
75446
76494
76658
76749
77566
77977
78459
78738
78968
79073
79464
79847
80197
80389
80558
81516
81724
82237
83036
83043
83534
83570
84083
84661
84842
85410
86090
86883
90301
91223
91862
92088
92143
93255
96047
96049
96833
97406
98027
99088
99333
99629
100297
100782
100817
103784
104619
104801
107515
107929
108274
108279
109429
109803
110149
110342
110504
111295
112111
112479
112688
113666
115429
116188
118572
119749
121129
122180
122267
122878
124083
124564
125295
125617
126376
126543
126830
127833
128173
129163
130458
130628
131080
133504
134300
135619
136252
136687
137042
137877
138231
138500
140540
141164
142722
142777
142809
143637
144552
146591
147776
148795
148819
148973
149228
149613
150048
150243
150382
150456
151393
152164
152241
153681
153920
154155
155802
156616
158079
158751
159749
159758
160018
160072
160187
160823
160871
162223
162418
162569
163776
165191
166374
166510
168958
169084
169577
171353
173394
173679
174545
176103
176735
178786
179598
181061
182152
182177
183096
186301
186843
186870
188009
188093
188356
188499
188572
188735
189052
189241
189260
189994
192249
192315
192768
192819
195034
195174
195179
195417
195693
196090
197001
202183
203050
203803
203804
204305
205687
208832
209733
210809
212918
213276
213304
213480
213555
214319
214467
214598
214679
215221
215967
216822
217246
220449
220947
221378
222742
223021
223330
223551
224313
224951
226013
226588
226696
226862
227345
229137
229700
231774
232460
232608
233129
233616
233815
233950
233990
234095
234254
235240
235245
235928
236699
236916
238058
238346
238957
241378
241421
241811
242259
242504
242758
244206
244296
244569
246006
246090
246217
246413
247120
248495
248989
249231
250782
250940
251536
251758
252277
252630
252858
253489
254406
255366
256916
257216
258563
259203
259345
260327
260622
261874
262303
264447
264659
264787
265703
268029
268069
268468
268953
269062
270116
271175
271440
271928
272548
273675
274627
274659
275607
275696
276515
276690
277943
278472
280265
281076
281250
281355
282324
282815
285544
285752
286477
286663
287130
287547
287766
288047
288654
289101
290663
290824
291199
291970
292660
293900
295439
295767
297236
297775
297974
298486
300014
300640
300659
302311
302470
302605
303008
303432
304068
304408
304457
304581
304657
305069
306025
306565
306881
307287
307744
307790
308214
308313
309496
310454
311609
312020
313289
313984
314688
314786
315373
316529
316643
317045
317260
318045
318188
318246
320479
321120
321757
322808
323387
324198
324286
325578
326394
326456
327092
327427
328139
328279
333637
333783
334916
335545
335818
336002
336775
337038
337734
338038
338118
338478
339769
340493
342193
342373
342523
342770
343051
343650
344092
344275
344312
345344
345795
346709
348023
348114
349328
352500
353540
354380
354795
356354
357007
358487
358710
359033
359234
359745
359841
360006
361208
361494
361929
363768
364190
365714
366213
367382
367447
368331
368534
368782
368792
369464
369486
370165
370431
370659
372240
373357
373412
373427
374362
374803
375236
376595
376976
377250
378327
378718
379283
380142
380194
380241
380710
381901
382365
384065
384584
384808
385231
385606
385694
386727
386766
387717
388415
388988
389065
389422
389548
390201
390651
391048
391805
395193
396169
396256
396685
396873
397202
397460
397766
398655
399131
399193
399250
399415
399918
399958
400887
401279
401494
402165
402293
402745
403137
403876
404286
406110
407664
408131
408493
408538
408539
408552
410369
410786
410900
411960
413230
413457
413932
415171
415175
415991
416022
416806
416868
417203
417272
417795
418494
418753
419007
422224
422650
423660
423668
424470
424944
425727
428338
428416
428802
430850
431304
432204
432631
433077
433119
433320
433808
433898
434025
434352
434510
434605
434957
435014
435544
436423
437023
437189
437201
437871
438042
439240
441063
441480
441615
441835
442765
442894
443632
444237
445055
445365
445650
446807
446827
446910
447320
450575
451905
452225
452601
452671
452882
452934
453250
453504
453889
454028
454074
454270
454832
455229
455233
455885
456345
457809
458252
458365
458893
459527
460106
460175
462252
463028
463196
464796
464922
465776
465843
467014
467243
467251
467852
468893
469518
469791
470457
471911
472025
472618
474591
475024
475443
475656
476900
478813
478993
479323
480067
480186
481248
481644
481694
481935
481952
483344
483356
483410
484130
484718
486883
486951
487337
488627
489521
491233
491558
491790
491793
491906
492154
493089
493812
494127
494258
494643
495012
498118
498552
498558
498743
499108
499829
500264
500314
503105
503640
503651
504099
505066
505103
506237
506755
509234
509623
510113
510147
510354
510916
511207
511794
511959
513527
513851
514236
514719
515259
515385
515656
515742
516005
516679
517112
517806
518045
518341
518756
518852
519322
519345
520247
520384
520662
520983
521132
521297
522036
522341
522634
523237
523656
524164
524912
525165
525808
526681
528143
529100
529545
530483
530746
531186
531527
531671
532361
533505
533604
534342
534529
535912
538547
539162
539431
540049
540529
540852
543849
544093
545453
545970
546941
546973
547177
547678
547685
547929
547958
549111
550095
550192
550302
550782
551473
552034
553110
553353
553527
554438
554452
554787
555141
555153
555559
555603
556436
556581
557030
557424
557647
557865
559472
559490
560746
560933
562944
562974
563037
563422
563687
564640
564747
564901
565244
565330
566375
567067
568140
569782
570302
572758
573139
573264
573828
573902
574380
575163
575558
576110
576166
576581
576697
577988
578803
579565
580990
581290
581335
581606
582097
583467
583757
584652
585731
585892
586470
588120
588187
589146
589610
589742
589911
590350
590796
592160
593349
594017
594100
595298
595552
595761
596696
597082
597224
597458
598491
599213
599395
600516
601303
602889
603882
604444
605872
606625
606919
607483
608663
609972
610258
610752
611013
611592
612326
612532
612702
613073
613189
615016
615182
615665
617301
617495
617544
617560
618023
618823
618928
619467
619971
620172
620288
620508
622029
622630
623130
623239
623541
623942
626035
626280
626454
628777
629520
630548
632966
633135
633387
634701
635093
635214
635449
636194
638041
638306
641603
642051
642393
642729
642803
643564
643782
646105
648104
650126
650361
652275
652946
653770
653989
654086
655109
656333
656532
656796
656807
657382
659091
659582
660121
660799
662651
664886
665392
665404
665544
665768
666735
666960
667158
667958
668039
668605
668615
669768
670899
671672
671869
672128
672981
673137
674141
674476
674905
676290
678006
678019
678516
678553
679449
679624
679910
680069
680278
680513
681373
681610
681881
682420
683910
684350
684827
685089
686369
686990
687009
688100
689499
689565
689661
691480
691525
691565
691731
692073
693245
693607
694392
694610
696412
697170
698650
698820
700623
701403
704001
704406
704798
705896
706896
706985
707889
708120
708509
708513
708521
708540
708732
709047
709052
710095
710649
710671
711787
713246
713279
714386
715004
715218
715386
716169
716772
718268
722016
722787
723168
723374
723386
725017
725717
726429
726462
727390
728592
729820
731627
731731
732122
732645
733399
734999
735334
736900
737811
738619
739331
739373
740252
740472
741650
741897
742654
745113
745734
746876
747119
747758
747836
748929
750066
751345
752703
753627
755038
755671
756012
757104
757248
757316
757572
758812
759159
760816
761144
761873
763047
763955
764287
764942
765724
766225
766370
766376
766835
767164
768798
769130
769816
771078
771147
772113
772619
772644
773799
774211
775933
776621
776642
776965
778500
778559
780343
780786
781055
781615
782719
782947
783457
783693
784217
784250
784562
785886
786270
789255
789633
789734
790064
790339
791928
792268
792685
792688
793176
794140
794291
795611
795799
795904
796344
796430
796818
796846
796908
797197
797565
797883
797912
800169
800374
800707
801163
801381
801430
801664
801805
801897
802197
803084
803435
803463
803951
806035
807394
807544
809036
809243
809660
810779
812569
812628
812860
813395
814644
815266
815667
818859
819322
820966
821731
822233
822702
824898
825778
826446
827820
827852
828733
829984
830136
830746
831064
831107
831150
833122
834197
834258
834775
835837
837205
838133
839363
839491
839518
839553
839577
839674
840636
841707
841747
843184
843462
843761
844289
844466
844869
844983
845271
845397
845472
1127323
1127646
1127651
1128633
1129393
1130470
1131122
1131959
1133165
1133257
1133368
1134096
1135203
1136231
1136349
1136436
1137138
1137225
1137472
1137604
1138060
1138261
1138358
1138970
1139042
1140353
1142127
1142580
1143973
1145076
1147063
1147406
1147518
1147636
1148117
1148349
1150109
1150250
1150476
1150714
1150756
1151382
1152047
1152138
1152446
1152834
1153108
1153902
1153926
1153946
1154090
1154977
1155024
1155471
1155577
1158229
1158872
1159138
1159721
1159740
1159975
1160427
1160526
1160550
1160692
1160773
1162728
1162815
1164081
1167434
1168080
1168118
1168516
1168685
1168947
1169218
1170280
1170682
1170910
1170986
1170999
1171243
1172429
1172661
1174093
1174179
1175164
1177997
1178327
1179396
1179443
1181382
1181741
1183228
1184967
1186260
1186397
1188423
1188598
1189314
1189628
1190989
1191029
1191737
1191758
1192301
1192385
1192899
1193731
1193789
1195074
1196929
1197964
1198051
1198356
1199133
1199438
1200026
1200474
1201373
1202589
1202731
1202782
1203988
1204194
1204673
1205882
1206893
1207415
1208229
1208414
1208966
1209105
1210614
1212634
1213018
1213196
1213225
1213359
1214441
1214785
1216401
1216963
1218458
1218880
1220841
1222100
1222408
1222941
1224487
1224836
1225131
1226237
1226594
1228006
1229813
1230063
1230568
1230697
1231128
1231267
1231792
1232045
1232413
1232754
1233034
1233422
1233981
1235776
1236787
1238934
1239095
1239154
1239170
1239599
1239876
1240592
1240710
1241306
1241348
1241892
1241948
1242516
1243041
1243118
1243507
1243526
1243581
1244750
1244752
1245303
1245702
1245837
1248089
1248384
1250331
1251607
1252750
1252846
1252870
1253275
1253477
1255321
1255546
1257195
1257316
1258542
1258716
1262273
1262388
1262717
1264333
1265856
1266712
1267494
1268008
1268125
1268453
1269765
1271030
1271235
1272093
1272518
1272801
1273764
1274320
1274574
1276361
1276798
1277198
1278027
1278917
1279317
1280072
1280496
1281546
1281672
1282596
1283432
1284940
1287124
1288933
1289468
1289947
1290593
1291067
1291409
1292200
1292416
1292624
1292634
1292834
1293371
1293763
1295090
1298468
1299114
1299401
1300324
1302385
1302516
1303689
1304468
1306887
1307747
1308435
1308601
1309028
1309680
1310224
1310878
1311667
1311937
1312639
1313442
1314740
1314757
1314840
1315514
1316576
1319349
1320057
1320455
1321606
1321628
1322185
1323584
1326432
1326573
1326700
1326999
1329002
1329654
1330000
1330031
1331429
1331972
1332029
1332636
1332701
1333282
1333325
1333952
1334098
1334623
1334788
1335114
1335914
1336540
1337726
1338292
1340739
1340795
1342331
1342997
1343238
1343572
1345282
1345399
1345880
1347705
1347771
1348466
1348947
1350591
1351846
1351969
1353514
1355710
1356669
1356833
1356888
1357247
1357773
1357848
1362552
1366822
1367081
1367108
1367155
1367289
1368166
1368200
1370565
1371304
1371546
1372498
1372989
1373682
1373776
1374208
1374766
1375227
1375253
1375615
1375703
1379216
1379276
1380298
1380641
1381087
1382086
1382724
1385188
1385748
1386186
1386791
1387053
1387139
1387660
1389216
1390222
1390708
1391119
1391219
1393271
1393439
1394885
1395126
1396495
1396734
1397000
1399532
1399677
1400006
1400922
1401979
1403653
1403703
1403919
1405896
1405988
1406465
1406992
1408220
1408641
1408779
1408820
1409118
1409615
1411687
1412030
1414062
1414603
1416240
1416588
1417542
1417787
1417959
1418020
1421945
1421946
1423105
1424184
1424360
1424658
1425359
1425519
1425878
1426096
1429189
1429763
1431301
1433341
1433947
1434608
1434994
1435573
1437133
1437164
1438470
1438762
1439037
1440356
1441200
1441287
1441558
1441633
1441677
1441777
1441932
1441948
1443730
1445430
1446244
1448174
1448525
1449098
1450108
1450822
1451278
1451817
1453129
1453953
1454778
1455445
1456131
1457310
1457988
1458201
1458992
1459251
1459767
1459842
1460222
1460698
1461020
1461238
1461336
1461377
1461466
1465352
1465490
1465887
1466461
1466541
1467267
1469028
1469371
1470532
1471186
1471708
1471829
1471904
1472684
1472778
1473310
1473436
1475706
1477491
1477667
1477906
1478237
1479247
1479895
1480426
1480689
1481334
1481551
1481619
1482172
1482435
1483242
1485608
1486852
1487154
1488383
1488983
1489657
1489685
1489850
1489936
1490329
1490748
1491182
1492601
1492744
1493458
1493690
1494115
1494802
1495183
1495344
1495379
1496590
1497092
1497579
1498287
1498637
1498716
1503342
1503494
1504022
1505093
1505318
1506657
1507097
1507343
1508043
1508953
1509086
1509304
1509748
1510645
1510911
1510957
1512262
1512703
1513978
1514057
1514260
1514421
1514710
1515640
1516227
1516267
1516905
1516973
1517381
1517580
1517664
1518559
1518890
1519302
1520156
1521107
1522173
1522566
1522592
1523584
1524983
1526748
1527130
1527151
1528507
1528970
1530709
1531440
1531795
1532126
1533001
1534001
1534528
1535089
1535973
1536122
1536149
1536803
1537111
1537953
1539231
1539597
1540905
1542245
1542531
1542794
1542827
1543121
1544790
1545136
1545220
1545314
1545446
1545476
1546111
1547163
1547685
1548337
1549295
1549411
1552272
1552317
1552571
1552579
1552905
1554912
1555650
1556416
1556493
1557215
1557496
1557847
1558300
1560871
1560986
1561175
1563189
1565290
1566265
1566483
1567343
1567465
1572585
1572808
1575080
1575138
1575485
1576344
1577391
1578511
1579451
1581345
1581553
1581590
1581862
1582372
1582405
1584258
1585310
1585311
1585590
1587057
1587387
1589439
1590147
1590300
1591515
1591759
1592217
1593104
1594584
1597545
1598179
1598592
1599218
1599300
1600120
1601108
1601265
1602662
1604481
1604767
1605327
1605678
1605679
1607743
1607804
1608513
1609104
1609777
1610252
1612403
1612738
1612856
1613236
1613565
1616718
1617026
1617707
1618379
1619508
1619598
1620135
1620880
1621355
1621515
1621782
1622158
1622911
1624175
1626910
1626916
1628014
1628161
1629362
1629643
1630220
1630267
1630964
1631405
1632196
1636589
1637401
1637415
1640080
1640199
1640262
1640298
1640430
1640447
1642401
1642691
1644292
1647192
1647360
1648226
1648440
1649531
1651104
1653860
1654070
1654555
1656490
1656680
1656920
1658323
1659656
1661982
1662589
1664195
1664548
1664902
1665240
1666158
1666511
1667524
1668567
1669314
1669608
1670253
1670657
1671195
1671935
1672371
1673066
1673903
1674791
1674867
1675133
1676247
1676826
1677601
1678501
1679023
1679363
1680020
1680873
1681011
1682137
1683109
1683672
1684401
1684806
1684862
1684932
845934
846570
846728
847202
847239
850422
850535
850697
853769
854002
854934
857377
857717
859390
859797
860939
861795
861980
862162
862816
862919
863048
863089
863295
863460
863917
864782
864929
865958
866879
866910
867444
867895
868714
869714
870275
870347
872973
873617
878176
879987
881248
882414
882574
883143
883386
883589
883608
884560
886174
886604
887379
888063
888285
888973
889964
890666
892471
893145
893156
895349
895519
896181
896999
897307
897472
898481
899329
899956
900530
901817
902646
902659
903219
903310
905157
905190
907087
907145
907362
907488
907544
907700
908806
910144
910679
911469
913511
913756
914400
914812
914855
915444
915527
917900
919403
919808
920403
920629
921172
922143
922831
923088
923463
925635
926378
927134
929823
930056
931562
932136
933036
933074
933724
934037
934268
935977
937236
938713
940483
940767
941139
941144
941609
942374
942672
942681
944551
944759
945329
945579
945631
947488
947670
947794
948447
948811
950658
950846
951942
952224
952625
952722
952766
953516
953996
954275
956629
957683
957849
959799
962051
962293
963338
964300
964330
965097
965162
965817
967619
968240
968554
969229
969543
971170
971220
972012
972290
972764
972851
973524
975079
975869
976581
976871
977382
977922
980623
981035
981439
983313
983761
984876
986489
988086
988160
989811
989980
990013
990490
990773
991711
992026
992088
992679
993209
993258
993418
994039
996252
997073
999199
999506
999802
1000788
1000981
1001095
1001406
1001606
1002009
1002550
1003584
1004379
1004575
1004691
1004846
1006203
1006491
1007284
1008364
1008501
1008600
1008875
1010164
1010341
1011588
1011803
1012825
1012982
1013458
1013826
1014556
1015556
1016095
1016470
1017191
1017839
1018038
1019372
1019675
1020468
1020679
1021523
1023655
1024576
1025515
1025688
1025775
1027955
1029290
1029694
1030236
1030388
1030488
1032183
1032536
1034088
1034701
1036397
1037854
1038635
1040960
1041131
1042268
1042503
1044464
1044674
1044734
1044950
1045466
1045581
1045799
1046338
1047052
1047190
1047333
1047760
1047925
1047997
1048418
1048948
1049580
1049773
1050190
1050213
1050440
1051141
1052007
1052894
1052913
1054204
1054782
1054969
1054986
1055085
1055782
1055908
1056130
1057213
1057904
1058840
1058980
1061678
1062058
1062968
1064024
1064035
1064534
1064579
1064593
1064966
1066352
1067495
1067737
1068132
1068203
1068374
1069440
1070207
1072157
1073004
1074522
1074563
1075145
1075628
1076374
1076641
1078579
1078887
1079038
1079932
1079974
1080508
1081245
1082285
1082476
1083124
1084824
1084945
1085041
1085182
1085217
1086043
1086761
1087205
1087312
1087740
1089488
1089512
1089599
1090474
1090947
1091670
1091973
1096096
1096150
1097164
1098117
1098381
1100329
1101518
1102647
1102664
1103354
1103691
1104573
1104633
1105067
1106166
1108005
1108479
1108911
1109304
1110371
1110435
1110952
1111918
1112111
1112232
1112599
1112671
1112688
1112819
1113751
1113852
1114679
1115735
1117452
1117756
1118132
1118894
1119466
1119523
1119568
1119690
1120013
1120806
1121828
1122441
1122924
1123777
1123838
1124473
1126003
1126255
1126477
1685299
1685804
1687232
1688486
1689432
1690596
1692190
1694834
1695031
1695716
1696555
1696700
1696826
1697596
1697870
1697944
1697965
1698186
1698299
1698674
1700245
1700324
1702205
1703280
1703293
1703533
1704250
1705060
1705441
1705742
1705787
1705853
1705913
1706182
1707404
1708072
1708106
1709744
1710239
1711504
1713184
1713721
1713979
1714829
1717861
1718563
1718931
1718977
1719408
1719995
1720708
1721185
1721560
1721730
1721890
1722541
1723436
1723698
1724245
1724575
1724691
1725237
1725761
1725789
1726342
1726381
1727064
1729861
1730051
1731706
1732008
1732268
1735915
1737881
1738496
1740038
1740259
1740366
1740627
1741960
1742529
1742582
1743059
1743279
1743606
1743688
1744215
1744467
1745590
1746133
1746677
1747659
1747867
1747972
1748159
1748184
1748566
1748980
1751328
1752147
1753358
1753914
1753942
1754008
1755607
1756027
1756351
1757853
1758194
1758305
1758351
1758448
1758925
1758992
1759018
1759158
1759318
1760008
1760230
1760775
1760864
1761296
1761323
1761541
1762494
1763685
1764335
1764661
1766108
1766615
1766723
1767017
1767571
1767711
1767939
1768087
1768179
1769797
1770456
1771634
1771698
1771792
1774614
1774638
1775236
1775716
1775985
1776813
1777669
1777864
1778766
1778931
1779278
1779367
1779788
1780211
1780359
1780840
1782607
1783723
1784323
1785036
1786615
1788046
1788283
1789249
1789579
1789708
1789811
1790116
1790436
1791244
1791673
1791786
1792068
1792348
1794012
1795433
1795758
1796140
1796163
1796978
1798256
1799081
1799420
1800393
1800661
1800979
1801096
1801155
1801315
1802378
1802493
1803221
1804860
1805360
1805385
1805527
1805760
1806178
1806645
1806950
1807831
1808365
1809852
1810361
1810794
1811056
1811288
1812222
1813256
1813488
1814688
1814988
1815170
1815234
1817558
1818949
1822422
1822522
1823173
1823765
1824561
1824981
1825966
1826078
1827424
1828237
1829418
1832842
1833226
1833698
1833789
1834306
1836742
1837035
1837289
1841485
1842432
1842726
1843587
1843686
1844155
1845865
1845886
1846248
1846684
1846827
1847109
1847206
1847949
1848878
1850089
1850800
1850883
1852065
1852091
1852382
1853204
1856006
1857116
1857802
1859900
1861682
1863122
1863883
1863980
1864680
1865423
1865548
1865834
1865857
1866093
1866368
1867096
1867622
1868099
1869469
1869591
1870071
1870937
1871683
1872066
1872248
1872378
1877655
1878089
1878756
1879255
1880058
1881323
1881381
1882201
1882807
1883108
1883685
1884087
1884805
1885523
1885886
1885944
1886586
1887503
1888365
1888861
1889996
1892153
1892299
1892504
1892559
1893379
1893549
1893742
1894627
1895252
1895852
1897073
1897484
1901946
1902045
1902233
1903020
1903025
1903516
1903939
1905718
1907488
1908708
1909040
1909242
1909748
1910761
1911651
1912562
1912956
1913465
1915652
1916680
1916907
1916928
1917180
1918107
1920000
1920201
1922668
1922797
1923606
1923869
1924628
1927009
1927828
1928802
1929774
1930202
1930513
1930584
1931130
1933622
1938893
1938959
1939527
1940935
1940955
1941407
1942416
1942520
1942554
1945344
1947009
1948006
1950512
1951547
1951692
1951842
1953066
1953983
1955187
1955522
1955620
1955624
1957133
1957225
1957583
1957975
1958321
1959199
1959748
1959863
1960036
1963833
1964230
1964245
1964927
1965175
1965250
1968849
1969710
1971599
1971824
1972002
1972349
1972472
1972998
1974979
1975429
1975591
1976518
1977089
1977164
1977283
1977525
1977813
1978399
1978406
1978963
1979234
1979944
1981358
1981743
1982050
1982711
1982955
1983657
1983920
1984117
1986176
1987574
1988248
1988287
1988613
1988653
1989112
1989160
1989705
1989879
1990759
1990917
1991007
1991152
1991449
1991760
1992965
1993065
1993653
1993662
1993759
1993962
1994091
1994745
1994812
1996263
1996555
1998195
1998923
1999679
1999845
2000140
2000746
2001299
2002665
2002687
2003400
2003902
2004008
2004693
2005052
2005917
2005979
2006399
2006750
2007536
2007545
2008781
2009767
2010715
2011514
2012413
2013145
2013272
2014235
2016784
2017173
2017341
2017628
2017799
2018004
2018005
2019404
2019868
2020633
2021648
2021756
2021888
2023286
2024278
2024308
2025875
2026829
2027010
2027204
2027367
2027417
2028385
2030448
2031106
2032054
2032205
2032970
2036055
2036159
2037062
2037467
2037633
2038681
2038927
2038952
2039410
2040199
2042340
2042343
2042652
2044600
2045304
2047053
2047294
2050500
2050983
2051728
2053160
2053941
2054341
2056282
2058491
2058825
2058872
2059375
2059487
2059627
2060115
2061083
2062043
2063261
2063377
2063808
2064059
2064898
2065483
2067059
2068004
2068246
2068485
2068602
2068815
2070367
2070393
2071677
2071806
2072954
2073252
2073873
2074596
2074770
2075993
2077649
2078086
2079234
2079477
2080178
2080321
2080873
2081757
2081939
2082551
2082940
2083961
2084919
2085897
2086563
2086682
2086927
2087534
2087721
2088701
2089388
2089410
2089581
2089797
2090538
2090961
2091993
2092422
2092951
2096563
2098012
2098731
2098940
2099296
2099588
2100701
2104242
2104393
2105831
2106642
2107424
2107732
2108576
2108641
2108646
2109579
2109960
2110830
2111149
2111708
2112418
2112965
2113072
2113296
2113943
2115234
2115376
2115439
2116547
2116577
2116903
2117095
2117794
2117936
2118716
2119218
2119364
2119711
2120819
2121505
2121532
2121636
2121724
2122340
2122680
2122906
2123189
2123240
2124622
2125651
2126990
2127360
2127487
2127685
2129557
2129958
2129967
2130633
2131374
2132047
2132116
2133248
2133516
2133665
2133865
2134642
2135809
2135834
2137289
2138344
2138349
2138374
2138579
2139675
2140321
2140832
2140953
2142376
2143446
2143704
2143803
2143843
2143958
2144296
2145418
2145430
2147114
2147524
2148348
2148368
2150077
2151697
2151714
2152124
2153005
2153534
2153759
2154199
2154656
2154799
2155257
2155701
2156041
2157280
2157350
2158114
2158491
2158568
2158813
2158847
2159386
2159842
2160665
2161582
2162536
2162855
2162944
2163016
2163162
2163448
2163907
2166551
2166616
2166911
2172821
2173755
2174235
2174309
2176392
2176597
2178882
2179056
2180466
2182571
2183043
2183543
2184926
2185668
2187115
2187294
2187871
2188342
2189220
2189367
2189418
2189604
2190508
2191337
2191893
2192201
2192300
2192847
2193374
2193763
2193836
2195152
2195261
2197235
2197337
2197554
2198548
2199067
2199391
2199765
2199872
2201300
2201442
2201875
2202003
2203144
2203269
2203670
2203699
2206386
2207449
2209696
2210812
2210818
2211849
2212168
2212281
2213387
2214108
2214796
2216752
2216816
2217152
2217522
2217882
2218860
2218929
2219515
2219899
2220671
2220791
2221210
2222081
2222468
2223436
2224544
2225728
2225769
2228271
2228588
2228699
2229302
2230291
2230605
2230984
2232071
2232798
2233196
2233866
2233881
2236423
2236675
2237629
2237840
2238812
2239106
2239653
2239688
2239707
2240297
2241108
2241437
2241575
2242679
2242681
2243476
2243878
2244103
2244472
2245508
2245618
2246600
2247120
2247318
2247340
2248246
2248674
2253066
2254441
2255006
2255573
2257617
2258531
2259258
2261312
2261586
2262479
2263462
2263812
2265427
2265621
2265693
2265735
2266133
2266259
2266755
2267321
2267704
2267859
2268520
2269059
2269315
2269685
2271307
2273245
2273444
2274373
2274902
2275410
2275696
2278538
2278593
2279723
2279928
2281143
2283029
2283336
2283442
2283611
2283995
2284034
2284167
2285204
2285806
2285863
2286599
2286610
2286613
2286744
2286793
2287545
2287839
2288857
2288946
2289096
2290328
2290686
2290771
2291302
2293487
2294032
2294206
2294931
2295562
2295970
2296292
2297256
2297537
2298112
2298399
2299234
2299767
2299784
2299997
2300235
2300625
2301948
2302508
2302647
2302930
2303261
2303436
2304840
2305555
2306168
2307896
2309066
2309968
2310184
2310366
2311007
2312218
2314831
2315170
2316296
2317000
2317088
2317257
2318130
2318388
2319390
2319736
2320312
2320515
2321099
2321401
2322854
2323300
2323472
2323854
2325198
2327090
2328384
2328528
2328716
2328926
2330889
2331345
2331782
2332794
2333149
2333360
2334572
2334850
2335875
2336502
2337207
2337261
2337567
2338354
2339628
2339694
2340405
2340424
2341146
2341269
2341288
2341549
2341668
2342679
2343478
2345467
2345633
2346224
2346646
2346785
2346823
2347229
2347693
2347702
2348416
2349025
2349622
2351492
2352351
2352887
2354425
2354428
2354850
2354923
2355203
2355543
2357445
2358329
2358592
2359536
2359600
2360959
2361345
2361608
2362791
2363698
2364789
2364989
2365772
2366669
2367262
2367363
2367819
2368113
2368554
2369469
2371367
2371432
2371786
2371857
2372257
2372973
2373416
2374319
2374519
2374598
2376141
2377061
2379027
2379582
2381005
2381889
2381951
2383496
2385658
2386195
2386576
2387900
2389208
2390291
2390903
2391296
2391519
2392425
2393283
2393678
2393842
2394115
2395775
2396187
2397787
2397941
2398303
2399021
2400198
2400202
2400231
2400673
2400732
2400736
2400818
2401081
2403117
2403182
2403345
2403398
2403979
2404018
2404400
2405024
2405237
2405820
2405950
2405955
2406948
2407036
2407653
2409407
2409463
2409744
2410468
2411477
2411618
2412771
2413543
2414367
2414869
2415841
2416162
2416412
2417256
2418118
2419064
2420042
2420719
2420879
2421724
2423101
2424604
2426009
2426494
2426747
2426786
2428910
2431017
2431019
2431580
2432304
2434323
2434335
2434339
2434777
2434952
2437167
2437594
2438707
2439128
2440143
2440826
2442782
2443487
2443585
2443967
2444430
2447157
2447255
2447671
2447736
2448424
2448855
2449327
2449674
2449862
2451240
2451971
2453431
2453516
2453743
2454079
2455324
2455567
2455648
2456692
2458453
2458546
2459712
2459880
2459993
2460301
2460793
2461899
2462570
2462649
2462698
2465083
2465544
2465656
2466001
2466733
2467252
2467450
2468058
2468150
2468187
2469250
2469590
2469636
2470926
2471609
2471730
2471784
2472152
2472688
2475955
2476151
2476381
2477367
2479027
2480315
2480761
2481393
2481758
2481767
2482701
2482854
2486350
2486664
2486860
2487188
2487317
2487525
2488175
2489765
2490593
2490631
2490994
2491145
2492194
2492293
2492814
2492924
2493165
2494210
2494493
2495352
2495768
2496809
2497108
2497370
2498500
2499834
2499934
2501198
2502069
2503643
2504238
2505126
2505148
2505570
2505915
2506047
2506396
2506622
2506662
2508432
2508993
2509502
2510020
2510120
2510466
2510959
2511208
2511254
2511958
2513259
2514577
2515198
2515616
2515637
2515800
2516287
2516424
2516489
2516773
2517879
2519496
2520084
2520397
2520483
2520533
2520949
2521310
2521512
2521639
2522773
2522857
2523030
2524666
2524816
2525329
2526085
2526581
2526772
2527436
2529803
2531420
2532514
2533059
2533731
2534975
2539148
2539356
2539875
2542543
2543276
2544388
2545291
2545377
2545829
2545989
2547833
2548096
2548387
2548667
2549010
2549240
2549273
2549516
2549859
2550053
2550623
2550707
2551114
2551459
2552257
2553822
2554253
2554272
2556137
2556448
2557435
2558942
2559423
2560519
2560868
2561714
2562254
2562592
2562929
2563028
2563944
2566471
2567637
2568251
2569536
2569679
2570779
2570933
2572313
2572918
2573299
2573344
2575150
2575580
2577037
2578801
2579154
2580130
2580721
2581852
2582980
2583109
2585324
2585387
2585909
2587850
2589050
2589070
2589952
2590024
2590810
2591038
2592557
2592858
2592884
2593621
2595692
2596137
2596221
2596704
2599189
2599228
2599306
2600697
2601824
2602041
2602206
2602225
2602346
2602902
2603636
2604286
2604934
2605574
2605798
2606105
2606110
2606517
2607212
2607626
2607662
2608002
2608107
2608494
2609863
2609949
2610373
2610588
2610719
2612921
2613331
2613476
2613643
2614819
2615295
2615648
2616417
2618841
2619101
2619787
2620204
2622767
2623934
2624583
2624725
2624935
2625394
2625437
2626244
2626340
2626887
2627198
2627558
2628308
2628464
2629163
2630424
2630820
2631860
2631995
2632568
2633084
2634053
2635667
2635877
2636390
2637633
2638869
2640086
2640171
2640529
2641038
2641314
2641450
2641991
2642533
2642852
2644125
2644498
2645273
2646472
2646981
2647433
2648112
2648995
2649730
2650473
2650482
2650987
2651451
2651831
2651923
2652001
2652004
2652482
2652627
2652964
2653422
2655462
2656374
2656918
2657756
2658819
2659747
2660624
2660885
2660895
2661149
2663583
2663976
2664298
2665122
2666147
2666374
2666771
2668729
2669151
2669264
2671004
2672537
2672852
2673875
2674079
2675239
2675259
2675419
2675823
2676561
2677149
2677153
2677551
2678296
2678656
2679281
2679440
2679977
2680785
2680859
2682521
2683018
2683547
2684208
2684585
2685275
2685841
2686544
2687124
2687638
2690210
2690483
2690706
2690717
2691285
2691901
2692128
2694842
2695319
2695478
2695538
2697903
2698657
2699514
2700071
2701001
2701328
2701738
2702304
2702720
2703657
2703966
2705937
2707017
2707650
2708218
2711845
2713801
2714270
2714414
2714513
2715387
2715676
2718026
2718179
2718422
2718716
2718743
2719007
2719015
2721801
2721829
2721954
2722231
2722526
2722684
2722987
2723727
2723865
2724181
2724233
2724385
2724679
2724984
2725079
2726008
2726718
2727487
2728779
2729428
2730003
2730478
2731405
2733068
2733643
2734489
2735708
2736142
2737322
2737447
2738457
2739379
2740319
2740455
2740752
2741310
2742846
2742876
2743190
2743213
2743231
2743883
2744193
2744327
2744814
2744868
2745208
2745658
2747323
2747706
2749903
2750854
2750859
2750889
2751161
2753793
2754299
2756522
2757013
2757098
2760759
2761604
2761867
2762341
2762500
2765859
2766299
2766316
2766418
2767080
2767377
2767694
2768179
2768987
2769932
2770570
2771704
2772402
2772561
2773067
2773149
2773709
2773846
2774016
2774478
2775020
2775200
2776365
2776413
2776800
2778098
2778360
2778738
2779389
2779938
2780967
2781300
2781558
2782267
2782557
2782729
2782928
2783136
2783301
2783838
2783928
2784133
2784194
2784195
2784380
2784640
2785842
2785944
2786280
2787139
2787174
2787579
2788207
2789102
2789220
2789522
2789544
2789604
2789665
2789828
2790815
2791371
2792365
2794564
2795653
2796368
2796669
2797349
2797491
2797784
2798288
2798652
2798901
2800089
2800792
2801307
2801882
2802716
2803421
2803764
2803879
2804026
2804102
2804184
2804268
2804712
2805190
2805194
2807111
2808407
2809676
2810997
2813196
2814065
2814296
2814722
2814774
2814862
2814894
2817015
2817215
2817308
2817548
2819171
2819520
2821876
2822029
2822633
2822649
2824936
2825571
2826695
2827661
2828752
2831353
2831859
2834209
2834268
2834582
2836173
2836996
2839244
2840514
2840636
2841349
2842607
2843170
2843423
2845783
2846017
2847192
2847479
2849272
2849616
2849670
2849702
2849737
2849891
2850373
2850445
2851020
2853530
2854461
2855285
2855974
2857118
2857390
2858651
2859204
2860541
2860787
2861027
2861085
2861600
2861720
2862144
2862994
2863210
2863611
2863708
2864522
2864703
2864870
2866806
2867702
2867784
2868088
2868120
2868446
2868630
2868983
2870796
2874191
2874418
2874723
2874773
2874817
2875234
2876044
2877854
2878280
2879021
2879259
2880219
2881130
2881444
2881733
2881927
2886091
2886238
2887721
2888135
2888536
2889064
2889124
2889984
2890505
2890885
2891384
2891654
2892283
2893404
2893726
2893924
2895601
2895728
2895848
2896012
2896146
2896606
2897096
2897352
2897589
2897880
2898340
2898896
2899212
2900109
2900618
2900695
2900785
2902100
2902136
2902176
2902788
2903849
2904346
2905394
2905764
2905859
2906581
2906995
2908347
2908666
2909048
2909297
2909597
2910223
2910674
2910987
2911130
2911296
2911918
2912029
2914452
2916568
2916822
2917005
2917036
2917037
2917099
2918154
2918300
2918359
2918749
2919638
2920503
2920818
2920898
2922050
2922697
2924996
2926528
2926558
2927186
2927234
2927344
2928305
2928790
2929746
2929905
2930654
2930904
2931531
2933802
2934383
2936153
2936223
2936582
2936760
2936867
2937034
2937130
2938188
2938648
2940048
2940058
2942430
2942746
2944122
2944381
2945355
2945475
2946308
2946828
2947970
2948617
2948773
2949603
2949758
2949946
2950030
2950471
2950671
2950877
2951100
2952106
2952640
2954639
2954708
2954770
2955317
2958708
2959430
2959746
2960229
2960561
2962032
2962112
2962904
2962912
2963393
2966862
2968028
2968432
2969911
2970067
2970477
2970672
2971295
2971531
2971787
2972617
2972840
2972873
2973117
2974332
2974979
2975213
2975623
2975640
2975852
2975947
2976152
2976204
2976924
2977733
2980754
2981564
2982050
2982070
2983138
2983208
2983576
2983595
2983857
2984076
2985472
2986836
2987259
2987480
2987974
2988279
2988593
2988625
2988661
2989631
2989900
2990003
2990005
2990120
2992022
2992253
2992294
2994460
2994720
2995589
2997207
2997968
2998398
2998695
2998704
2999471
2999711
3000018
3000099
3000948
3001362
3001435
3002082
3002624
3002873
3004819
3005633
3006183
3006307
3007518
3008006
3008293
3009216
3011746
3012340
3012396
3013069
3014723
3014889
3015366
3015843
3016458
3016507
3017555
3019848
3019871
3019902
3020957
3021812
3021906
3023950
3025156
3025402
3027445
3027779
3028057
3028267
3029331
3029427
3029627
3029641
3030454
3031016
3031238
3032397
3033496
3033897
3035050
3035977
3036517
3036926
3038870
3041206
3042080
3042304
3042471
3042659
3043786
3043938
3044807
3045132
3046725
3047346
3048172
3048351
3049353
3050078
3050254
3050961
3051071
3051839
3052070
3052443
3053080
3053129
3053212
3053319
3054155
3054604
3054988
3055309
3055594
3057453
3057693
3057770
3058343
3058648
3059651
3060556
3062462
3064287
3064295
3064969
3065213
3066234
3066917
3068210
3068245
3070378
3070596
3070772
3070990
3071864
3071929
3072115
3072143
3072149
3073665
3073702
3073768
3073854
3074314
3074340
3074356
3074532
3075674
3078618
3078650
3078749
3079063
3079221
3079533
3079779
3080264
3081037
3081109
3083139
3084885
3084955
3085554
3086643
3088565
3088850
3091128
3091168
3091173
3092473
3094617
3095193
3095403
3095823
3096803
3097029
3097635
3098686
3099055
3099618
3099784
3100156
3101023
3102111
3103397
3104674
3104736
3106668
3106855
3107019
3108198
3108556
3108770
3110030
3113322
3115286
3117208
3119050
3119471
3119723
3120837
3123784
3123946
3124121
3124259
3125050
3125743
3125880
3125961
3126405
3127829
3129427
3129503
3130446
3131211
3131921
3131955
3132473
3132531
3133435
3134409
3135089
3135148
3135608
3136031
3136106
3136894
3137042
3137295
3137677
3139304
3139440
3140568
3141164
3143413
3143539
3145992
3146855
3147000
3148197
3148662
3148851
3149399
3149649
3149865
3150007
3150581
3150659
3151235
3151627
3151930
3152901
3152978
3154043
3154710
3155527
3155535
3157070
3158515
3159970
3161334
3161490
3161869
3164342
3164519
3164606
3166512
3168220
3169101
3169239
3170079
3170164
3170740
3171868
3171977
3171983
3172511
3173430
3174709
3174818
3175341
3175423
3176744
3176759
3177257
3179275
3179677
3180201
3181560
3181915
3183573
3183852
3184235
3184888
3186121
3186525
3186743
3187511
3188086
3188480
3189315
3189440
3189919
3190118
3190524
3190866
3190939
3191041
3191494
3192449
3192480
3193517
3194139
3194792
3196232
3196301
3196460
3197933
3198211
3198630
3200157
3200390
3202440
3202476
3203296
3203522
3204173
3204895
3205087
3205704
3207180
3208418
3208419
3208942
3209623
3209641
3209643
3212360
3213851
3214114
3214168
3215225
3215620
3216332
3216975
3217480
3217997
3218423
3219302
3219533
3220416
3220527
3221123
3222217
3222360
3222693
3222858
3223088
3224789
3225051
3225255
3225494
3226736
3226812
3226971
3227292
3227963
3228322
3228366
3228651
3229052
3229339
3229582
3231205
3231382
3231940
3233687
3233763
3234238
3234494
3234958
3235281
3237084
3237977
3238996
3239991
3240361
3240790
3241654
3245467
3246109
3246163
3246523
3246805
3246923
3247049
3247693
3247734
3252453
3252752
3252884
3253906
3254300
3254849
3255174
3255365
3256392
3256653
3256797
3256817
3257237
3258993
3259280
3261744
3261859
3262758
3264352
3264447
3265336
3265988
3266061
3266621
3268115
3269440
3269564
3269845
3270218
3270628
3271118
3271199
3271684
3271980
3272601
3272913
3273111
3273497
3274951
3274972
3275442
3276236
3276321
3276837
3277633
3278747
3279369
3280053
3280826
3281728
3282088
3283112
3284299
3285290
3286007
3286594
3287217
3288256
3288327
3288833
3289021
3291805
3294309
3295276
3295731
3295833
3297291
3298245
3298387
3298638
3299418
3299875
3300760
3301100
3301568
3301879
3302959
3303869
3303889
3304660
3305086
3305338
3305640
3306749
3306906
3307171
3308173
3308944
3310042
3310848
3311868
3312780
3312874
3313855
3314656
3314961
3315691
3315798
3315857
3316992
3317289
3319500
3319688
3319911
3321071
3321486
3322307
3322848
3323868
3324237
3324508
3324887
3326160
3326793
3327203
3327222
3327929
3328440
3328541
3329356
3329477
3329982
3330424
3330558
3331302
3333566
3334236
3336473
3337289
3338020
3338052
3338541
3338836
3338878
3339049
3339438
3339442
3340729
3341150
3341972
3342012
3342123
3342383
3344318
3345587
3345831
3345949
3345952
3347096
3347603
3348637
3348862
3349000
3350184
3351436
3351687
3352521
3352937
3353079
3356169
3358199
3359750
3360257
3360310
3360423
3362309
3363661
3364717
3364943
3365146
3365856
3366316
3367787
3369453
3369609
3369870
3370595
3371632
3371964
3373059
3373768
3373861
3375209
3375829
3375893
3376113
3376676
3377746
3377935
3378838
3380182
3380905
3380935
3381203
3381211
3381867
3382115
3382126
3382696
3383303
3383648
3383847
3384121
3384591
3385381
3385736
3385791
3386574
3386593
3387588
3388589
3389641
3391446
3391775
3392032
3392243
3393495
3393619
3393647
3394056
3395612
3395694
3396908
3397167
3397207
3399150
3399260
3400002
3400802
3401557
3401796
3402078
3402880
3403075
3403648
3404078
3404115
3404210
3404289
3404796
3404932
3405236
3407149
3407154
3407403
3407442
3407691
3409701
3410323
3410433
3411813
3411901
3414235
3415328
3417091
3417282
3419566
3419946
3419998
3420463
3420819
3421214
3421258
3421416
3422715
3422912
3424217
3424563
3425528
3426139
3426244
3426508
3428181
3429436
3429716
3430440
3430464
3430820
3431000
3431340
3432716
3432804
3433066
3435054
3435118
3435259
3436016
3436575
3437550
3438121
3438208
3439623
3440712
3441204
3441589
3442939
3445731
3445758
3446033
3446043
3446264
3448146
3448497
3448947
3450143
3450758
3451922
3452900
3452930
3454706
3456117
3456946
3457430
3458371
3458980
3459035
3459868
3460972
3462341
3462615
3462889
3463669
3464626
3464668
3466144
3466327
3467052
3467146
3467493
3467500
3467751
3467883
3467975
3468776
3469376
3469443
3469955
3470531
3471211
3472033
3472223
3472406
3472954
3473243
3473384
3475598
3476444
3476900
3477485
3477926
3478279
3478478
3480012
3480394
3480583
3480777
3481611
3482294
3483841
3484312
3485244
3486898
3488127
3488696
3488795
3490626
3490883
3491444
3491649
3492306
3492824
3496071
3496743
3497371
3497459
3499185
3499280
3500268
3501783
3503192
3504652
3504662
3507275
3510109
3510326
3510447
3511463
3513012
3513942
3514682
3516024
3516127
3516391
3516755
3517152
3517494
3517671
3517959
3518037
3518379
3519023
3519440
3520020
3520218
3520438
3520863
3521137
3521836
3522436
3522707
3522760
3523503
3524113
3524835
3524989
3525675
3526371
3526408
3526554
3528978
3529854
3530188
3531365
3531633
3531676
3532288
3533553
3534255
3534718
3535755
3536090
3536728
3537849
3538620
3538862
3539229
3540824
3540952
3541844
3541858
3542816
3544393
3545235
3545567
3545920
3546720
3546741
3547541
3548606
3548786
3549100
3549362
3549730
3549936
3550143
3550188
3550227
3551103
3552506
3552837
3553268
3553301
3553429
3553641
3555006
3555331
3555975
3556796
3556837
3557122
3557226
3557620
3559446
3560929
3561733
3561875
3562097
3564300
3564796
3566157
3567018
3568164
3568709
3569504
3569559
3569829
3570945
3571993
3572085
3572538
3572893
3573334
3574908
3575445
3576883
3577262
3578325
3579179
3579478
3580677
3581678
3584325
3584675
3584798
3585214
3585704
3586280
3586615
3587221
3587579
3587633
3588505
3588538
3589027
3589693
3590295
3592319
3592366
3593015
3593295
3593839
3594273
3595810
3596411
3597515
3597638
3597794
3599303
3599412
3600189
3600908
3601339
3603084
3604515
3604861
3605083
3606034
3606732
3607340
3609586
3609992
3610723
3612551
3612654
3612740
3613264
3613359
3613540
3614380
3615032
3617384
3617917
3619509
3620561
3621692
3622247
3623486
3623993
3624193
3624497
3625215
3626691
3626884
3626921
3627048
3627516
3627741
3628044
3629661
3630787
3630805
3630997
3631315
3631583
3631867
3634292
3634363
3635113
3636955
3638048
3638955
3639967
3640178
3641030
3641189
3642303
3642826
3643000
3643695
3644298
3644413
3645012
3646511
3649096
3649754
3650940
3651999
3652029
3652212
3652413
3653838
3654178
3654293
3654811
3655401
3656036
3656504
3657748
3658530
3658578
3659396
3660208
3661150
3662121
3662951
3663312
3664286
3664962
3665136
3666566
3667296
3667493
3667696
3668272
3669508
3670470
3672801
3673402
3673718
3675151
3676122
3676739
3676995
3678439
3679437
3680662
3681678
3682239
3682383
3682548
3683066
3683201
3683348
3685158
3685834
3685979
3687308
3689928
3691906
3692327
3693284
3693935
3694629
3695178
3695293
3695776
3695904
3697290
3698236
3699964
3700002
3700133
3700456
3700518
3700535
3702702
3703129
3704018
3705056
3706917
3708538
3709001
3709441
3709493
3710563
3710751
3710890
3713169
3714072
3715144
3716017
3716278
3716518
3716589
3717562
3717966
3718010
3718183
3718289
3719724
3719764
3719962
3721439
3722073
3722293
3723688
3723770
3723838
3724752
3725157
3725775
3725817
3726650
3726686
3727309
3727488
3727668
3728362
3728685
3729955
3730161
3730291
3730530
3732045
3732460
3733333
3735292
3736149
3736183
3737851
3738293
3739265
3739806
3740526
3741920
3742739
3742998
3743169
3745440
3746575
3746819
3747384
3747408
3748429
3748854
3749988
3750832
3752097
3752968
3754090
3754144
3755883
3756123
3757505
3757666
3758122
3758321
3758987
3759300
3759416
3759620
3759924
3760825
3762959
3763521
3763943
3764288
3765649
3766283
3768364
3768369
3769873
3769958
3772337
3772738
3775212
3775687
3777245
3779732
3779849
3780515
3781783
3782561
3783070
3783272
3785591
3785703
3785870
3786334
3786938
3788375
3788607
3788850
3790214
3791833
3792077
3792324
3793721
3794166
3795739
3796828
3797211
3797665
3800094
3801047
3801337
3802003
3803138
3804208
3804681
3805275
3806806
3807525
3807776
3808249
3808603
3808986
3809974
3810173
3810277
3810673
3811495
3811573
3811788
3812367
3813192
3813851
3815941
3816022
3816691
3817148
3817583
3818480
3818591
3818732
3819212
3819442
3820594
3820765
3820869
3821015
3821042
3821459
3821508
3822209
3822578
3822864
3823648
3823692
3825012
3825697
3825812
3825844
3825911
3826661
3827072
3827074
3827190
3827594
3828061
3829199
3829828
3830208
3830221
3830300
3832816
3833258
3834583
3834600
3834662
3834840
3835070
3836859
3836996
3837686
3838136
3838261
3838744
3841800
3841824
3842601
3843052
3843340
3843801
3845306
3845914
3847013
3847788
3847878
3849994
3850491
3851460
3852020
3852362
3853510
3853778
3854529
3855778
3855912
3856409
3856573
3856831
3857119
3857187
3857225
3857445
3857539
3858042
3860035
3860087
3860128
3860506
3861630
3862376
3862874
3863422
3865279
3866409
3868448
3868553
3869101
3869425
3870049
3870339
3871460
3871496
3871917
3871980
3872304
3872313
3873156
3874135
3874924
3874993
3875085
3876990
3877940
3878385
3878509
3879296
3881367
3881694
3882344
3883786
3883883
3884091
3884325
3884357
3885641
3886899
3887504
3888172
3891490
3891647
3892096
3893021
3893531
3893571
3895161
3896022
3897464
3897871
3898241
3898751
3899014
3900511
3901188
3901978
3903197
3905280
3907296
3909358
3910281
3910861
3910878
3911213
3912850
3912953
3913571
3914104
3915072
3917477
3917781
3918234
3918250
3919634
3919771
3921246
3921456
3921930
3922632
3922851
3923644
3924847
3924992
3925444
3925890
3928353
3929669
3930927
3931361
3931482
3932006
3932042
3932044
3932594
3932742
3933361
3934181
3934873
3935017
3936797
3936899
3937330
3937393
3938112
3938758
3938828
3938863
3939206
3939536
3940203
3942981
3944378
3944489
3945359
3945983
3947127
3947555
3948403
3948831
3949453
3950061
3950189
3950229
3951232
3951865
3952301
3953106
3953402
3955017
3955043
3955711
3956179
3956409
3956914
3957395
3957470
3958035
3961074
3961110
3961607
3963136
3963220
3963372
3963757
3964101
3964568
3966914
3967729
3968453
3968682
3969082
3969222
3969270
3969573
3969712
3970194
3970666
3971079
3971511
3971691
3971783
3972343
3972652
3972962
3973012
3973460
3974100
3974290
3975108
3975337
3975704
3976630
3976899
3977017
3977195
3978159
3978520
3978522
3978916
3979296
3980400
3981175
3981305
3982078
3982095
3982587
3983152
3985846
3986219
3986337
3986634
3988138
3989822
3990216
3990243
3990289
3990515
3990858
3991585
3992682
3994041
3995129
3997219
3997865
3998092
3998580
3999991
4000231
4000392
4002076
4002213
4003079
4003877
4004054
4006042
4006590
4007788
4008636
4008849
4009812
4010014
4010777
4011005
4011275
4011295
4011893
4012590
4013645
4013862
4014147
4014748
4015310
4017781
4018236
4018643
4018657
4018723
4018861
4019304
4020113
4020195
4020649
4022116
4022529
4024042
4024089
4025130
4025821
4026015
4026276
4026865
4027152
4027778
4028040
4028581
4029134
4029139
4029671
4029690
4030104
4030329
4031570
4031575
4032525
4032958
4033380
4034977
4035121
4036264
4038112
4038225
4038489
4039951
4039985
4040235
4040498
4042154
4042668
4043263
4044366
4044812
4044916
4045158
4045339
4045494
4047178
4047317
4047569
4048294
4048973
4049073
4050497
4050525
4051996
4052135
4053141
4053348
4053520
4053586
4055980
4056129
4056645
4057409
4057584
4058851
4060360
4060545
4061483
4062322
4063302
4063725
4063766
4064932
4065824
4065892
4067431
4067493
4069046
4069739
4070375
4070916
4071137
4071478
4072212
4072397
4072788
4074251
4075685
4076383
4076942
4077045
4077418
4078634
4078854
4079715
4080715
4081365
4081599
4082154
4082540
4082714
4083527
4083588
4084072
4084475
4085708
4086212
4086243
4087610
4088683
4088707
4091134
4091655
4091932
4093255
4093787
4094505
4095177
4097307
4097906
4097944
4098032
4099388
4102787
4103230
4103353
4103365
4105078
4105108
4105839
4105915
4106314
4106690
4107531
4109253
4109384
4109398
4110420
4110529
4110548
4111782
4112046
4112144
4112479
4113327
4113724
4113788
4114502
4114591
4114609
4116439
4116819
4119006
4119157
4119995
4120203
4120408
4121357
4121593
4121871
4122229
4122934
4123757
4124002
4124206
4124416
4124799
4125091
4126064
4126164
4127279
4127405
4129078
4129141
4130418
4132224
4132848
4133869
4134918
4135049
4136398
4138000
4138060
4138356
4139977
4140511
4140512
4141796
4142584
4143049
4144006
4144311
4145956
4146921
4147110
4148679
4148724
4149335
4149475
4150005
4151594
4151689
4153133
4153592
4153927
4154141
4155090
4156028
4156408
4157588
4157637
4158122
4158369
4159721
4160100
4162051
4162084
4162645
4163405
4163504
4163687
4163944
4164362
4165481
4166313
4167064
4167379
4167414
4168171
4168325
4169677
4170032
4170060
4170307
4170584
4171812
4172095
4172478
4172582
4173070
4175006
4175551
4175618
4175858
4176034
4177962
4178121
4178408
4178501
4179067
4179495
4179549
4181386
4181782
4182102
4183797
4183830
4184783
4185919
4187743
4189235
4190214
4190388
4191207
4191661
4191811
4192961
4192971
4193816
4194622
4194862
4199230
4200452
4200630
4202050
4202165
4202519
4202851
4203369
4203507
4203572
4204362
4204563
4205006
4205098
4205193
4205622
4205791
4206252
4206440
4207027
4207409
4208920
4209011
4209477
4209485
4209673
4210001
4210558
4212565
4212660
4213118
4213444
4214001
4214028
4214348
4214508
4214571
4215723
4216612
4217029
4218622
4218901
4218999
4219113
4219248
4220300
4220616
4221384
4221773
4221943
4223756
4224239
4224337
4224379
4225437
4225628
4226584
4226834
4227950
4228519
4228554
4228929
4229136
4230315
4230348
4231668
4233109
4235298
4236159
4237949
4238676
4238715
4238750
4238990
4239349
4239896
4240398
4240800
4241857
4242214
4242924
4243197
4243864
4244693
4249623
4249696
4250094
4251294
4252442
4252678
4254270
4254700
4257211
4257222
4258210
4258825
4259473
4259493
4259954
4261453
4261472
4262308
4262500
4263506
4263672
4263904
4264078
4264214
4264303
4265630
4267741
4268395
4269034
4270152
4270537
4270951
4271239
4272439
4273352
4273929
4274772
4275194
4275227
4275881
4276383
4276541
4277107
4277734
4279431
4279946
4281414
4281433
4281866
4282462
4282520
4282695
4283570
4284406
4284687
4285969
4285999
4286023
4286339
4287009
4288381
4289749
4290039
4290111
4290498
4290691
4291124
4293250
4294396
4294584
4294725
4294967
4295074
4295367
4296125
4296327
4298200
4298235
4298303
4300445
4301689
4302215
4302846
4304481
4305945
4306106
4306895
4307168
4307451
4308356
4308446
4308544
4309874
4310054
4310489
4310575
4311131
4312375
4312586
4312988
4313436
4314731
4315086
4315138
4315538
4318227
4318557
4318760
4318772
4318895
4321036
4321190
4321366
4322032
4322176
4322798
4324069
4324704
4325641
4326347
4326915
4327496
4328021
4328126
4328783
4329537
4329618
4329972
4330907
4332189
4333295
4333516
4333739
4334805
4335576
4335654
4337284
4337398
4338426
4340332
4340399
4341029
4344249
4344952
4344953
4345146
4345211
4346555
4346577
4346681
4347737
4348851
4349045
4349355
4351070
4351565
4355173
4355870
4356611
4357108
4357737
4357776
4358293
4358318
4360110
4360805
4360876
4360879
4361031
4362812
4364060
4364734
4364920
4365625
4366131
4366136
4366546
4366966
4368140
4368677
4371273
4371313
4372416
4372710
4372820
4373086
4373424
4376347
4377167
4377332
4378230
4378477
4378589
4378655
4378893
4380460
4380784
4382364
4382801
4382883
4383059
4383065
4383673
4383934
4384757
4385411
4386357
4387014
4387111
4387842
4388253
4388514
4388732
4388917
4390115
4390607
4390826
4391994
4392928
4393030
4393229
4393274
4394391
4394432
4394948
4395147
4395262
4395859
4396760
4398765
4398871
4399121
4399395
4399659
4402999
4403131
4403244
4404635
4404810
4405313
4405534
4405612
4405963
4406712
4407633
4409807
4410279
4410661
4411198
4411349
4411831
4411879
4412163
4413394
4415062
4415211
4415400
4417823
4418219
4421628
4422457
4423061
4423555
4424000
4424720
4425014
4425177
4425801
4426744
4426955
4427319
4427428
4428271
4428833
4430358
4432191
4433248
4436112
4436282
4436369
4437726
4438114
4439727
4441209
4442157
4442451
4444112
4444852
4446607
4447735
4447878
4449539
4449589
4450190
4450871
4451299
4452867
4454131
4455085
4456882
4457263
4457291
4457317
4457407
4457811
4458538
4458825
4459480
4460095
4460735
4461434
4462586
4462591
4462768
4463019
4463597
4463773
4465617
4466323
4469034
4469675
4471297
4471357
4471799
4472879
4473053
4473111
4473154
4473614
4475436
4477442
4478079
4479049
4479535
4480068
4480175
4481608
4482106
4482654
4484533
4485061
4485342
4485583
4488095
4491564
4492406
4492739
4494045
4494699
4495252
4495641
4495706
4495837
4496980
4497623
4497857
4498264
4499009
4500232
4502789
4502853
4503248
4503269
4504041
4505305
4505990
4506251
4506414
4506425
4508787
4509818
4512017
4513406
4513423
4514185
4515379
4515754
4516366
4517907
4518065
4518763
4519392
4520980
4521764
4525191
4525567
4525595
4526307
4526977
4527335
4528781
4530269
4530637
4530708
4530727
4531209
4531552
4533012
4533851
4534193
4535424
4535971
4536129
4536956
4539680
4539824
4539982
4541025
4541594
4541673
4542055
4542220
4542961
4543114
4543178
4543811
4545138
4545195
4545472
4545483
4546152
4547429
4548039
4548106
4548127
4549135
4550722
4550923
4552556
4553179
4553470
4554478
4555187
4557799
4557804
4558818
4559043
4559656
4560196
4562873
4563233
4564914
4565247
4565275
4565336
4566507
4567563
4568285
4569828
4571819
4572598
4572656
4573318
4573449
4574157
4575922
4576465
4576617
4577393
4577823
4577925
4578155
4578283
4578562
4578968
4579409
4579447
4579586
4579995
4580035
4580298
4581222
4583116
4585495
4585781
4585908
4586034
4587759
4589494
4589537
4590074
4590753
4590800
4591058
4591287
4591671
4591914
4591921
4591960
4592584
4593046
4593717
4593736
4594112
4594577
4594780
4596228
4596459
4596524
4596614
4597341
4597385
4597766
4597905
4598358
4599267
4601963
4602502
4602592
4602923
4602929
4602958
4603273
4603427
4603541
4604018
4604023
4605173
4605332
4605367
4605815
4605906
4607644
4607749
4608978
4609653
4609679
4609810
4610087
4610928
4612234
4612713
4612739
4614000
4614140
4614562
4614674
4615945
4615951
4616022
4616501
4617109
4617543
4617597
4617891
4618266
4618337
4620088
4622062
4622471
4622533
4622724
4622857
4624132
4624400
4624718
4625815
4627871
4627892
4629114
4630030
4630447
4631475
4631636
4633535
4633837
4634675
4634998
4635061
4636077
4636880
4637463
4637602
4638820
4639245
4640292
4640548
4642941
4643891
4644061
4644988
4645596
4647563
4648802
4651545
4652550
4653066
4654974
4655666
4655815
4655817
4656876
4656952
4657732
4658632
4660920
4661328
4663232
4663473
4663671
4664025
4664488
4665434
4665901
4666870
4666923
4667703
4668856
4669301
4669762
4670322
4670991
4671431
4671854
4673585
4678644
4678722
4681275
4681454
4681996
4682005
4682524
4683467
4684369
4684949
4686801
4688606
4688850
4689668
4690662
4690964
4692147
4692833
4693454
4694415
4696187
4696650
4697016
4697045
4698444
4698647
4699583
4700992
4701664
4701940
4702211
4702413
4702963
4703725
4704332
4704740
4704989
4705016
4705313
4705607
4706963
4708714
4709237
4709852
4710857
4711205
4711468
4711795
4711979
4712454
4712919
4713343
4713348
4713511
4714645
4715168
4715356
4716277
4716501
4716693
4718507
4718960
4719482
4720103
4720248
4720254
4720813
4720945
4721851
4722262
4722867
4722969
4723232
4723337
4723664
4724893
4725686
4726359
4726903
4728025
4728499
4728617
4728892
4730474
4731394
4732251
4732403
4732804
4732926
4733074
4733207
4733444
4734244
4735183
4735238
4736573
4736727
4737369
4737752
4738360
4739789
4740438
4740625
4742936
4743015
4743109
4743441
4744106
4744547
4745606
4747495
4748262
4748472
4750295
4750572
4750652
4750679
4752710
4752919
4753078
4753574
4753749
4754735
4756074
4756660
4756947
4757209
4758021
4759092
4759308
4759593
4760005
4761257
4761576
4761852
4762477
4763017
4763141
4763442
4764288
4765388
4766290
4766291
4766443
4769176
4769201
4770323
4770666
4771622
4772023
4772509
4773235
4773778
4774944
4776526
4777852
4777994
4778320
4779438
4779647
4780514
4780584
4781898
4782011
4782330
4782788
4783145
4784074
4784964
4785283
4785578
4785724
4786231
4787015
4787309
4788861
4788882
4789038
4789654
4790845
4791271
4791849
4791862
4793069
4793568
4794426
4795374
4796715
4798234
4798594
4798638
4798639
4799040
4803409
4804716
4804880
4804895
4805703
4805833
4806029
4807007
4807648
4807724
4808127
4808407
4808434
4809037
4809109
4810707
4810711
4810771
4811257
4811648
4811769
4812479
4813801
4814104
4815330
4815437
4815520
4816297
4816855
4819097
4819741
4820892
4821131
4822181
4823338
4823396
4823756
4826320
4826850
4827048
4827159
4827895
4828158
4828496
4828921
4829740
4830465
4830570
4831200
4831507
4832803
4833166
4835496
4835641
4836026
4836272
4836566
4838313
4838324
4839051
4839254
4840469
4840887
4841031
4841329
4841489
4842143
4842157
4842935
4844160
4845834
4846920
4847524
4847875
4848251
4849282
4849874
4850113
4850125
4850997
4851436
4851723
4852000
4853192
4854288
4855184
4855310
4855691
4856111
4856125
4856166
4856198
4856495
4856756
4856909
4857034
4857875
4858801
4859496
4859800
4860035
4860539
4861181
4861748
4864797
4864828
4866380
4866773
4867718
4867781
4868159
4868392
4868468
4869368
4869841
4870675
4871669
4872848
4874435
4875795
4875972
4876510
4876654
4876938
4877240
4877348
4878178
4878240
4878817
4879441
4880137
4880418
4881978
4883411
4883756
4885381
4885578
4885721
4885898
4888399
4889122
4890289
4891003
4892216
4892685
4892698
4892733
4893611
4893635
4895898
4896168
4896936
4897911
4897925
4898498
4898733
4899030
4899478
4899669
4900372
4900907
4901478
4901878
4901912
4903497
4906921
4907262
4908226
4908802
4908923
4909171
4910136
4910214
4910429
4910515
4910986
4911063
4911444
4912201
4912448
4913259
4913261
4913703
4913971
4915504
4915641
4915891
4917982
4918603
4919024
4919111
4920671
4920750
4920871
4921030
4921120
4921312
4922790
4923064
4924783
4925129
4925751
4925915
4926413
4926524
4926650
4926962
4928146
4928348
4928453
4928713
4928804
4929754
4929835
4930474
4930545
4930818
4930832
4934024
4935368
4936252
4936569
4936892
4938503
4938622
4939071
4939254
4939496
4940178
4941375
4942324
4942904
4947127
4947693
4948159
4950255
4950778
4952412
4953006
4953245
4953776
4955625
4955648
4956684
4958387
4958503
4958675
4960262
4960304
4961180
4961737
4962541
4964675
4965524
4968140
4969845
4970144
4971313
4971781
4973509
4975597
4975796
4975832
4976364
4979330
4980087
4980519
4980857
4981896
4982002
4982254
4982387
4983566
4983633
4983707
4983911
4984888
4985048
4985902
4986202
4986471
4986528
4986619
4987524
4987741
4988747
4989551
4990067
4990324
4990493
4991590
4991671
4992698
4993020
4994267
4995087
4996770
4996829
4997250
4997702
4998684
4998916
4999252
5000416
5000771
5001794
5002718
5005435
5008008
5008033
5009686
5012294
5012634
5012963
5013679
5014405
5014690
5017342
5017660
5018591
5018626
5019462
5020147
5021132
5023349
5023436
5023745
5023894
5026173
5026687
5029117
5029270
5030918
5031413
5031692
5031743
5033116
5034253
5035077
5035082
5035947
5036809
5038365
5039587
5040095
5040464
5041374
5044590
5045098
5046152
5046519
5046644
5046670
5047136
5048153
5048202
5048858
5049251
5051217
5051788
5052253
5053215
5053403
5053487
5055011
5055396
5055445
5056329
5056420
5056535
5057181
5060005
5060020
5060403
5060983
5064042
5064246
5064585
5065007
5065515
5067346
5067354
5069147
5069237
5070766
5071472
5072217
5072630
5072908
5073547
5074151
5075062
5075530
5077539
5077842
5077866
5078215
5078652
5078893
5079124
5079720
5079780
5079887
5081324
5082441
5084051
5084931
5085814
5086411
5090369
5090762
5092104
5093901
5094403
5094890
5096335
5097243
5099692
5099757
5100108
5100161
5100545
5101525
5102039
5102748
5103919
5104108
5107242
5108236
5109287
5109992
5110402
5111469
5111960
5112114
5113396
5113522
5113656
5113824
5114943
5115538
5116174
5118154
5118244
5118891
5119435
5119437
5119575
5119764
5121487
5121948
5122525
5123531
5123637
5123881
5125485
5127210
5127535
5128755
5128977
5129801
5131188
5131387
5131571
5131935
5132303
5132625
5132857
5133630
5134036
5134526
5134644
5135492
5135627
5135886
5136007
5136580
5138941
5139283
5139337
5139427
5139819
5139846
5141372
5142363
5143351
5144136
5145492
5145565
5146681
5147223
5147469
5147988
5148097
5149280
5149948
5150614
5150666
5151444
5152091
5157496
5157550
5158480
5158764
5160699
5163071
5163889
5164214
5165015
5165616
5165617
5168405
5168723
5169095
5169819
5169863
5170082
5170592
5171092
5171492
5174435
5174438
5175457
5175734
5175932
5176013
5176036
5176144
5176624
5177222
5179218
5179242
5181359
5182205
5182532
5184946
5185031
5185966
5186264
5186461
5187649
5187744
5188422
5190109
5190550
5191156
5191519
5191595
5193350
5193838
5193939
5193943
5194909
5195172
5195339
5196245
5196473
5197479
5198150
5199263
5199634
5199971
5201530
5203453
5204352
5204508
5204544
5204562
5204850
5205040
5207203
5207277
5207837
5207871
5207926
5209717
5211709
5212831
5214631
5215304
5215443
5215578
5215726
5216012
5216026
5216151
5217189
5217218
5217691
5217957
5218013
5218402
5222457
5222628
5222689
5223405
5224172
5225147
5225171
5225767
5226255
5226559
5227496
5227906
5228076
5229152
5232009
5232061
5232409
5232649
5232902
5235038
5235698
5236185
5236903
5236984
5237241
5237298
5237674
5237795
5238188
5238968
5239180
5239476
5242244
5242985
5244055
5244478
5244977
5246323
5246747
5246779
5249749
5249989
5252248
5252886
5253408
5253415
5253648
5254668
5255322
5255365
5256095
5258401
5258470
5258624
5260222
5260714
5261273
5261505
5262260
5262628
5265196
5265916
5265980
5266268
5266305
5266784
5266895
5267842
5268066
5268184
5268479
5268786
5268993
5269418
5270089
5270476
5271047
5275423
5275695
5277106
5277918
5279056
5280505
5282879
5283053
5283093
5283302
5283697
5284282
5284299
5284846
5284859
5284948
5286514
5286553
5286603
5287248
5287667
5287883
5288157
5288873
5289606
5289952
5290830
5293394
5293651
5295705
5296247
5297222
5299091
5299337
5299701
5300561
5301097
5301915
5302215
5303057
5303167
5303506
5303814
5306729
5307932
5308258
5309132
5310404
5311036
5311369
5312365
5312747
5312902
5313224
5313366
5313651
5314001
5314869
5315888
5317138
5317358
5317797
5320016
5321595
5321809
5321825
5321880
5322834
5325403
5325617
5326059
5326166
5326346
5326542
5326754
5326959
5328054
5328323
5328451
5329639
5330361
5330712
5330812
5330913
5331007
5331282
5332797
5333496
5334004
5334619
5335528
5336002
5336551
5336697
5336753
5338476
5339041
5339235
5339579
5339797
5340004
5340524
5340696
5340757
5342791
5345013
5346507
5346791
5347760
5347833
5349072
5350949
5351378
5352908
5354138
5355402
5356300
5356511
5357601
5359365
5359720
5359755
5360073
5360167
5360667
5361950
5361968
5362060
5362328
5362415
5364086
5364275
5364458
5365821
5366141
5366633
5367345
5367658
5368212
5368722
5368745
5370374
5371638
5372847
5372963
5373857
5373930
5374657
5375184
5375302
5375441
5375540
5376469
5376513
5376612
5376667
5377068
5377765
5377954
5378260
5378281
5378359
5378880
5379360
5380049
5380143
5380531
5382632
5383240
5385648
5385812
5386109
5390576
5391784
5393263
5393396
5393589
5394798
5395736
5396037
5396190
5396424
5396717
5397103
5397171
5397958
5398204
5398724
5399047
5399103
5399940
5401492
5403558
5403875
5405293
5405828
5406202
5406496
5406853
5407030
5408755
5408961
5409148
5409785
5409919
5409995
5410449
5410649
5411945
5412485
5414753
5414773
5414844
5416525
5416780
5417950
5418264
5419456
5419553
5422505
5423559
5423810
5424824
5425247
5426646
5426898
5427294
5427317
5427346
5427674
5429569
5431078
5432281
5432475
5432846
5433662
5435196
5437959
5440095
5440101
5440643
5440736
5441148
5441275
5441458
5442302
5442308
5443058
5443286
5444271
5445388
5445940
5446033
5446437
5446554
5446853
5447124
5447463
5447793
5447966
5448991
5450181
5450999
5451767
5451785
5453154
5453308
5453928
5454308
5455692
5456851
5457058
5457210
5457339
5457369
5457428
5457522
5458060
5458968
5459384
5460448
5461225
5461398
5462749
5462979
5462997
5463028
5463985
5464822
5465025
5465409
5467090
5467265
5468920
5469942
5471722
5472155
5472566
5473635
5474520
5474844
5475184
5475496
5475540
5475713
5475991
5476067
5476267
5477367
5477445
5478258
5478274
5479002
5479643
5480646
5480834
5481176
5481319
5481913
5483847
5483924
5484079
5485056
5485810
5486009
5486298
5486879
5487015
5489927
5492773
5493441
5493494
5494699
5494750
5495070
5495447
5496308
5496738
5497290
5497732
5498299
5500598
5500911
5501503
5502675
5503812
5504608
5504942
5505294
5505906
5506960
5507617
5507903
5508876
5510245
5511681
5512136
5513854
5513911
5514588
5514822
5515033
5515124
5515863
5516427
5517430
5517727
5518844
5519114
5519295
5519829
5519875
5520352
5521070
5523800
5524493
5524495
5525869
5526064
5526561
5526615
5526734
5527680
5527805
5528306
5529510
5529572
5529844
5530261
5531030
5532192
5533126
5533753
5534474
5536435
5536477
5536661
5536705
5537220
5537678
5540597
5541113
5541391
5541925
5542019
5542074
5542590
5542712
5543391
5545460
5545600
5545626
5545743
5547713
5549360
5550200
5553782
5554672
5555857
5557607
5557745
5558069
5558885
5559350
5559380
5560150
5560327
5560918
5562224
5562604
5563165
5564065
5564407
5565475
5565953
5567423
5567424
5568064
5568357
5568407
5568615
5568737
5569581
5571149
5571351
5573587
5575056
5575693
5576167
5579688
5581427
5582796
5583116
5583419
5584348
5584584
5584639
5588160
5588188
5588896
5589198
5590422
5590731
5590741
5591391
5593698
5594169
5595021
5595181
5596955
5598292
5598438
5599272
5599376
5601173
5601606
5602506
5602721
5603447
5603569
5604734
5605836
5606768
5606897
5606947
5608411
5610289
5610735
5610782
5611034
5611598
5612417
5613584
5614248
5617591
5617697
5617735
5619026
5619175
5619895
5620183
5620510
5621591
5621932
5624780
5625648
5626006
5627640
5628128
5630449
5630716
5631394
5631535
5633148
5633236
5634886
5635255
5636684
5637627
5639032
5640403
5641276
5641599
5641998
5643264
5644297
5645356
5645893
5647495
5647734
5648738
5650567
5652053
5652104
5656185
5657516
5658428
5658816
5659126
5659785
5660046
5660294
5660999
5661548
5661603
5662169
5662688
5662695
5663115
5663647
5663941
5667519
5667566
5667654
5668295
5668641
5668778
5669342
5671101
5671224
5671504
5671950
5673070
5674282
5674590
5674925
5675185
5675326
5675829
5675916
5676764
5677085
5677508
5678065
5679042
5679280
5682051
5682531
5683532
5685320
5685519
5686491
5686518
5688130
5688201
5688237
5688577
5689818
5690669
5691369
5691392
5692435
5693390
5694056
5694401
5695218
5696575
5697103
5697191
5698065
5698128
5698775
5699386
5699590
5699680
5701300
5701945
5702731
5703449
5703804
5703916
5704578
5706240
5707119
5707886
5708164
5708484
5708511
5708849
5708980
5710490
5711564
5711923
5712536
5712663
5712760
5714784
5715997
5716942
5717113
5717289
5717577
5717650
5718389
5719335
5719929
5721240
5721344
5721415
5722217
5722566
5723711
5723843
5725777
5728189
5728314
5728531
5729377
5730395
5730416
5733123
5733334
5734508
5735124
5735954
5736000
5737626
5738197
5738674
5739072
5739191
5739475
5740603
5740753
5741553
5744880
5745022
5745882
5747581
5748795
5749270
5749768
5750680
5750963
5751787
5752840
5752918
5753188
5753423
5753534
5754200
5755715
5756041
5756780
5757261
5757284
5758543
5758737
5758850
5758984
5759213
5761420
5761724
5763672
5764397
5764781
5765160
5765271
5765518
5767812
5768152
5768219
5768220
5768255
5769149
5769258
5770339
5772671
5772888
5773360
5773844
5774438
5777321
5777518
5777695
5777975
5779988
5780067
5780332
5780440
5780908
5782530
5784416
5784479
5785034
5785549
5785625
5785674
5785729
5785789
5786375
5786584
5786998
5787991
5789149
5791135
5791276
5791795
5792195
5792499
5792644
5793035
5794388
5796418
5796823
5796908
5797178
5797812
5798357
5798660
5798664
5799221
5801357
5801592
5801606
5801852
5802605
5802967
5805207
5805324
5809983
5810325
5810462
5810507
5810664
5813313
5814243
5814278
5814914
5817350
5818039
5819115
5819150
5819600
5820434
5820959
5821993
5823351
5823632
5823942
5824163
5824862
5824919
5826156
5827567
5828187
5828723
5828810
5829453
5831427
5831554
5831701
5831787
5831960
5832526
5836123
5836630
5838084
5839576
5840358
5840419
5840533
5840831
5841825
5845638
5845726
5846052
5846283
5846685
5846768
5848476
5849485
5849724
5849763
5852439
5853754
5855037
5855255
5855794
5856187
5856741
5857021
5858200
5858286
5858340
5858784
5859598
5861656
5862482
5863730
5863987
5864296
5867907
5868072
5868855
5870334
5873272
5873684
5873947
5875316
5876605
5877207
5877594
5878981
5879603
5881572
5881648
5882085
5882324
5884952
5885776
5886804
5886854
5887027
5889430
5889469
5890982
5891717
5891748
5892183
5892923
5893185
5894118
5894930
5895486
5895493
5895761
5896808
5897327
5898906
5899157
5900002
5900190
5901067
5901682
5902111
5902287
5902949
5902979
5903267
5903810
5906698
5907128
5907869
5908595
5909707
5910372
5910613
5910936
5910974
5911804
5912058
5912105
5912212
5912892
5915739
5916451
5918262
5918595
5919500
5921175
5921428
5921577
5922967
5924251
5924259
5925166
5925952
5926717
5927009
5929098
5929207
5930189
5930484
5931039
5932830
5933454
5934219
5934439
5935350
5935405
5935767
5936202
5936322
5937324
5937361
5939294
5940405
5941953
5942372
5943275
5944377
5945001
5945597
5945791
5945950
5946782
5948121
5948880
5950330
5950772
5950968
5951054
5951511
5951722
5952587
5953775
5955915
5956891
5957752
5958192
5958295
5960016
5960269
5962208
5962218
5964304
5964563
5964685
5965500
5966348
5966974
5968324
5968450
5970307
5970675
5971017
5971219
5971657
5972702
5972936
5973130
5973270
5974055
5974311
5975456
5978081
5978779
5979234
5979670
5980502
5982038
5982979
5985472
5987235
5987600
5987603
5988522
5988534
5988722
5989071
5990094
5990676
5990761
5993671
5995341
5997218
5997459
5997497
5997647
5999276
5999284
5999842
6000276
6003311
6005720
6006945
6007794
6009460
6009508
6009869
6011759
6012059
6012859
6013148
6013320
6014126
6014751
6014774
6015672
6015700
6016092
6016684
6017100
6017234
6020094
6020840
6021178
6021852
6022533
6023564
6023632
6024759
6024773
6024951
6025279
6025401
6026030
6026947
6027010
6029615
6029679
6030143
6033018
6033051
6033271
6033554
6033616
6034431
6034871
6036878
6037838
6039093
6039121
6040278
6040480
6041434
6041593
6041865
6042219
6044688
6045202
6045548
6046811
6049049
6049227
6049298
6049555
6049903
6052573
6053135
6054248
6054693
6054725
6055283
6056876
6057251
6058228
6059018
6059647
6059906
6060596
6060774
6060855
6060880
6062116
6063790
6063902
6064632
6064902
6066003
6066638
6068019
6068832
6069142
6069285
6069488
6069566
6070430
6070762
6071465
6074063
6074387
6074634
6076467
6076537
6077971
6079986
6080764
6080912
6080969
6082171
6082283
6085312
6085630
6086512
6086887
6086938
6087893
6087897
6088462
6088885
6089379
6089906
6090170
6090546
6090699
6090832
6091404
6091518
6091969
6097748
6099409
6100075
6100590
6101587
6104044
6105624
6105869
6107191
6107208
6109044
6109633
6109738
6110367
6110613
6112556
6112725
6113559
6115636
6116321
6117402
6117717
6118754
6119997
6122020
6122504
6123182
6123788
6124550
6124943
6125603
6125670
6126140
6126888
6128589
6128625
6128855
6129772
6130191
6131200
6132108
6132801
6132828
6133758
6133817
6134318
6134802
6136108
6136994
6137632
6139018
6139175
6139843
6140293
6141558
6142174
6142653
6143017
6143915
6143934
6145857
6146322
6146568
6147604
6148306
6148465
6149101
6149230
6151318
6151750
6151795
6152247
6153533
6153624
6153771
6154929
6155198
6156310
6157110
6157117
6158202
6158741
6159030
6159402
6159632
6160992
6163085
6163906
6164001
6164157
6164196
6164898
6166481
6166778
6167227
6167715
6167805
6167810
6169747
6170386
6171081
6171453
6172032
6173056
6173148
6174131
6174590
6175558
6177088
6177764
6178749
6179214
6179294
6179674
6180123
6180951
6181480
6183409
6184625
6184774
6185742
6186726
6189670
6192487
6192587
6193038
6193253
6194237
6194587
6195453
6195831
6198122
6199503
6199975
6200074
6200111
6200227
6200402
6201255
6201432
6202267
6202700
6202941
6204104
6205218
6206301
6206609
6206812
6207672
6208104
6211440
6211797
6212389
6212634
6213297
6213392
6213635
6213868
6214341
6214675
6215068
6215851
6216470
6216565
6216839
6217909
6218701
6219124
6219383
6220207
6220405
6223514
6224023
6224455
6224759
6225132
6225609
6226388
6227219
6227240
6227451
6228161
6228846
6229589
6230701
6231532
6232113
6232498
6233069
6233170
6233654
6233973
6235405
6236111
6236145
6236169
6237805
6238555
6238730
6239666
6239998
6240993
6241794
6242106
6242212
6242422
6242674
6243290
6243473
6244615
6246321
6247049
6247323
6248517
6252925
6253596
6256461
6257993
6258072
6258482
6259022
6259614
6260625
6261133
6261175
6262031
6262144
6262154
6262790
6263259
6264747
6265555
6265825
6266979
6267630
6267858
6267916
6268313
6268316
6269096
6269484
6270958
6272451
6273062
6273882
6276058
6276442
6276906
6277876
6278099
6278553
6278602
6279641
6279854
6280701
6281714
6282273
6282530
6283012
6283569
6284365
6286132
6286249
6287627
6287629
6288178
6288776
6289714
6290533
6290822
6291263
6291533
6291645
6292766
6293176
6293301
6293305
6294305
6295368
6295587
6296537
6296686
6296980
6297245
6298353
6298420
6298593
6300825
6301249
6301539
6304706
6305465
6306030
6306909
6307092
6307814
6308438
6308788
6309165
6309468
6309679
6309837
6310356
6311656
6311853
6315791
6316249
6316926
6318467
6319101
6319939
6322108
6322135
6322249
6322359
6324650
6324874
6324963
6326867
6327855
6328778
6328998
6329579
6329824
6330373
6330836
6332203
6334135
6334174
6334501
6335208
6335541
6336117
6337203
6337572
6337771
6338200
6338228
6340968
6341128
6341422
6342416
6343864
6344450
6344960
6346405
6346469
6346732
6349422
6350120
6351906
6351991
6354153
6354251
6354341
6354606
6354640
6355020
6355193
6356045
6356362
6356648
6357221
6358555
6360454
6361267
6361511
6362380
6362800
6362900
6363213
6363379
6364223
6364306
6364355
6364958
6365613
6366018
6366437
6367535
6367805
6367906
6367956
6368715
6368825
6369228
6370281
6372099
6374397
6374549
6375257
6375294
6375454
6375948
6376001
6377402
6377681
6377695
6378824
6378991
6379077
6380149
6381053
6381666
6382072
6383025
6383129
6383148
6383608
6386837
6386868
6387296
6387649
6387858
6388914
6389127
6389853
6389903
6391009
6391826
6392025
6392100
6393065
6393078
6393215
6395916
6396462
6396563
6397720
6399369
6399566
6399886
6401978
6402281
6402444
6402654
6403429
6403529
6403802
6405254
6406560
6407445
6407561
6407586
6408176
6409161
6409819
6410756
6410933
6411007
6411035
6411659
6411922
6413345
6413364
6413500
6413528
6415690
6416135
6416525
6416747
6416779
6416950
6417646
6418633
6419078
6419750
6420010
6420703
6420888
6422353
6422402
6423413
6423503
6423818
6424723
6424872
6426332
6426555
6426664
6426693
6426880
6428042
6428530
6428585
6429447
6429665
6430290
6433064
6433849
6434074
6434799
6435241
6436116
6436257
6437454
6437527
6437785
6439557
6439838
6439853
6439859
6440375
6440831
6441035
6441188
6442160
6444225
6444376
6445229
6445287
6445986
6446512
6448267
6448404
6448970
6449868
6449883
6452135
6454434
6456801
6457898
6458198
6458484
6461261
6462450
6462784
6463541
6464925
6465335
6465582
6466567
6466938
6467557
6468608
6468615
6468692
6470478
6470814
6471316
6471461
6471699
6471823
6472599
6473259
6473871
6475326
6477330
6477367
6479851
6481583
6481610
6481806
6482440
6482679
6484888
6485093
6485895
6486468
6488699
6488793
6491277
6491547
6491556
6492173
6493785
6494356
6495489
6495787
6496110
6496857
6498244
6498285
6499362
6499406
6499978
6500252
6500561
6500620
6501514
6501633
6502478
6502883
6503932
6507324
6507404
6508030
6508655
6509531
6509923
6510257
6511271
6511621
6512107
6512302
6512723
6512835
6512913
6513490
6513716
6514717
6515121
6515671
6515676
6516364
6516848
6517023
6517534
6517673
6518129
6518147
6519365
6519619
6520123
6521661
6523705
6523714
6524448
6524912
6524938
6525384
6526724
6527299
6527467
6527787
6528510
6529391
6529480
6531989
6532142
6533932
6534540
6536697
6537065
6537134
6537418
6538173
6540020
6540353
6541054
6541559
6541562
6542545
6542745
6543007
6546141
6547209
6547555
6547820
6551179
6551286
6552875
6553340
6553564
6553655
6553875
6555129
6555610
6557337
6557447
6558166
6558199
6558208
6558500
6559708
6560152
6560493
6562561
6562676
6563035
6563325
6563724
6563849
6567258
6567923
6568220
6568516
6568557
6569593
6570760
6570956
6571753
6573244
6574040
6574406
6574586
6574967
6575782
6576429
6576595
6577559
6578204
6578262
6579334
6579553
6580124
6580851
6580890
6581538
6582284
6582614
6582617
6582975
6583904
6584957
6586277
6587391
6590495
6591543
6592469
6592932
6593668
6594313
6594314
6594488
6595067
6595998
6596859
6597104
6600095
6601101
6601864
6603207
6603294
6603835
6604450
6604789
6605675
6605782
6605826
6606134
6607668
6609734
6610285
6610463
6612120
6612194
6612738
6612775
6613654
6613922
6614395
6614593
6614923
6615078
6616699
6616778
6617366
6617905
6618077
6620638
6622750
6622778
6625698
6625834
6626089
6626321
6626333
6626390
6626971
6627035
6627353
6627843
6629487
6629699
6629809
6630090
6630345
6630644
6630760
6630956
6631277
6631975
6632976
6634159
6635220
6635731
6635797
6635816
6635862
6636332
6637099
6638777
6638986
6639375
6640237
6640612
6640685
6641595
6642031
6642610
6643190
6643872
6644382
6645013
6645889
6646145
6646151
6646227
6646775
6647266
6648023
6648282
6648372
6648607
6648668
6648692
6648981
6649149
6649252
6650685
6651365
6652263
6652360
6653620
6654090
6654155
6655082
6655379
6657208
6657375
6657415
6658067
6658094
6658954
6659211
6660939
6661256
6661688
6661944
6662040
6662282
6663458
6663877
6664347
6667322
6667770
6668297
6668310
6668336
6668432
6669082
6670728
6671096
6671560
6672544
6673700
6674878
6675490
6675986
6676375
6676622
6676722
6677181
6677914
6678044
6679810
6680372
6680394
6680818
6680911
6681595
6682760
6686889
6687198
6687265
6687968
6690260
6690310
6690339
6690790
6691420
6691801
6693111
6693383
6693493
6693924
6694864
6695202