13
136
1386
2072
3204
3521
3529
4123
4961
5831
8252
8442
10968
12089
13655
14475
14522
14635
15080
16221
16479
17491
18113
20679
21480
22002
24384
25600
28229
28595
29004
29037
29207
29425
30469
30612
31284
31805
33003
33359
34723
35031
35435
35850
38158
39291
39574
39868
41347
42695
42795
43636
47841
47967
48027
50545
53357
53901
54158
54518
57251
57372
57609
59038
59930
61690
61746
63042
63323
65700
65803
66253
67416
67649
68685
73133
73908
74608
82223
82487
82809
83057
84793
88100
88202
88238
88264
90217
91885
92138
92635
92670
93033
93211
93622
93959
95132
95425
95731
96671
97402
97493
99472
100167
101185
101440
102095
102138
104150
104799
105195
105567
107615
108011
109287
112135
112220
113469
113965
116429
118565
118870
119096
120031
121421
121674
122857
123125
123302
127802
128343
129233
133561
134473
135462
136156
136316
137823
140620
141801
142745
143491
143688
143791
144567
144736
146012
147051
147105
147459
149837
150406
150906
151192
151310
151842
151947
152212
153113
155859
156029
158216
158255
159364
159586
161525
161580
161993
164431
164445
165248
166314
168563
170402
171687
172700
172844
173019
173078
173578
173994
174937
176595
177447
181019
181327
182155
182791
182894
183923
184169
184548
190319
190445
190638
191232
191796
193387
193606
195050
196261
197879
198640
199890
202655
204695
205868
206100
206175
206264
207195
208931
209222
209987
210990
211072
211554
214220
217839
218082
218656
219162
219716
221835
222137
223005
223211
223791
224865
227661
228836
228983
230750
232233
233141
233431
233717
233906
235145
235797
237460
238220
238346
238468
241184
241941
242143
242222
242240
242391
242996
243593
243759
245003
245811
247352
247759
248310
252959
254253
255049
258079
258198
258461
258850
259536
260607
261120
261988
262224
262529
262920
263061
269653
270883
272336
272949
273379
275523
276330
276847
277504
278841
279058
281037
281890
283183
284019
284196
284601
285326
286135
287099
287685
288047
288138
290692
291668
292123
294026
295631
296184
298718
300134
300690
302063
303121
304288
305311
306388
307328
307852
308671
309542
310346
310828
312245
312891
314035
314892
315041
315481
315669
317971
319517
319703
322428
323853
323860
323902
324042
324327
324667
326056
326239
326966
329310
330351
330456
330814
331740
331813
336172
336479
337545
337581
339028
339046
340719
341095
341379
343219
348871
349237
349309
349887
350780
350840
351890
352072
352240
354018
354137
354212
354616
354660
354862
356249
357813
359207
360018
360358
360363
360790
361295
361494
362281
366549
367400
367611
367732
367766
368036
368430
368534
370516
372730
373140
377086
377095
378083
380268
380591
380930
381913
382411
383103
383652
383860
383969
384756
384859
385041
385525
386609
386642
386677
386983
387052
387658
390191
390237
391962
392166
395437
396682
397255
399023
399108
399228
399415
400015
400722
401316
401670
402727
403155
403634
405001
405336
405453
407967
408635
408822
409283
412436
412939
413494
415031
418725
419929
420081
420228
420640
421497
421583
421710
423117
424389
427016
427759
428513
429004
430709
431996
432500
437816
437980
438372
439080
441463
442892
446669
449636
450054
450823
451317
451586
451739
451813
452190
452883
453181
454842
454940
455041
456071
456555
456911
457250
457906
459124
462112
462670
463425
464612
466166
469783
470596
471082
471377
471407
472360
472948
473415
474565
475276
476204
476756
477137
478261
479575
481012
482230
483507
483851
484952
486410
487315
487513
488590
488876
489549
491078
491458
492009
493605
494112
494544
495865
497294
498163
498655
501443
501778
502624
502884
503206
505591
506135
510518
510865
511630
512162
513703
514436
515448
516166
518448
520634
521777
522580
523239
524281
524935
527078
530291
530620
530726
533436
533651
534087
534135
535407
535678
537889
538060
538376
539554
542462
542609
542616
543489
543523
544327
544659
545229
545970
546258
546523
546797
547713
549931
550125
550164
550718
551235
552189
554015
555222
556617
557320
559054
559055
559677
560891
560968
561752
562124
562226
563178
564195
564606
565005
565653
566317
566945
567073
567558
568486
572550
572733
574805
574983
575038
575198
575209
578577
579249
580283
580856
580916
580990
582435
583161
584929
588952
589146
589959
590342
590359
592119
592336
594017
594362
595552
595720
595949
596883
597765
598951
599116
600964
601565
601977
602690
603882
604202
605002
605478
606252
607250
607533
608972
612844
613688
613935
614756
615008
616300
617144
617663
619228
619379
619898
620236
620839
620998
621729
622684
622742
624998
625187
625552
625813
626940
628221
628662
630998
632038
632461
632736
632954
634273
636175
638294
639626
640048
640931
642389
642729
644218
644941
645157
645708
645972
646605
648719
648763
649221
650122
650405
650497
652604
655561
656387
656697
657545
657866
657999
661457
661682
662868
666625
667727
670692
671522
671714
673045
674568
675515
675637
676870
677712
678047
679417
680798
680934
681718
682238
684154
686990
687025
687243
687725
687894
688583
689050
690824
691039
691679
692442
692857
692979
693384
696304
698042
698785
699332
699598
699630
703910
707807
708015
709432
709434
710150
710576
710600
710720
711218
712632
714327
724333
724346
726293
726495
728138
728235
729889
734061
734231
734469
735881
736878
739885
740358
741072
742630
744135
745608
747777
749617
751895
753281
753510
753737
753906
755670
756470
757572
759430
761282
761635
761670
761715
761922
763720
764524
764578
765227
766957
767799
768439
768596
770256
770596
772017
773212
774320
775638
775992
776560
776718
776806
776968
777852
780719
780826
782713
783456
784240
784288
784562
785283
785698
786022
787437
788485
790064
790293
790485
791118
791157
792132
792846
792853
793908
793970
794544
796013
797512
798777
800723
800887
801763
802241
803717
804132
804173
805640
805758
806339
806700
807125
807282
807602
808652
809210
810213
810260
811276
813214
814307
815300
816641
816775
816942
817964
819836
820138
820866
823358
823945
828808
831845
832729
834137
835289
836665
837022
837721
839881
840584
841050
843237
844496
1128134
1130336
1132070
1132116
1132393
1133830
1136813
1137245
1140776
1141206
1142366
1143243
1143486
1143666
1143688
1143893
1144358
1147679
1147778
1148089
1148907
1150447
1150904
1151038
1151088
1151599
1153004
1154432
1155884
1158088
1159341
1161934
1163397
1165374
1165945
1168096
1168294
1168923
1169720
1170005
1170443
1170876
1171707
1171969
1172308
1172661
1174738
1175500
1176722
1179236
1179931
1181695
1183115
1183675
1185694
1186208
1186245
1187729
1188313
1189247
1189317
1189654
1190322
1190624
1191699
1192523
1195007
1197593
1197680
1198212
1198479
1198693
1198738
1199558
1200245
1201036
1203526
1204364
1204386
1204554
1207226
1208327
1209013
1209221
1209234
1209639
1210203
1210584
1212126
1212706
1212815
1213659
1215376
1217319
1217329
1219938
1220004
1220285
1221477
1221878
1224090
1224647
1224993
1226614
1227322
1227454
1228209
1228914
1229929
1230160
1230896
1233168
1234327
1235500
1236432
1239170
1239435
1239711
1239983
1241062
1242112
1243222
1246266
1247715
1248640
1248657
1248758
1249310
1250282
1250316
1250381
1250593
1254501
1256838
1257505
1257543
1257685
1258904
1260104
1260478
1262619
1263566
1264246
1265722
1265846
1269680
1271498
1271672
1273295
1273465
1274219
1274277
1274906
1275235
1277083
1278091
1278424
1279654
1279922
1282170
1282515
1285058
1285178
1286542
1289146
1289704
1290063
1290076
1290402
1290942
1291439
1291803
1292060
1292812
1292893
1295161
1296137
1296993
1297967
1299718
1300088
1300657
1301624
1302798
1303650
1304111
1307131
1307874
1307977
1308692
1308876
1310367
1310911
1311150
1311453
1312742
1313672
1314152
1315438
1316385
1316865
1317298
1317447
1319730
1319782
1320358
1320455
1321760
1321930
1322288
1323691
1324347
1324715
1326263
1326563
1326745
1330593
1330733
1331051
1334749
1336247
1336923
1337425
1338590
1340306
1341003
1342978
1343348
1343561
1343866
1346085
1346108
1347937
1348592
1350575
1351101
1352527
1352995
1353513
1355354
1355471
1357396
1360064
1360377
1362002
1362359
1363834
1364670
1365006
1365408
1365758
1365948
1366096
1366705
1366973
1368179
1369797
1370069
1370841
1371252
1371754
1372094
1372154
1373367
1374603
1375964
1376746
1377649
1377749
1378685
1378720
1379254
1379971
1381300
1382335
1382872
1382929
1383044
1384030
1385127
1385456
1386100
1386122
1386705
1388033
1388238
1389297
1391219
1391349
1391693
1391896
1392112
1395542
1396245
1399901
1400002
1400647
1401152
1402006
1403235
1405106
1407068
1407105
1408676
1409270
1409639
1410835
1412200
1414062
1414133
1414808
1415326
1415479
1416596
1416664
1417528
1423369
1424044
1424106
1424857
1426485
1426937
1427043
1427088
1430800
1430953
1431940
1432531
1436353
1438356
1438794
1440356
1442248
1442565
1442851
1443189
1447341
1448132
1449113
1449471
1449659
1449880
1450119
1450380
1450582
1453237
1453789
1454213
1460318
1460369
1461278
1463234
1463451
1465611
1466138
1466202
1467187
1467564
1470369
1470974
1471361
1472521
1472875
1473536
1473744
1474796
1474906
1475978
1476052
1476075
1476716
1477301
1478975
1479608
1479746
1482617
1483241
1483963
1484510
1485108
1486537
1490514
1492592
1492832
1493706
1494585
1495871
1496384
1498745
1499137
1499904
1502969
1503066
1503563
1504148
1508047
1510103
1511081
1511543
1512821
1513668
1514016
1515105
1515256
1516102
1516131
1518617
1519345
1519596
1523406
1523987
1525134
1525635
1526624
1528758
1530098
1530342
1531323
1531455
1532025
1532224
1533847
1535371
1535528
1535676
1536313
1537391
1538542
1538714
1539279
1539723
1540147
1540357
1540474
1542635
1543453
1543576
1544281
1545491
1547430
1547651
1547685
1547839
1548329
1550355
1550875
1551625
1553160
1555296
1556379
1560604
1562125
1562547
1563405
1564293
1564493
1566862
1567158
1568554
1571037
1571317
1573016
1573889
1574750
1574758
1575150
1578828
1579511
1579828
1581170
1582688
1585091
1585382
1585842
1585985
1586167
1586895
1590100
1590991
1591890
1595082
1596327
1596584
1599736
1601815
1601981
1602280
1602429
1604276
1604831
1604937
1606346
1606484
1606853
1607375
1607631
1610642
1611660
1612697
1613423
1614455
1614743
1615509
1616564
1618944
1620141
1620453
1623669
1624433
1624692
1625163
1627461
1627575
1627614
1627858
1629129
1630356
1633309
1634285
1634839
1637228
1637596
1638251
1638402
1640402
1641261
1641368
1641449
1643405
1644924
1646094
1647111
1647316
1647770
1648489
1648991
1650994
1652068
1652358
1652862
1654069
1654575
1654588
1654989
1656049
1656909
1658035
1659867
1661514
1661715
1662028
1662134
1663911
1664745
1665072
1666158
1666639
1667334
1667627
1668826
1670681
1671441
1674720
1675684
1675725
1677194
1678128
1680041
1680410
1680675
1682244
1682962
1683442
1683628
1684279
846455
847702
847911
848456
849358
849388
849732
850397
850551
853786
855802
856216
856764
857293
857333
857633
857746
857948
858489
859442
860515
861403
863019
864468
865448
866136
866137
867714
869551
870589
871884
874201
874403
874935
875721
876679
877288
879316
883367
883386
885775
888000
889593
890945
893555
894149
894178
894419
896342
898124
898760
900961
901178
902223
904217
905816
908745
909698
909916
912660
914368
914701
916512
917935
918676
918853
925106
926243
928378
931587
931675
932617
933484
933931
934633
935400
936036
936625
937197
938090
938220
938498
939240
939648
940155
941579
942144
942402
943171
946491
947606
947896
948572
949721
949801
950616
952006
955839
955964
957202
957280
957414
957417
957847
958227
959367
959780
960466
960637
961640
962616
962959
963731
963969
965689
966358
969045
969439
972912
972927
974747
976062
980182
980364
980383
980953
981564
981981
982209
983163
984876
985377
988300
988931
989934
990685
990710
992521
993046
993614
994668
995084
996462
996717
998027
998224
1000711
1000717
1002901
1003000
1003045
1003438
1007515
1007866
1007900
1008122
1010921
1011023
1012865
1013155
1013661
1013903
1014125
1014489
1016134
1016160
1019283
1020370
1020401
1021203
1021242
1021411
1021587
1021985
1024053
1024479
1025634
1026470
1027209
1027352
1028242
1028517
1028603
1031099
1031519
1031612
1032248
1032341
1032359
1034596
1037208
1039177
1040735
1041342
1041911
1042192
1044214
1046653
1047139
1047190
1048154
1048383
1049111
1051470
1052746
1052969
1053579
1054446
1054801
1056806
1058645
1059041
1060379
1060482
1061053
1061405
1061830
1062375
1062803
1064046
1064245
1065535
1065794
1066509
1067599
1068248
1068365
1068960
1068979
1069497
1069893
1074437
1074808
1074979
1075536
1076328
1077925
1080755
1081952
1082723
1085041
1085236
1085702
1085760
1087042
1087815
1088714
1089040
1089086
1089120
1089757
1091049
1091932
1091991
1092092
1093256
1094420
1095371
1095483
1095874
1096626
1097963
1098913
1099738
1101229
1103384
1103603
1103859
1104396
1105519
1105556
1106126
1107398
1107694
1108296
1109373
1109420
1109526
1110861
1110902
1110957
1112604
1112965
1113147
1113380
1113694
1113757
1116693
1117136
1117852
1119074
1119393
1119939
1121394
1121412
1122932
1123675
1123777
1123807
1124150
1126245
1685653
1685784
1686238
1686422
1686899
1687199
1688027
1688749
1690224
1691780
1692676
1693269
1693658
1694986
1695698
1698977
1699333
1699811
1700120
1704691
1707199
1708044
1708218
1708486
1708831
1711123
1712256
1715057
1715848
1717996
1718376
1719489
1720687
1721497
1723079
1723137
1724612
1728246
1728390
1728439
1729362
1730262
1730308
1730316
1731643
1732282
1734077
1734680
1735725
1735905
1736839
1737976
1738444
1739360
1741103
1742031
1742568
1742570
1743827
1746224
1746628
1747576
1747870
1747972
1752252
1755604
1756579
1757591
1757593
1760008
1760081
1760443
1761570
1762161
1766188
1766199
1767187
1767291
1767432
1767967
1769705
1769773
1770157
1770426
1772105
1775624
1776684
1776910
1777328
1780467
1781637
1782046
1782924
1786858
1787473
1790339
1790367
1791573
1794103
1794308
1794479
1795251
1795304
1796055
1796207
1797264
1799951
1802880
1803514
1803669
1803821
1803954
1804167
1804197
1804631
1807960
1808403
1808937
1809137
1809694
1810154
1810239
1810594
1810630
1811305
1811642
1811771
1812334
1813768
1814855
1814897
1815457
1815633
1820808
1821957
1822105
1823002
1824414
1824637
1825174
1825343
1827463
1827747
1828280
1830915
1831621
1831694
1832100
1834350
1837735
1838335
1839539
1840783
1841286
1844080
1845434
1846248
1846388
1847447
1848109
1848120
1848231
1848800
1849885
1851266
1851543
1851598
1851822
1852174
1852455
1853315
1853586
1855433
1857116
1857231
1857478
1858578
1862041
1862343
1863777
1864457
1864897
1865057
1865364
1867096
1867161
1868481
1870138
1870525
1872841
1875127
1876012
1876691
1880333
1880398
1881212
1881218
1882512
1882615
1882690
1883256
1885882
1885987
1887911
1889876
1890661
1890946
1891365
1892412
1892660
1892744
1893196
1894318
1894728
1895054
1896861
1898258
1898466
1899474
1900973
1901450
1901725
1903239
1903424
1904041
1904187
1905216
1905309
1906156
1910496
1910619
1911779
1913231
1914289
1914698
1915887
1917910
1919149
1920476
1920496
1922385
1923606
1925637
1926512
1929313
1932179
1932974
1933527
1934551
1934909
1935482
1936874
1938552
1940481
1941027
1941383
1941829
1947031
1948190
1949489
1951497
1952254
1953983
1954616
1954622
1955117
1955807
1955970
1956221
1956232
1956600
1957975
1958187
1958865
1960105
1961304
1961762
1962292
1963441
1963526
1963590
1963668
1963893
1964051
1965250
1970378
1971569
1971837
1972341
1972881
1973165
1973167
1974494
1975221
1977283
1977482
1977539
1978328
1979410
1980156
1981265
1981371
1982924
1986874
1988267
1992165
1992437
1992655
1993047
1993213
1993655
1996177
1996523
1996944
1997205
1998960
1999022
1999596
1999845
2000170
2000978
2004290
2004718
2005375
2005820
2006984
2006992
2007835
2011987
2012842
2013214
2015374
2016556
2016679
2017832
2018272
2018405
2018738
2019132
2020463
2022606
2024493
2025606
2026286
2027214
2027863
2029822
2030174
2030414
2030901
2032054
2033128
2035392
2037476
2037640
2039172
2041935
2042845
2042857
2043566
2044655
2047558
2047596
2048191
2049048
2051189
2051325
2051506
2052083
2053294
2053335
2053514
2054186
2054350
2054545
2054667
2055859
2056504
2057099
2057478
2057546
2057662
2060472
2060735
2061223
2061978
2062490
2064132
2064601
2064898
2065657
2066525
2068249
2069203
2072739
2073474
2075419
2075792
2077797
2078294
2078923
2079415
2079677
2080048
2084859
2085092
2088317
2088410
2088833
2088873
2089610
2089759
2091154
2093962
2094258
2094525
2095754
2096239
2096540
2098950
2100297
2100761
2100888
2102551
2103823
2104037
2104656
2105228
2107129
2108485
2110133
2110412
2110925
2113636
2113876
2114696
2116657
2118079
2119231
2119533
2119546
2119642
2120305
2123191
2123274
2123508
2123826
2123864
2125068
2125501
2125887
2126288
2126376
2128042
2128618
2130618
2130973
2131862
2134791
2135050
2135059
2138117
2140834
2141245
2142915
2142918
2144841
2144955
2145630
2145931
2146319
2147208
2147536
2148770
2151491
2152868
2153342
2154189
2156275
2156545
2158982
2159910
2160461
2161396
2164162
2164485
2166050
2166056
2167888
2168159
2168428
2169420
2171470
2172031
2174851
2177756
2179687
2179901
2182428
2183665
2184273
2184654
2185205
2185808
2187017
2187417
2188457
2188890
2189105
2190039
2190172
2190843
2192004
2194056
2194544
2194812
2195943
2198918
2199563
2199570
2199882
2200630
2201743
2203284
2204195
2205742
2206024
2207053
2207142
2208408
2209714
2210078
2210239
2210359
2212842
2213387
2213972
2214398
2214572
2215449
2217353
2217471
2217873
2218874
2220542
2221002
2222330
2223132
2223720
2223746
2223844
2224544
2224927
2227524
2229301
2231250
2231527
2231705
2231926
2232411
2233548
2233624
2234558
2237297
2242085
2242339
2244532
2245929
2246444
2247076
2248213
2248647
2249063
2252540
2254070
2254521
2255307
2256538
2258018
2259339
2260366
2260696
2265836
2266836
2269083
2270028
2270630
2271334
2271857
2271986
2273456
2276177
2277472
2278936
2279098
2281071
2281104
2281713
2281816
2282139
2283746
2284062
2284372
2284488
2284852
2285630
2286163
2287250
2288662
2290206
2290257
2293383
2293525
2293657
2296285
2297756
2297825
2299469
2300423
2301456
2304532
2305168
2305407
2306891
2307148
2307960
2308072
2308484
2310553
2314277
2314633
2314974
2317921
2318880
2321009
2322655
2323050
2324689
2325133
2326383
2327412
2329236
2329661
2329884
2331274
2331755
2332925
2333443
2333568
2333802
2334128
2334163
2334516
2335365
2336592
2340179
2341255
2341666
2341773
2342408
2347229
2348596
2349322
2351070
2351730
2353522
2354225
2354267
2355978
2356093
2357029
2357328
2358554
2358685
2359417
2361327
2361332
2361665
2362224
2363717
2363978
2364540
2365029
2365463
2365694
2365886
2366146
2368348
2371289
2371513
2372040
2372173
2376367
2376376
2377043
2378157
2378213
2379400
2382547
2382769
2383346
2384379
2384747
2385182
2386547
2387072
2387340
2390071
2390772
2391252
2392815
2392852
2392997
2395921
2396049
2396794
2396836
2397784
2398061
2398789
2399046
2399052
2399353
2399660
2399762
2400298
2400646
2400654
2400849
2401169
2401633
2405482
2405490
2407191
2408103
2409097
2410360
2410526
2412348
2412919
2414196
2415719
2416555
2419277
2426197
2428038
2428336
2429188
2431860
2433080
2433684
2435059
2435660
2436517
2437647
2438315
2438648
2440831
2441325
2441723
2442028
2442198
2442821
2444113
2445072
2445127
2447286
2447736
2448281
2449015
2449540
2451933
2452487
2452915
2453136
2453654
2454778
2454990
2455325
2455695
2456003
2456198
2456640
2458404
2459323
2459357
2460132
2461390
2461879
2462681
2462755
2462921
2462992
2463689
2464638
2464821
2465062
2465590
2466357
2467612
2470038
2470993
2471120
2471849
2472275
2472438
2475773
2476278
2478220
2478743
2479546
2480140
2480666
2481258
2482337
2483089
2484210
2484494
2485049
2485676
2485942
2487354
2487479
2490952
2491033
2491509
2492087
2493783
2495007
2495072
2495129
2495264
2495670
2496015
2496297
2496547
2496708
2499053
2499071
2499522
2500934
2501261
2503276
2503355
2503752
2505827
2506465
2506797
2507626
2508351
2509152
2514583
2514823
2519650
2520038
2520541
2521298
2521479
2522248
2522793
2523565
2524276
2524814
2525969
2526370
2526988
2527373
2527663
2528123
2528849
2529077
2529500
2530591
2533443
2533480
2534099
2534557
2535059
2535916
2538083
2538900
2539361
2540578
2540742
2541369
2543772
2545064
2545072
2545633
2548364
2549074
2549595
2550485
2553034
2553133
2553507
2553822
2554339
2556181
2556472
2558448
2558508
2559583
2560061
2560514
2560592
2564857
2564866
2566316
2566458
2566460
2569060
2569916
2569961
2571279
2571704
2573211
2573602
2574253
2574933
2576805
2576904
2577482
2578729
2578882
2579407
2580703
2582221
2582636
2582728
2582746
2583010
2583155
2584096
2585990
2586274
2586334
2587706
2588037
2588645
2588695
2590127
2590171
2590583
2591983
2592592
2592879
2593175
2594432
2594610
2595287
2595642
2595679
2598054
2598373
2600345
2600662
2601160
2601729
2602605
2602740
2602880
2604063
2604354
2604425
2606124
2606207
2606475
2606632
2607287
2607461
2610478
2611059
2611668
2611732
2612218
2612628
2613672
2617561
2618833
2619543
2619725
2620501
2620789
2620901
2620925
2620994
2621817
2622667
2622752
2622944
2623321
2623647
2623934
2627079
2628326
2628962
2630494
2630663
2631900
2633450
2633784
2634675
2637220
2639671
2642874
2643881
2644679
2645223
2648366
2649082
2649652
2649676
2651457
2653681
2653949
2654274
2654324
2654494
2656458
2657723
2657865
2658278
2658663
2659233
2660098
2662494
2663096
2663129
2664681
2664958
2665125
2667960
2669643
2670515
2673717
2676894
2677228
2678495
2679710
2680271
2680859
2681908
2682002
2682795
2683025
2683458
2683571
2685516
2686128
2686352
2686752
2687137
2687662
2687738
2691572
2693706
2695475
2695751
2697032
2697232
2697665
2698234
2698657
2699060
2699620
2701172
2703604
2705897
2706101
2706175
2707281
2707902
2708106
2711591
2711760
2715154
2716280
2717979
2718031
2721368
2722397
2724420
2726325
2726701
2727540
2727720
2728417
2728946
2729112
2729229
2729653
2729678
2731226
2731406
2731969
2732070
2732115
2733080
2734193
2737706
2738236
2738467
2738502
2740335
2740573
2742134
2743143
2747800
2747985
2750263
2751510
2752784
2753250
2753287
2753411
2755277
2755620
2755874
2756884
2758056
2758537
2762131
2762724
2763125
2763255
2763374
2765841
2765877
2766178
2766792
2767050
2768460
2769245
2769446
2770177
2772164
2772272
2772276
2772352
2772523
2773382
2774110
2774138
2774146
2775310
2775550
2775552
2775783
2776337
2776523
2776947
2778316
2779896
2781437
2781492
2782439
2782682
2782798
2783628
2783805
2783882
2784793
2787243
2788199
2789360
2790215
2791234
2791419
2791756
2792090
2793574
2793853
2794227
2794776
2795399
2795666
2798075
2798101
2798502
2799241
2799262
2800969
2801928
2803484
2804647
2805542
2805789
2806576
2806728
2806816
2808079
2808200
2809252
2811344
2812498
2812523
2812968
2815843
2817316
2817849
2819393
2820598
2820728
2820830
2821876
2822320
2822513
2823796
2824147
2824936
2825764
2825909
2826022
2826432
2826582
2826701
2827154
2829155
2830127
2833901
2834603
2834611
2836070
2836107
2837659
2837922
2838208
2838273
2838723
2838809
2840217
2841512
2843820
2844217
2845890
2846401
2847648
2849246
2850485
2852081
2854402
2855598
2855680
2856194
2857203
2858599
2859329
2860568
2862304
2863668
2867863
2868189
2870147
2870666
2871127
2871837
2873299
2873303
2873320
2873659
2873772
2874018
2875216
2875556
2875580
2876780
2878054
2878132
2879033
2880315
2880473
2880757
2881040
2881627
2882195
2883905
2883927
2885067
2885123
2885607
2888524
2889638
2889796
2890121
2890362
2890891
2891347
2891553
2892611
2895893
2897083
2898880
2899676
2900949
2902136
2904027
2906473
2907466
2907798
2907916
2908559
2909645
2910309
2910549
2912949
2913069
2913741
2914114
2915194
2915250
2915985
2916604
2918495
2918615
2921354
2921505
2922030
2922518
2922865
2924470
2924504
2925140
2925699
2926887
2927122
2927878
2928544
2928618
2928946
2930315
2932112
2932744
2933870
2934078
2934541
2936142
2936147
2936256
2936313
2936591
2937355
2937647
2939268
2940288
2940647
2941520
2941602
2942639
2943618
2946534
2947281
2948241
2950942
2955038
2955095
2955188
2958708
2960347
2960530
2962882
2963571
2965289
2965397
2965618
2967587
2967884
2968387
2969472
2969896
2970355
2971969
2972452
2972873
2973326
2973681
2974348
2974849
2975748
2976611
2976668
2976874
2976945
2977219
2978750
2979119
2979172
2979232
2979702
2979915
2982437
2982959
2984179
2984888
2984975
2985060
2986066
2987270
2987691
2987791
2988637
2988872
2989135
2989554
2990446
2990932
2991608
2991788
2992323
2995289
2997541
2997683
2998636
2998643
2998789
2998838
2998957
3001239
3001766
3002115
3003339
3003849
3003901
3005287
3005700
3006457
3007048
3007186
3007912
3008860
3009142
3009379
3010061
3010934
3011187
3012633
3013002
3018984
3019892
3020190
3020480
3020888
3022533
3023012
3023266
3023976
3024116
3025300
3025862
3026009
3026014
3026873
3026990
3027152
3027446
3028661
3029715
3030508
3030888
3032795
3034429
3034892
3035306
3037372
3037803
3037871
3040392
3041509
3041698
3042174
3043202
3043440
3043499
3045110
3045672
3045966
3046268
3047258
3047353
3047377
3047509
3048737
3049326
3052070
3052393
3052729
3053108
3053346
3053390
3054365
3054907
3055088
3055714
3061317
3061440
3063010
3063983
3065324
3067460
3067540
3069233
3069992
3070969
3071142
3073439
3073998
3074648
3075573
3075674
3076587
3076684
3077196
3078107
3080226
3081234
3081438
3081892
3081998
3082207
3083116
3083579
3084068
3084215
3085946
3088772
3090510
3091002
3091884
3091900
3092389
3092527
3094168
3094811
3096352
3097661
3098360
3098451
3099497
3100815
3101180
3104900
3105103
3105550
3105621
3106090
3108398
3109770
3110720
3111634
3111724
3112905
3114341
3116025
3116053
3117769
3119050
3120462
3121247
3121437
3123360
3124513
3124898
3125971
3126950
3127127
3130796
3132195
3132955
3133208
3133597
3133992
3134168
3134232
3135069
3135459
3135696
3135882
3136769
3137821
3140040
3140263
3142182
3142456
3143801
3143921
3144153
3145525
3145897
3146630
3146631
3147198
3149500
3149562
3150447
3150549
3150758
3151513
3152969
3153462
3154400
3154556
3154749
3157558
3159549
3161329
3162299
3162439
3164010
3164519
3164789
3165910
3168129
3168852
3169520
3169813
3171169
3171486
3171983
3172138
3172534
3172594
3172801
3173271
3174020
3174369
3174506
3174742
3175021
3175592
3175836
3176349
3176744
3176912
3177550
3178115
3178961
3179603
3181283
3186631
3187545
3189221
3189644
3190623
3191315
3192227
3192805
3193583
3193647
3195060
3196686
3198069
3198121
3198725
3198918
3199827
3200495
3201467
3202213
3202327
3203235
3204164
3204328
3205397
3206892
3206976
3207213
3208041
3208424
3208771
3210433
3211320
3211444
3211571
3212940
3215213
3215587
3216852
3217587
3221211
3222093
3222712
3223286
3224515
3226143
3229793
3230344
3232579
3233148
3233293
3233378
3237371
3239157
3239456
3239715
3241013
3241312
3241829
3242353
3244024
3244347
3245458
3246554
3247041
3247246
3248436
3250291
3250857
3250871
3251681
3253209
3255412
3255635
3256212
3256702
3257354
3258884
3259865
3261244
3263465
3263628
3265274
3265815
3266343
3266654
3267293
3268435
3270748
3271980
3272409
3274325
3276410
3276423
3277910
3278338
3279686
3280533
3280953
3280974
3281551
3282227
3282236
3282908
3284737
3285307
3285621
3288484
3288655
3289979
3290948
3291009
3291058
3291299
3294523
3294738
3295278
3297941
3298995
3299722
3300126
3300313
3301186
3301759
3302054
3302672
3302835
3303244
3304055
3305287
3305862
3306166
3306715
3307171
3307202
3308877
3309988
3310403
3311360
3311456
3312052
3313138
3315317
3316425
3316598
3317554
3317880
3319167
3320503
3322741
3323299
3324518
3326103
3326934
3327726
3327737
3328046
3328795
3329050
3332190
3335720
3336239
3336952
3340266
3340729
3343953
3344166
3344353
3345672
3351603
3354012
3354288
3354462
3355335
3355604
3356601
3357396
3359598
3361767
3361849
3361944
3363582
3365239
3366416
3367250
3367599
3369286
3371120
3371240
3372678
3373427
3375086
3377526
3378388
3382816
3382954
3383775
3383783
3384519
3384940
3388019
3388180
3388616
3389071
3389336
3389809
3389855
3390241
3391000
3391189
3392241
3392836
3392876
3393647
3394114
3394282
3395167
3396423
3396863
3397148
3398809
3398946
3398952
3399312
3399539
3400946
3401319
3402126
3402460
3403332
3403363
3407691
3408499
3408921
3409431
3410733
3410849
3410981
3411811
3412176
3414250
3414900
3416575
3418024
3418618
3418774
3418878
3420151
3420803
3422143
3423906
3424205
3424430
3427336
3429974
3430412
3430460
3431042
3431203
3431982
3432791
3433484
3434315
3436353
3436809
3437472
3438216
3439289
3439423
3440216
3440486
3441478
3441781
3441949
3442272
3442373
3443041
3443144
3446477
3447661
3448298
3448994
3451499
3451520
3451672
3453984
3454571
3455106
3455306
3455890
3457297
3458124
3458298
3460652
3462670
3462753
3462922
3463727
3464137
3464253
3464564
3464910
3464912
3465111
3466595
3467196
3467467
3469301
3471047
3471118
3472090
3472125
3472253
3472481
3473471
3473785
3474126
3474452
3475115
3475388
3476571
3477498
3477856
3479771
3481561
3482599
3482825
3482943
3483533
3485342
3485922
3487350
3488971
3489777
3489990
3491779
3492368
3494064
3494218
3494989
3496982
3498607
3499200
3500026
3503225
3503653
3505579
3505665
3507191
3508449
3509692
3510321
3510469
3510951
3511895
3512634
3514340
3515225
3515235
3516005
3516049
3516188
3519961
3520258
3522494
3522691
3523465
3525835
3526439
3526493
3529952
3531640
3533083
3533711
3533944
3534561
3534821
3534874
3535118
3535920
3537281
3537783
3538486
3538639
3539673
3539993
3540251
3540397
3540440
3540952
3541775
3543352
3544716
3546702
3546763
3548006
3550403
3550502
3550916
3551399
3551485
3551837
3552390
3552716
3553332
3554387
3556796
3556809
3558655
3559744
3560216
3561576
3561692
3562029
3562073
3562198
3564583
3567202
3567889
3567899
3567979
3568264
3570134
3571625
3572494
3572929
3573743
3575770
3577064
3578000
3581692
3582628
3583792
3584209
3584939
3586101
3586966
3587112
3590009
3592020
3592660
3593083
3596364
3597855
3598015
3599439
3600189
3600489
3600517
3601728
3603211
3605806
3606806
3607802
3608931
3608948
3609513
3610551
3611225
3612620
3612855
3615112
3618618
3619509
3620602
3620951
3623197
3623383
3623831
3625499
3627255
3630227
3631021
3631532
3631675
3632556
3634037
3634806
3635934
3636199
3636242
3636516
3637923
3638131
3639974
3640680
3642795
3643367
3643565
3644567
3645253
3645975
3646283
3646511
3649396
3649510
3650257
3650474
3650767
3650926
3652522
3653055
3653162
3654768
3657493
3658230
3658909
3659396
3659549
3659724
3661330
3661772
3663809
3665662
3667576
3668181
3668785
3671969
3672257
3672645
3673059
3674147
3675987
3676601
3678794
3679200
3680011
3681691
3681974
3682166
3682391
3682680
3682947
3683066
3683291
3683954
3685535
3686201
3687169
3688565
3689140
3689609
3689791
3690315
3691153
3692852
3694023
3695407
3696685
3697080
3698526
3702631
3705222
3705307
3706807
3707424
3708538
3709503
3710002
3710009
3710215
3711440
3712185
3713377
3714171
3714383
3714733
3715109
3715822
3718789
3719707
3720239
3720779
3721385
3722260
3723381
3723526
3724466
3724576
3725828
3726091
3726213
3728442
3728446
3730287
3732348
3732658
3732985
3733608
3734456
3736497
3736662
3737216
3737326
3739172
3742268
3743612
3743958
3745060
3745552
3748641
3750526
3752591
3752817
3754498
3755593
3755650
3756374
3759367
3759468
3760345
3760904
3763207
3763773
3766124
3768234
3768313
3768342
3768745
3770591
3770738
3770941
3773313
3774087
3774250
3774545
3776811
3777523
3778621
3780921
3781060
3781218
3781299
3781783
3782296
3782590
3784182
3785329
3785371
3785625
3787627
3789608
3789804
3790274
3790857
3796267
3797475
3798061
3798441
3799099
3800284
3801502
3802037
3803481
3804371
3805589
3806683
3807263
3807632
3808683
3809604
3812758
3812957
3814203
3816017
3817764
3817830
3818320
3820594
3820652
3820734
3821007
3821504
3822578
3822624
3822728
3823559
3823562
3823704
3824526
3824818
3827519
3827798
3828216
3828659
3828930
3829708
3829827
3830679
3831269
3834085
3834311
3835215
3835481
3835968
3836916
3837350
3838424
3839842
3842584
3842815
3843132
3843508
3843991
3845364
3846273
3846559
3846697
3847262
3848224
3848645
3849888
3849980
3850258
3850469
3850804
3851014
3851183
3851207
3851690
3853415
3853698
3853793
3854597
3855103
3856083
3857598
3861376
3861948
3862833
3864097
3864146
3864200
3864278
3864505
3865823
3866504
3866863
3867579
3868053
3869105
3869977
3870097
3870192
3870243
3870672
3871524
3872867
3874302
3875231
3875851
3877364
3883088
3883359
3883650
3883963
3886144
3886520
3888521
3889708
3890198
3890207
3890238
3890264
3890769
3891504
3891867
3891912
3892921
3893039
3893131
3894047
3894597
3895946
3896124
3896446
3898505
3899351
3899657
3901827
3901960
3902084
3902308
3903315
3905546
3905561
3906841
3908026
3911477
3911696
3912337
3912495
3914551
3915095
3918274
3918960
3920784
3921522
3922034
3922515
3922693
3923915
3924389
3924952
3925203
3925822
3926678
3926811
3927908
3929201
3929442
3929801
3933298
3935178
3936794
3937016
3937275
3938657
3938889
3938915
3939883
3940196
3940203
3940985
3941104
3941230
3944632
3945229
3946198
3946866
3947975
3948022
3949453
3950086
3951076
3951159
3952301
3953612
3955711
3956188
3957531
3960170
3960968
3961396
3961505
3962305
3962459
3963272
3963551
3963923
3966731
3967183
3967267
3967343
3968959
3970698
3970943
3971397
3971418
3971920
3972152
3974101
3974129
3974593
3974899
3975478
3976211
3976309
3977508
3978302
3978863
3979127
3981940
3984362
3984677
3986482
3986488
3987729
3988724
3989117
3989791
3990248
3990627
3990958
3991180
3991928
3993669
3994522
3995010
3995129
3995386
3996008
3997135
3997455
3998256
3998321
3998475
3998490
4000664
4000830
4001107
4001371
4001400
4002986
4003218
4004046
4004786
4006785
4008796
4009173
4010599
4010793
4011282
4012819
4016219
4016330
4016563
4016616
4017426
4018236
4018495
4019105
4019269
4019418
4019573
4020458
4021639
4021930
4022047
4022105
4022820
4022964
4024459
4025181
4026104
4027789
4029682
4030368
4030700
4032481
4033220
4033529
4033583
4033747
4034528
4035536
4035605
4036497
4038112
4039640
4040231
4040498
4043130
4045028
4045119
4045268
4045963
4048965
4050047
4050635
4050716
4051458
4052373
4052672
4053563
4053672
4053956
4055250
4055368
4057292
4059505
4060294
4060645
4061504
4062046
4062891
4063366
4063725
4064314
4066505
4067136
4067152
4068508
4068813
4069083
4069637
4069831
4071591
4072945
4073018
4074370
4074997
4076804
4077045
4077898
4079188
4079932
4080578
4081381
4081529
4081947
4082316
4082673
4083168
4085460
4086210
4088100
4089379
4090533
4091993
4092568
4092737
4094395
4095514
4096126
4099586
4099887
4100098
4100935
4101997
4102785
4104328
4105145
4105337
4105483
4105915
4106132
4107914
4107927
4108038
4110244
4110836
4112616
4114571
4115942
4116019
4116363
4118551
4119473
4119485
4119677
4120523
4123488
4123670
4124061
4124878
4125635
4128639
4128846
4129953
4130920
4131766
4131841
4132552
4133633
4134998
4135670
4135955
4136074
4139579
4140065
4140177
4143004
4143101
4144006
4144317
4146204
4146763
4147661
4149880
4150217
4150393
4151171
4151656
4153445
4154760
4155409
4156174
4156324
4157212
4158386
4158480
4159113
4161454
4162705
4164357
4164590
4165220
4165524
4165535
4167103
4167379
4168129
4168213
4169743
4169789
4170575
4172325
4173087
4175373
4176198
4179694
4181236
4181689
4181744
4182043
4182894
4183651
4183883
4183952
4184253
4184877
4184903
4185009
4185784
4186338
4188789
4190711
4190882
4190912
4191323
4191666
4194437
4194774
4195834
4196085
4196113
4198876
4199271
4199810
4200178
4200319
4200345
4202876
4204193
4204466
4206003
4206737
4206814
4207015
4207085
4207233
4207903
4209267
4209401
4210475
4212020
4215544
4215736
4218293
4219253
4221416
4221584
4221669
4223396
4224463
4225038
4225786
4226804
4226805
4228135
4228401
4229421
4230657
4231536
4235113
4235568
4235785
4237670
4237850
4237904
4237972
4238449
4241173
4245467
4246316
4246487
4246797
4246988
4248132
4248338
4249623
4250722
4252576
4252924
4254050
4254291
4255048
4255792
4256127
4256424
4256534
4257222
4258730
4258953
4259417
4259488
4259614
4260069
4260411
4260535
4260538
4260603
4261502
4261571
4261596
4261657
4262714
4264600
4264939
4265625
4265734
4265841
4268492
4268974
4269244
4270916
4271239
4271260
4272611
4272898
4273220
4273887
4277108
4277550
4279372
4280583
4281317
4281670
4283852
4284112
4284285
4284315
4286053
4288282
4288326
4289449
4289473
4291174
4291218
4292337
4292769
4293026
4293669
4294852
4295437
4295901
4296944
4298440
4298476
4299494
4300537
4301909
4304654
4306171
4306637
4307165
4307193
4307385
4308173
4310446
4310777
4310854
4311309
4311664
4311918
4312331
4312457
4312770
4312930
4313971
4314062
4315461
4315911
4315914
4316593
4318917
4319393
4320388
4321073
4322043
4322489
4322874
4325339
4332108
4332339
4332592
4333408
4335367
4335542
4335563
4336153
4336233
4337148
4337759
4338558
4338634
4340278
4340417
4341320
4343919
4344313
4345328
4346169
4346330
4346351
4347095
4349231
4351480
4352679
4354634
4355485
4355918
4356330
4356545
4358293
4358522
4359750
4361619
4361748
4362213
4363127
4363793
4365003
4365118
4367745
4368242
4368362
4368363
4369999
4373444
4374565
4375048
4375119
4376449
4378458
4380321
4380819
4381676
4381845
4384171
4386091
4387710
4388281
4388720
4389582
4390005
4390571
4390672
4391289
4392210
4393052
4393449
4395105
4395877
4396274
4400608
4401481
4401866
4402485
4403766
4404297
4404941
4405393
4407251
4407268
4407302
4407410
4407478
4408268
4408281
4410422
4411090
4412539
4412754
4413123
4413617
4416018
4416205
4416517
4418148
4420011
4421003
4427678
4428081
4428238
4430120
4430149
4432420
4432992
4435224
4435731
4438558
4438611
4440543
4440920
4442296
4442656
4443992
4444226
4444563
4444781
4446436
4446586
4448505
4449177
4449428
4449565
4449766
4449878
4450968
4451952
4452867
4452994
4453007
4453361
4455042
4455189
4455498
4455807
4456594
4456638
4457205
4457540
4458673
4458822
4458972
4459395
4460267
4460708
4462635
4464162
4464330
4466349
4469232
4469286
4469897
4470115
4474502
4474753
4475083
4475875
4476255
4476641
4476895
4477329
4477672
4477723
4478097
4478679
4478683
4481306
4481985
4482255
4482479
4483069
4483088
4483116
4483941
4484865
4486430
4490367
4491325
4491929
4492760
4492829
4492913
4493428
4494846
4495389
4496269
4497096
4497266
4497409
4498849
4499443
4500604
4501606
4502414
4504322
4504829
4506001
4508588
4508718
4509819
4510575
4511357
4511887
4511944
4512803
4514358
4514570
4515944
4516133
4516252
4518083
4518447
4521114
4521996
4524439
4525957
4526126
4528470
4528781
4528924
4529278
4529349
4529448
4529850
4530285
4530374
4530697
4531139
4532195
4532722
4532770
4534300
4534605
4535443
4537191
4537304
4537846
4538330
4539778
4540796
4540981
4541666
4542060
4543680
4543712
4544225
4544426
4544578
4544693
4546502
4546783
4546920
4546949
4547473
4548051
4548127
4549122
4549919
4550160
4550254
4551007
4551335
4551421
4552397
4552515
4553968
4554578
4556343
4560998
4561624
4562028
4562475
4568535
4571151
4572511
4574312
4575668
4576493
4579492
4581255
4583264
4585785
4586046
4586225
4586326
4587069
4587082
4589033
4589271
4590212
4590300
4592462
4593878
4594014
4595406
4595844
4597124
4598176
4598545
4598625
4599625
4599926
4601320
4602930
4603414
4604430
4605144
4605630
4608495
4608818
4609476
4609959
4610122
4615000
4615698
4616112
4617103
4617988
4618018
4618161
4618505
4620843
4622290
4624809
4625022
4625287
4626540
4627101
4628191
4628544
4628661
4629530
4629951
4630608
4632936
4633785
4633818
4633893
4639203
4639658
4640369
4640513
4642859
4643627
4644416
4644720
4645704
4647749
4650953
4651177
4652372
4652919
4653004
4653028
4654228
4655364
4655775
4655907
4656175
4657052
4659758
4659848
4659965
4662249
4662523
4662535
4662890
4665558
4665591
4665778
4667577
4669013
4670297
4671561
4671806
4674587
4674827
4676053
4676070
4676184
4676653
4677727
4677788
4678211
4679427
4681587
4683574
4684896
4685521
4686679
4687169
4687979
4689232
4689787
4690701
4690960
4691278
4691327
4691469
4692889
4693438
4693908
4695486
4696422
4697232
4697861
4697958
4698200
4698377
4699753
4700681
4703971
4704663
4705515
4706208
4706607
4708439
4709894
4710435
4711403
4711780
4711979
4711983
4713170
4713927
4714699
4714803
4714947
4716306
4717136
4718200
4718901
4719960
4720941
4721722
4723427
4726077
4728567
4729298
4729726
4729991
4732399
4732755
4732850
4733462
4734735
4735147
4735237
4736533
4736846
4739815
4739985
4740224
4741398
4741963
4743567
4744022
4744495
4744640
4745213
4746169
4746172
4746663
4746732
4746937
4747669
4748333
4751241
4752971
4753541
4753808
4754233
4756056
4757689
4757743
4758051
4758090
4759135
4759288
4761283
4761576
4761931
4762051
4762198
4762288
4762747
4764220
4766765
4770398
4773365
4774816
4775482
4776638
4776941
4778528
4779061
4780756
4781474
4781978
4782011
4782109
4782316
4783342
4784499
4786612
4788394
4788833
4790820
4791918
4792211
4793005
4793246
4793647
4796358
4796557
4796958
4797396
4798234
4798464
4799565
4801354
4801928
4803409
4804137
4804445
4804616
4805666
4806298
4806311
4808029
4809506
4810655
4811233
4812479
4812867
4813715
4815105
4816182
4817220
4817905
4818085
4818134
4819472
4819518
4819695
4820222
4820737
4822839
4823173
4823863
4825675
4826154
4826516
4826987
4827470
4828368
4828740
4831763
4833218
4833304
4833448
4834526
4834983
4836864
4837244
4839586
4839634
4840583
4841549
4841893
4842058
4843188
4846732
4847478
4850210
4851102
4851118
4853169
4853192
4855994
4856610
4857824
4858376
4859123
4860091
4861995
4862240
4862791
4864070
4865030
4865257
4865392
4866846
4867904
4869088
4869952
4871007
4871663
4876797
4877240
4877708
4878514
4878543
4879875
4880378
4880611
4880930
4881346
4881729
4883156
4884219
4885738
4885958
4887104
4889076
4889931
4890213
4890650
4891645
4891799
4892494
4895707
4896509
4897671
4899297
4899733
4900051
4900350
4901649
4902212
4902865
4902926
4903301
4903704
4904481
4904582
4905628
4905651
4907975
4908569
4909035
4910173
4911794
4911893
4912784
4913471
4915144
4916659
4917158
4919835
4919895
4920458
4920510
4920760
4922074
4922101
4922636
4922717
4923072
4923896
4927323
4928109
4928396
4929518
4930774
4932301
4932592
4933323
4933554
4934346
4935383
4935861
4936832
4938171
4938291
4938382
4938928
4940012
4940281
4940304
4940582
4941049
4941554
4943198
4943252
4943924
4944077
4944564
4946118
4947818
4947871
4948265
4948469
4950086
4950386
4951240
4951775
4953611
4953678
4954087
4954769
4955625
4955957
4956279
4956969
4957594
4957645
4959255
4960832
4961049
4961621
4962033
4962315
4962520
4964265
4964436
4965486
4966162
4966329
4967287
4967849
4969161
4969651
4970460
4970910
4971021
4973437
4976364
4977827
4980099
4982771
4984392
4985292
4985372
4985723
4986645
4986862
4988233
4990037
4991955
4992118
4992628
4992744
4993047
4993698
4994348
4994597
4995412
4995555
4995941
4997882
5000942
5002398
5002967
5003020
5005497
5005601
5005899
5006942
5007417
5007514
5007591
5009056
5009163
5009314
5010731
5011713
5011868
5012032
5013890
5014462
5016200
5016567
5016878
5017861
5017938
5020017
5020697
5022314
5022482
5025998
5026173
5026260
5026883
5027241
5029237
5030521
5032231
5034053
5034647
5035201
5036484
5037824
5039048
5039378
5040978
5041020
5042451
5043567
5046871
5048014
5050384
5050992
5052118
5052781
5053229
5053235
5053403
5053528
5056421
5058076
5059948
5062235
5062728
5063325
5064448
5065380
5065526
5066823
5068372
5068465
5068623
5068841
5069233
5069257
5072351
5073576
5074025
5075419
5075733
5075915
5076318
5076687
5077673
5080726
5081642
5081796
5082392
5083539
5083595
5084890
5087498
5089188
5090185
5091148
5091249
5092133
5092671
5093128
5093751
5095042
5095142
5095951
5100006
5100387
5102030
5102157
5103350
5103378
5104459
5105296
5105312
5105989
5106643
5108339
5111648
5112293
5112510
5112667
5113010
5113656
5114046
5114509
5115015
5116488
5117269
5118080
5118405
5120645
5121520
5121609
5122714
5123014
5123735
5126150
5127542
5127766
5128319
5128384
5128623
5128670
5128732
5130294
5132852
5132857
5134388
5134526
5134777
5135897
5136172
5137192
5137993
5138373
5138597
5140615
5140807
5140989
5141801
5143763
5145421
5146864
5148567
5148878
5149154
5149582
5149693
5149856
5150400
5152579
5152662
5153971
5154311
5155556
5156219
5156857
5156868
5159058
5160408
5160991
5161557
5162002
5163670
5164796
5165589
5167460
5168642
5170559
5171261
5173333
5174219
5174529
5178095
5179581
5180644
5181472
5182199
5184963
5185438
5185883
5185885
5187716
5188172
5190266
5190885
5191013
5191146
5192042
5192373
5195339
5195787
5196511
5197367
5198349
5198427
5199623
5201157
5202508
5202540
5202624
5203021
5203307
5205227
5207222
5207321
5209328
5211403
5211718
5212021
5213436
5214482
5217285
5217325
5219180
5220164
5220733
5222720
5224860
5227303
5227361
5228955
5229112
5229427
5229942
5230845
5234073
5234268
5234421
5234567
5234903
5235549
5238181
5239156
5240128
5240256
5241308
5241831
5242412
5243709
5243986
5244521
5247235
5249883
5250183
5250456
5250606
5252016
5252209
5252839
5256098
5256519
5258842
5259893
5262904
5263057
5263393
5265954
5266288
5266829
5267548
5268375
5268593
5271914
5275202
5275495
5276704
5277650
5278470
5279775
5281185
5281790
5282515
5283447
5283997
5285713
5286101
5286124
5286155
5288395
5290843
5290986
5291591
5291680
5292789
5293001
5294100
5294362
5295403
5295748
5297351
5299757
5300346
5300827
5301330
5302375
5302594
5303506
5304563
5304876
5305199
5306919
5307428
5309028
5309574
5309972
5311336
5312644
5313028
5315473
5317301
5317697
5317848
5317865
5318123
5319644
5322794
5322949
5323724
5324006
5324516
5327693
5328451
5328533
5329434
5330361
5330812
5334525
5335845
5336705
5337271
5337506
5339321
5342440
5342908
5343494
5343920
5344026
5344342
5345302
5346171
5346944
5347073
5347817
5350142
5350632
5354681
5354741
5356514
5357483
5358174
5360227
5361224
5361228
5361249
5363069
5365447
5365589
5366034
5366449
5367094
5368230
5368353
5368531
5369271
5370787
5371145
5371830
5372238
5372461
5373020
5374716
5374830
5375800
5375990
5376835
5378458
5378462
5378864
5379387
5379786
5379853
5381998
5382526
5382844
5385223
5386903
5387877
5389167
5390238
5391062
5393046
5396294
5396936
5397347
5398167
5399599
5401369
5402291
5403514
5403824
5404309
5405744
5408481
5412170
5412327
5412496
5413949
5414048
5414457
5415368
5416201
5417086
5418195
5419877
5423595
5424000
5426787
5427110
5427657
5428607
5430338
5431743
5432031
5436849
5437253
5439553
5440946
5442623
5443003
5443267
5443646
5444026
5445478
5446564
5447862
5448742
5450074
5452614
5453519
5455970
5459134
5459682
5461794
5461844
5462741
5464076
5466790
5467130
5467293
5469360
5473859
5475092
5475803
5475976
5478179
5480857
5483092
5484921
5485444
5486009
5487198
5488466
5489947
5490191
5490417
5492384
5495868
5495932
5495994
5496132
5496653
5497090
5499661
5500019
5501003
5502173
5502498
5504694
5504763
5505636
5505874
5506575
5510237
5510339
5511060
5511385
5512970
5513123
5513339
5514064
5514632
5515158
5517174
5520074
5520359
5522030
5522787
5523236
5523759
5523966
5524220
5524993
5530343
5530650
5530676
5531508
5531654
5532199
5535003
5535135
5535243
5535579
5536524
5536897
5537058
5538147
5538448
5538650
5540405
5540981
5541189
5541802
5543873
5544656
5545021
5549200
5549397
5551463
5552433
5553494
5554971
5555685
5555696
5556495
5557483
5559110
5560386
5560655
5560889
5561411
5561461
5563013
5563299
5563405
5564689
5564913
5566221
5567041
5567583
5567911
5569033
5572697
5575011
5575220
5575324
5576167
5577304
5577721
5578057
5578995
5579432
5583045
5584356
5584616
5586746
5587164
5587227
5587682
5587985
5589242
5590130
5590807
5593087
5593163
5593902
5594395
5596683
5596870
5598063
5598473
5598732
5600443
5601653
5602603
5604096
5605661
5606737
5607062
5607146
5610152
5610215
5610216
5611426
5612668
5613451
5614347
5615361
5615770
5616378
5618357
5618675
5619506
5619567
5623666
5624470
5625081
5625088
5626329
5628223
5628754
5630055
5630451
5630684
5630723
5633145
5633189
5633460
5633953
5634448
5635255
5635873
5636165
5640813
5643925
5645147
5646911
5647937
5649179
5649890
5651033
5651990
5653743
5653998
5658404
5659041
5659115
5660743
5661122
5661245
5661267
5662605
5663088
5664625
5666822
5666928
5669305
5669903
5671598
5674651
5675085
5677390
5678885
5679229
5680940
5681963
5683751
5686034
5687366
5690247
5690431
5690682
5690985
5691113
5691847
5696164
5696186
5696966
5698065
5698553
5702391
5705233
5705558
5705703
5705795
5708043
5709324
5709793
5711400
5718662
5721615
5724113
5728539
5728692
5729377
5730279
5730513
5732213
5732573
5737308
5737989
5738435
5738911
5740381
5740559
5740920
5741087
5741559
5741991
5742789
5749360
5750513
5752856
5755029
5755400
5758994
5761180
5761895
5762747
5764397
5765618
5766056
5766251
5767843
5768426
5768699
5769081
5769945
5771062
5771589
5771893
5773962
5774021
5774438
5777661
5780058
5781003
5781519
5785294
5786531
5790051
5791199
5791717
5796835
5797366
5800065
5801238
5802967
5805760
5806868
5807453
5807612
5808206
5808216
5809973
5811719
5811803
5813544
5814738
5818232
5819731
5820153
5820524
5821318
5823359
5825735
5826045
5826226
5826800
5826923
5828229
5829598
5830396
5835372
5835506
5838709
5839157
5840790
5842673
5844157
5844628
5846368
5846625
5846890
5847798
5849430
5851702
5852040
5856856
5857043
5857947
5859435
5860240
5861250
5861385
5862866
5863172
5863585
5864011
5868261
5868298
5868494
5868885
5869518
5869911
5870600
5872452
5872684
5872926
5873429
5873936
5874779
5875718
5877490
5881337
5881998
5882844
5882950
5883948
5884145
5886375
5887666
5888883
5890701
5893183
5895222
5898710
5899569
5901290
5901576
5901728
5902971
5905265
5905907
5908166
5909948
5910911
5912343
5913976
5914744
5916847
5918124
5919634
5921325
5923045
5923621
5923747
5924809
5926083
5926246
5926830
5930948
5932854
5934687
5935338
5935807
5939169
5942125
5945056
5945753
5945891
5947486
5948192
5950012
5950848
5952738
5952746
5953770
5956921
5959331
5959863
5960057
5960792
5961692
5963947
5964061
5964228
5965315
5965845
5966343
5966624
5967117
5967326
5971300
5972578
5973270
5974078
5975095
5976757
5978480
5979464
5981013
5981045
5981089
5982156
5983760
5984578
5986490
5987060
5987563
5991120
5991173
5992333
5997126
5999606
6001031
6002882
6003944
6004173
6004234
6009512
6010258
6011632
6011726
6012658
6013182
6014434
6014486
6014550
6014774
6015011
6015536
6015817
6016248
6016778
6018203
6019498
6020478
6021987
6024969
6027312
6030614
6030670
6031192
6031459
6031779
6032003
6032009
6034118
6036548
6037745
6038110
6039324
6040278
6040827
6041617
6042254
6042755
6042944
6043318
6043568
6045604
6047591
6051079
6051586
6052102
6052206
6052224
6053311
6054324
6054913
6055064
6055963
6056684
6057172
6058002
6058693
6059407
6060340
6062886
6065613
6066083
6066116
6066958
6068475
6068759
6068812
6074132
6074615
6075534
6076347
6076539
6077644
6078837
6081486
6082765
6084036
6087521
6089891
6090414
6090624
6090698
6091165
6093440
6097116
6098164
6098757
6099607
6100207
6100451
6101279
6101386
6101434
6101682
6102353
6102535
6102806
6104602
6106434
6107208
6107804
6107832
6111172
6112064
6114055
6115559
6117470
6118443
6122627
6123396
6123846
6125118
6125670
6126091
6127024
6127780
6127883
6128629
6134415
6135357
6136364
6136975
6137490
6138482
6138902
6138919
6140084
6140934
6140961
6142084
6142284
6142421
6143149
6143744
6145313
6145324
6145763
6147269
6151729
6153465
6154657
6157524
6157599
6158006
6159658
6160570
6160954
6162173
6166633
6172123
6176576
6177907
6178058
6178793
6181156
6184298
6186075
6187209
6187225
6187801
6188383
6188768
6188986
6189060
6190835
6192982
6193852
6194017
6194385
6196917
6199789
6199882
6202722
6203163
6205116
6205555
6205701
6206098
6208167
6210123
6210204
6211237
6211645
6211840
6212901
6213158
6214142
6214655
6214675
6215320
6215638
6215727
6217634
6221679
6221733
6222558
6229121
6229224
6229310
6229454
6230751
6231130
6233441
6234861
6235294
6235797
6237046
6237861
6239537
6240135
6241876
6242274
6244209
6245427
6246705
6247646
6248443
6248852
6250733
6252761
6252860
6253989
6254739
6257048
6257708
6257819
6257978
6258772
6261403
6261998
6262465
6263286
6263303
6264007
6264131
6264966
6265065
6265825
6266778
6267753
6269731
6269760
6272577
6273453
6274543
6274595
6274906
6278206
6278312
6278962
6280470
6280971
6282355
6282643
6283831
6285102
6285562
6286085
6288803
6289698
6290511
6290704
6291311
6292719
6294790
6294892
6295764
6298594
6298753
6299721
6300226
6300323
6302226
6303007
6304576
6304693
6304701
6305184
6305245
6305987
6306113
6307270
6307892
6308461
6309342
6311425
6311742
6312818
6313501
6313892
6317529
6317825
6318603
6321070
6321563
6321680
6321956
6322874
6324256
6324628
6324920
6325227
6326024
6326835
6326899
6329113
6329876
6330310
6331415
6332138
6332445
6332865
6334895
6336759
6338218
6339697
6341107
6341300
6342391
6342515
6343439
6343532
6344188
6345254
6345607
6345633
6347681
6349852
6350709
6350784
6351424
6352495
6352969
6353451
6353757
6355032
6355317
6355554
6356101
6356651
6357120
6357619
6357999
6361469
6361950
6362779
6363172
6363939
6364461
6365863
6366903
6367956
6368237
6368454
6368743
6369715
6370295
6371084
6373362
6373484
6373578
6374327
6374486
6375256
6375386
6375880
6375951
6377984
6378930
6379202
6380380
6380890
6381009
6381628
6381933
6382754
6384510
6387606
6388123
6388276
6389733
6391311
6392876
6393174
6393407
6394145
6394201
6394288
6399666
6400650
6402821
6403529
6405713
6405856
6406562
6406863
6407934
6408447
6408651
6409458
6410273
6410716
6410953
6411007
6411134
6411364
6411876
6411950
6412697
6413255
6415569
6417187
6417858
6418391
6420795
6421602
6423111
6423296
6423503
6424243
6424457
6424475
6424864
6426244
6428057
6432691
6433351
6433806
6434755
6436943
6440375
6440845
6441101
6442498
6442584
6442681
6443013
6443546
6444145
6445044
6446113
6446256
6446672
6447188
6449187
6449743
6450297
6452113
6452471
6452882
6454882
6455714
6456228
6456369
6456822
6457399
6458392
6459953
6460520
6460858
6461044
6461448
6461716
6462153
6462738
6463153
6464513
6466495
6467712
6468170
6470620
6471051
6471531
6472715
6475143
6475226
6476751
6478017
6479037
6480057
6481049
6481175
6482037
6483470
6485341
6485438
6486298
6488298
6488717
6488799
6490130
6492445
6492584
6493404
6494516
6496080
6496373
6498177
6498269
6498583
6498730
6498806
6499848
6500377
6500791
6501029
6501042
6501058
6502133
6505495
6505906
6507833
6510670
6510862
6511585
6511692
6512034
6512411
6513700
6515065
6515380
6515445
6517152
6520078
6520123
6520648
6521226
6521987
6522751
6524789
6525624
6529772
6530399
6531688
6531879
6532694
6533039
6533920
6534186
6534401
6537487
6537997
6539216
6541017
6541750
6543586
6544121
6544478
6544633
6545828
6547043
6547295
6549999
6550139
6551754
6552627
6552694
6552941
6555610
6557298
6558163
6558473
6559198
6559568
6560545
6562849
6564395
6565486
6565922
6567499
6567733
6568472
6568490
6571520
6572048
6572063
6573244
6573312
6574655
6578009
6578244
6578597
6578958
6579158
6581591
6583221
6584671
6586504
6587028
6588006
6588099
6588178
6588807
6589712
6590170
6590281
6591083
6592100
6592593
6593515
6594246
6594621
6594949
6595445
6595967
6596604
6601817
6603085
6603220
6603427
6605429
6606401
6607375
6607523
6607598
6609254
6609649
6610439
6612492
6613542
6614364
6616374
6616950
6617024
6617936
6619217
6619993
6620958
6621786
6621879
6622240
6622581
6623669
6624261
6625900
6626265
6626633
6627349
6627353
6628300
6628598
6631202
6632035
6634018
6636836
6638039
6638211
6638222
6641239
6642220
6642541
6643651
6644529
6644587
6645220
6645965
6647031
6647604
6650959
6651880
6654418
6654628
6655082
6655894
6659283
6661087
6661384
6661498
6662120
6662519
6663615
6663943
6664254
6664429
6667199
6668796
6670981
6671350
6671664
6671849
6671898
6672609
6674855
6675950
6675986
6676637
6676778
6677832
6678699
6678909
6682357
6682628
6682639
6683239
6684873
6685206
6688548
6689124
6689876
6690757
6691391
6695048