664
2781
3064
4305
4464
5053
5059
9642
11039
11313
14678
15296
19185
19684
19730
20086
20159
20385
20626
20746
21316
25386
25865
26957
31009
35544
38565
38643
39867
41484
43318
43609
44215
44373
48668
51209
52213
54559
55989
56918
61639
63310
66293
68577
69860
70538
71826
72488
74063
74694
75389
77573
80088
81523
81975
84967
90869
95403
100819
101741
106342
106504
108865
111169
115128
115914
116652
116976
117755
118740
124113
125329
126612
128156
129348
129819
131605
131987
134098
134414
137270
137449
137584
139002
140628
140810
141479
145048
147598
148157
148322
148673
150194
151115
151951
152527
153840
154527
155756
156024
156852
158760
158968
161269
161508
162134
165217
169484
170040
171853
171944
172096
175926
177469
181638
183987
184682
188841
189216
192431
193409
194102
196915
202255
202476
203698
204982
205417
206546
206959
212733
212757
214257
225275
227615
229189
229896
230670
231763
233049
234981
237235
237301
239174
239842
241467
242306
243897
247173
248346
248575
251432
252185
253960
257262
259475
260720
261774
262936
264072
266362
266396
269427
269848
272191
276118
278150
282820
282850
284315
286307
287099
289425
290069
291158
295705
304421
308511
309856
320211
321268
324290
325577
332328
335405
336499
338489
339391
340872
344810
345725
349245
352936
353380
358049
360415
361682
365488
368768
369955
370100
370411
371670
377304
378177
378475
379712
379718
379734
385387
387442
389088
389613
390370
391086
392692
392983
394638
395564
399276
400945
401081
404906
406727
406845
408928
409074
409262
412084
414218
414654
415287
416068
417497
421524
423988
424367
425204
425255
426234
429897
430482
432225
432448
435963
438784
438848
439129
441531
447196
448397
448983
449363
450274
454823
455574
456963
456986
458004
460214
460283
468155
473372
474224
475328
476257
477207
477972
480494
480847
482461
485859
486844
488617
490013
490320
490552
490769
494540
500283
502272
503335
504325
508735
511665
512967
513514
515118
517318
517384
519928
522415
523103
524048
525016
525034
525982
527680
527970
529403
531458
531804
533292
534198
534772
534903
536845
538954
545586
547029
548661
555430
556392
558375
560208
561091
562708
565819
567294
567650
569987
570442
570492
572091
572645
573457
574140
576646
577622
579685
581977
583531
585895
587671
588927
590599
592968
593368
593913
594562
594595
595131
597166
598900
607453
611341
611682
612142
619324
620469
621162
622779
626288
628699
629541
629741
629809
634133
636534
643216
646036
646260
647754
647885
648302
652857
653309
662041
663376
663732
667007
668844
670850
672320
674301
679657
682620
690074
691119
693046
693104
695525
697074
702820
704464
706143
707066
709174
713363
713902
715068
720753
721086
723323
723483
723794
726581
727368
727661
728031
730803
731972
732203
733812
735255
737901
742839
743635
746784
748206
748275
748333
749513
750420
751064
753525
753792
756917
758924
759827
763848
764635
767593
770172
773053
773428
773617
774785
775118
776252
776637
776795
778197
783703
786681
787497
788780
791427
793934
796282
801418
803042
804126
807667
808569
808895
810895
812652
815490
817948
820610
824581
827170
833121
833143
834415
838096
841333
842485
843498
843959
844629
844981
845212
1127648
1129016
1129728
1137395
1139276
1142979
1143609
1145907
1146157
1148590
1148989
1149118
1150113
1151500
1155992
1160112
1160762
1164200
1166100
1166698
1166988
1168849
1168928
1171199
1171367
1176897
1178051
1178126
1178277
1179062
1181099
1181659
1181974
1182719
1185829
1186409
1186523
1187730
1189235
1189656
1190494
1193236
1199709
1201424
1202647
1203465
1204856
1205530
1205669
1206904
1209040
1211368
1213164
1215096
1217902
1219504
1220638
1223564
1227759
1231932
1233199
1233538
1233693
1235167
1238221
1238778
1238980
1240394
1242471
1246819
1248251
1252407
1254012
1255094
1257057
1257936
1260583
1264024
1266373
1269227
1270164
1272367
1272710
1273802
1278801
1280041
1280120
1280645
1283862
1285112
1286537
1286837
1287017
1287019
1287086
1294722
1295679
1296865
1300723
1305425
1310338
1312343
1313348
1313871
1315519
1318494
1320337
1324170
1326538
1326561
1327017
1327021
1328752
1331010
1331794
1334663
1337762
1338153
1339561
1341090
1342831
1344072
1347670
1348970
1353275
1354751
1355888
1360652
1361625
1362659
1363436
1363979
1364879
1365416
1372392
1373786
1374111
1377654
1378116
1381569
1397934
1398710
1400628
1402678
1404337
1404835
1409779
1413088
1414925
1415112
1415537
1418188
1419898
1424228
1424482
1427465
1428717
1429249
1431968
1433444
1436854
1437755
1438936
1441201
1442059
1445421
1447989
1452233
1453033
1453813
1455872
1462634
1462892
1470078
1472270
1473357
1473610
1476900
1478931
1482143
1485586
1485770
1489742
1492309
1492339
1493443
1496150
1496547
1498194
1498238
1501908
1502367
1505806
1507026
1513880
1515159
1515593
1518487
1522275
1523421
1524807
1525734
1526474
1528927
1529491
1532340
1532550
1536237
1539221
1539248
1542350
1542912
1551952
1553113
1558149
1558254
1560173
1561247
1563965
1564038
1566385
1569848
1570709
1571564
1571625
1572688
1574177
1575011
1575379
1577699
1580052
1581955
1582075
1582694
1585091
1585766
1586264
1590378
1591062
1596347
1597201
1604818
1609620
1611966
1616477
1617106
1619270
1622691
1622879
1623933
1630870
1631577
1632888
1638473
1639193
1639848
1641338
1643078
1646459
1648098
1648705
1650059
1650089
1650797
1651354
1651763
1653204
1656529
1656600
1658406
1658567
1660423
1664621
1665312
1665713
1670526
1671199
1672013
1676702
1682943
846391
850831
851982
858693
859676
860082
860673
861463
862014
863116
863310
863634
872142
873571
873918
876213
876905
877452
878963
879326
880383
882034
882724
883164
883249
884847
887047
888318
892957
895273
896936
897890
899763
900964
903243
903336
907760
909654
916822
918448
919844
920844
926075
926484
929435
929533
933004
933802
937163
938952
939664
940300
940560
942610
944510
944840
945010
945384
949989
952107
952705
955700
973234
985915
989255
989281
991081
992099
992305
992687
992784
993728
994229
997139
1001220
1005283
1008534
1008600
1009468
1010850
1013952
1019571
1021453
1022799
1022910
1023338
1025222
1027178
1029225
1032224
1032272
1033695
1035599
1036144
1036331
1036882
1038892
1039290
1041295
1041674
1042212
1043263
1043911
1047608
1047675
1048598
1048636
1049673
1050784
1051542
1053485
1053553
1054201
1054275
1055339
1056103
1056197
1057901
1061039
1061899
1063680
1066572
1070785
1072566
1073219
1073815
1074825
1077250
1077912
1078218
1079627
1084309
1084970
1086275
1087466
1087711
1089703
1091216
1094497
1097373
1098423
1099258
1099595
1103425
1103994
1104931
1106344
1106770
1110134
1112138
1113989
1114078
1115040
1116228
1117121
1118967
1120274
1121892
1122640
1122883
1125010
1685350
1687452
1689091
1689806
1690461
1692006
1696286
1698226
1698363
1698385
1699676
1701660
1703376
1705706
1706489
1706774
1707250
1708113
1712478
1714744
1716078
1729266
1729567
1732876
1733587
1733606
1736844
1739030
1740471
1743273
1744209
1744326
1748033
1750553
1752881
1755587
1757987
1758672
1763220
1764503
1767688
1769107
1769562
1770357
1770398
1770624
1771510
1773040
1775364
1776610
1777544
1778355
1779738
1783657
1784820
1785920
1787734
1787769
1788676
1788941
1790720
1792484
1795815
1797702
1798018
1799557
1800597
1805659
1808041
1808090
1809319
1811716
1814744
1814876
1815345
1816745
1817624
1819840
1821430
1822133
1827339
1828392
1829520
1832841
1834257
1836168
1836492
1837728
1837861
1841713
1844728
1845404
1856056
1857198
1860269
1867523
1871246
1873694
1874025
1875133
1875170
1876075
1877140
1884745
1886257
1887512
1889520
1890926
1893077
1894838
1896331
1900432
1901262
1904082
1906339
1909499
1911148
1913374
1919348
1922183
1923419
1923668
1927514
1928633
1929108
1929194
1932139
1933591
1933671
1933866
1935873
1937367
1937659
1938619
1939695
1943651
1946405
1946526
1951330
1951737
1951790
1953935
1956778
1964249
1965152
1966763
1968541
1975884
1977624
1981111
1982819
1985182
1985447
1986058
1987275
1990397
1994176
1996091
1997972
1999520
2000164
2004384
2004579
2007128
2007381
2008139
2009419
2013061
2013147
2013887
2017206
2018469
2019509
2019772
2021922
2024163
2024600
2026404
2027975
2028657
2029316
2029715
2034908
2036870
2037314
2039224
2040548
2041598
2045149
2046377
2047195
2047198
2051855
2057559
2058580
2059804
2063477
2063903
2066034
2069174
2069650
2076690
2079462
2087584
2088029
2088060
2089265
2094952
2095206
2095299
2097582
2099109
2100404
2110015
2111149
2112727
2114103
2116917
2117466
2119580
2120119
2127491
2130997
2131276
2131637
2132608
2136475
2139119
2139820
2140179
2140494
2143228
2146479
2147385
2148414
2151779
2156525
2158340
2159417
2159457
2162868
2164270
2164857
2165355
2165502
2166020
2168677
2169716
2171867
2173881
2173883
2174268
2174460
2174654
2178047
2179497
2180061
2181090
2181475
2181476
2181581
2185079
2186654
2187203
2190235
2190932
2190948
2191206
2193538
2193580
2197965
2198801
2210054
2212529
2219974
2222334
2223584
2224864
2226625
2228848
2229075
2234833
2234963
2241214
2243725
2243788
2245802
2245928
2249188
2249897
2249995
2251934
2252465
2257935
2258309
2258492
2260373
2262342
2265206
2266041
2266596
2268093
2268497
2271217
2272835
2273814
2279155
2280458
2280577
2281742
2282096
2283601
2284040
2285715
2286276
2289303
2293882
2294734
2300325
2300771
2301053
2302255
2303369
2314256
2316523
2316744
2317554
2319978
2320426
2321010
2321080
2326275
2327438
2328937
2329624
2329725
2331379
2335549
2340925
2343096
2347525
2350344
2354854
2363949
2364866
2365850
2367758
2371055
2372055
2372339
2376344
2376987
2379067
2379446
2380934
2382021
2382365
2382552
2382968
2385675
2385849
2391852
2391887
2392919
2393855
2397889
2397973
2399923
2402768
2403094
2403967
2405157
2406824
2407103
2409347
2410511
2411795
2411890
2412157
2412202
2412634
2418053
2419344
2421010
2421037
2422875
2424256
2424426
2424709
2425542
2426663
2429206
2431966
2443462
2444227
2447210
2447482
2448084
2451537
2455053
2461603
2461807
2475413
2475747
2479685
2479754
2480801
2483211
2487764
2488770
2491577
2493546
2496773
2497331
2497522
2500329
2502314
2503406
2507468
2518126
2518389
2519388
2521348
2522344
2523578
2530750
2536915
2537903
2543226
2544876
2545775
2546538
2548114
2548655
2548877
2551315
2554287
2554659
2555850
2557439
2557621
2559968
2563575
2569997
2573544
2575694
2576357
2579899
2582676
2584524
2584657
2584784
2584876
2586030
2587562
2591199
2591572
2595113
2595859
2595967
2602342
2602480
2604750
2606043
2607154
2607602
2607836
2610348
2610907
2616718
2619080
2619794
2622661
2624144
2624185
2626715
2630801
2631257
2632351
2634489
2634595
2638761
2639679
2640669
2642356
2645387
2646632
2647148
2648012
2649761
2652191
2652472
2653712
2653786
2654874
2655250
2656262
2657417
2658578
2658765
2659356
2661889
2663796
2664707
2665030
2666964
2671854
2673119
2676112
2677416
2679734
2681916
2682930
2684402
2685701
2687864
2690225
2690837
2691626
2693988
2695594
2696200
2697174
2698474
2704319
2707663
2711249
2713093
2714288
2715548
2715552
2717443
2719244
2719261
2720898
2720946
2722140
2726613
2726895
2727331
2729126
2730561
2733441
2733885
2734048
2737073
2738098
2742495
2743077
2743342
2743549
2743891
2744941
2747250
2747604
2748904
2749981
2752406
2753933
2756226
2756988
2758900
2760075
2760202
2760275
2764906
2764926
2765461
2766707
2768902
2771415
2771674
2776738
2778435
2779731
2781330
2782211
2782643
2782788
2784764
2784836
2784910
2789845
2789959
2790039
2791837
2795037
2797555
2798839
2800101
2800891
2800980
2801688
2802538
2804013
2804158
2808752
2812827
2813566
2815672
2816631
2817506
2818080
2818774
2819017
2822442
2823344
2825143
2829929
2830003
2830415
2831291
2833069
2834577
2834618
2836738
2838349
2838429
2839121
2841805
2847441
2849952
2850513
2853043
2853954
2857649
2867361
2867452
2868157
2868479
2868843
2869236
2870484
2872553
2874013
2875998
2878640
2880007
2882472
2883237
2883683
2884949
2887397
2890759
2891047
2891481
2892533
2893584
2893998
2894272
2897952
2900096
2900193
2900859
2902862
2906678
2912587
2913034
2916062
2918683
2920679
2923637
2923669
2927914
2928120
2928274
2930897
2932397
2932965
2933778
2934012
2934643
2938076
2938113
2938263
2938548
2941221
2945061
2949025
2949318
2951502
2958369
2958744
2960435
2960700
2963423
2966118
2966181
2966586
2968045
2968970
2969932
2970753
2974252
2974456
2975224
2978491
2980067
2984093
2985199
2987720
2990945
2992756
2995120
3000187
3000811
3001629
3002072
3002141
3002643
3003367
3009304
3012993
3013103
3016898
3019361
3020048
3024895
3025181
3026102
3027901
3027957
3029037
3030332
3032822
3033665
3036044
3036489
3036986
3037259
3043663
3045667
3047631
3048274
3049172
3052306
3056553
3057396
3061337
3061570
3064657
3065173
3067536
3069006
3070313
3071338
3071669
3073711
3074044
3074657
3075374
3076055
3077151
3077171
3079229
3079677
3084143
3086011
3088924
3089161
3089968
3093834
3093939
3094656
3096672
3099606
3100809
3106450
3106595
3108149
3108510
3109926
3110030
3113730
3114197
3116224
3119197
3119478
3120959
3124146
3125358
3127589
3132837
3137863
3140882
3141624
3143210
3145332
3145396
3145627
3145803
3148027
3148325
3149035
3150864
3153740
3154684
3155557
3155583
3156455
3157220
3157246
3158351
3160659
3163755
3164019
3164082
3164601
3166376
3167657
3168446
3169345
3171572
3175891
3177557
3179386
3179539
3182319
3187548
3191184
3193011
3194749
3194770
3195600
3195898
3196035
3199537
3199760
3200539
3202161
3204663
3207384
3208090
3209546
3212016
3214744
3218471
3220563
3223464
3224957
3225541
3226333
3226359
3228395
3230107
3231675
3233803
3236227
3237786
3239309
3240718
3244732
3245524
3245746
3247299
3247582
3248552
3252526
3253211
3254198
3254542
3254886
3255396
3255719
3257156
3260083
3260146
3262688
3264880
3267583
3268158
3272803
3274185
3275679
3277022
3277982
3280491
3281468
3282089
3284142
3288112
3288977
3289487
3290068
3294167
3297742
3298574
3300743
3301554
3302116
3309080
3313090
3314846
3315324
3317312
3318609
3322645
3322789
3324188
3327045
3328097
3329386
3335380
3335495
3336113
3337188
3337583
3338611
3341488
3342756
3345258
3346232
3347822
3347887
3348906
3352657
3357951
3359488
3364223
3365226
3365383
3365777
3369172
3372016
3375751
3376626
3385768
3386563
3389010
3391714
3392480
3394502
3395869
3396907
3399276
3400350
3406127
3408038
3409620
3411232
3412051
3413292
3414378
3414829
3418438
3418881
3419881
3422455
3423638
3431684
3432746
3436895
3437329
3439046
3439213
3439928
3440738
3443860
3444496
3446138
3446882
3447051
3452021
3452299
3457107
3463732
3465648
3466162
3470886
3475358
3482710
3482845
3482889
3484446
3486800
3491369
3491486
3492639
3493051
3494847
3495117
3496119
3496588
3503388
3503631
3504919
3506574
3506961
3508359
3511658
3512103
3512410
3514960
3518791
3523621
3526550
3529094
3531442
3532221
3535837
3536680
3539017
3543204
3543636
3545851
3550040
3550400
3555627
3555832
3557390
3558442
3560358
3562509
3562632
3564469
3565881
3568419
3573119
3575325
3578847
3583131
3583877
3585528
3586721
3590008
3591896
3592037
3592160
3593890
3594749
3597910
3598515
3602680
3604051
3607571
3608558
3608567
3614266
3620392
3624484
3624500
3625427
3626519
3627405
3627679
3630199
3630994
3631241
3631448
3632610
3633780
3635060
3636231
3637545
3638391
3638394
3640956
3641760
3641956
3642723
3643547
3644527
3645159
3645644
3646007
3652726
3653684
3655423
3655780
3656090
3659428
3663522
3666510
3667353
3668548
3673437
3673471
3673493
3674037
3677874
3679119
3681104
3683087
3686214
3686527
3689786
3693149
3694112
3696832
3697543
3701952
3703395
3703520
3705712
3706846
3708595
3710010
3711761
3711829
3714032
3716476
3717905
3718494
3722422
3722813
3728993
3730062
3732883
3736634
3737814
3743930
3744152
3747905
3753934
3755134
3755992
3756855
3756913
3758839
3761177
3761247
3761407
3763750
3764049
3768918
3770557
3771038
3772419
3774137
3775916
3776520
3776988
3777077
3779433
3781324
3782441
3783244
3783995
3784712
3785974
3790275
3790795
3793027
3797734
3799591
3800774
3802207
3802330
3808809
3812463
3812560
3812585
3813143
3822032
3824070
3828092
3829957
3835194
3836876
3838453
3839224
3842081
3845213
3845864
3847595
3847974
3847995
3848051
3848819
3849067
3852087
3854324
3858343
3860845
3860981
3860989
3861010
3862834
3863944
3866377
3867213
3868630
3872014
3873035
3873832
3874000
3875333
3875337
3875794
3878957
3880323
3880921
3881636
3883104
3883670
3884512
3885517
3885700
3886880
3886979
3888242
3891266
3891958
3893435
3894429
3894627
3894985
3897387
3897634
3898614
3899435
3899798
3900176
3902710
3904512
3904994
3905043
3905141
3907482
3907875
3909127
3909364
3913714
3916642
3918345
3922577
3924456
3925534
3926025
3928772
3932709
3934292
3935785
3936798
3936908
3937193
3941109
3941167
3946469
3953921
3956157
3956179
3958584
3960660
3960862
3962601
3963458
3968539
3969318
3977429
3977674
3981138
3983564
3986205
3988815
3989005
3990688
3993179
3997674
3999241
4001851
4010483
4010957
4011542
4012693
4013392
4017422
4018621
4019114
4022699
4023112
4024297
4026158
4026648
4028973
4029247
4029750
4030727
4032533
4033115
4033432
4033638
4034051
4036175
4036806
4040566
4041537
4041926
4043088
4046765
4049038
4051455
4054343
4054918
4055208
4059528
4060373
4062332
4065881
4068664
4068792
4069760
4070631
4070756
4072649
4074217
4074574
4077630
4078359
4078943
4080376
4082338
4086060
4086105
4086597
4089592
4089753
4090170
4091088
4092424
4094290
4095686
4096774
4097191
4102347
4103543
4104769
4105750
4105932
4109970
4112885
4113992
4115063
4117026
4119623
4121225
4123847
4128504
4128774
4134443
4137391
4137477
4144021
4145135
4145935
4147185
4149161
4151530
4154886
4163478
4169085
4171408
4171424
4173428
4175566
4177212
4177469
4178175
4178276
4181201
4182346
4185600
4188837
4188989
4190618
4193433
4196236
4196327
4199454
4201658
4204718
4205223
4205885
4207305
4208296
4209143
4216224
4218409
4219635
4219700
4219856
4219986
4222274
4225642
4226577
4227067
4227428
4228308
4229035
4230263
4230946
4231310
4233567
4233969
4241681
4241901
4244588
4244828
4245108
4246470
4247752
4255226
4255271
4259347
4259426
4260075
4260888
4263277
4264290
4267086
4267217
4269415
4270542
4271841
4273186
4273840
4274270
4275386
4275709
4276607
4279518
4282122
4282581
4286394
4287192
4293605
4300093
4304858
4305565
4306481
4310910
4312537
4315500
4316390
4317866
4323660
4323970
4324584
4327944
4333479
4334583
4335989
4338155
4338886
4341061
4341847
4342844
4343135
4343405
4344705
4345375
4346516
4347822
4349216
4351240
4351358
4353214
4358448
4358971
4359393
4360033
4361143
4365998
4366921
4367105
4367565
4368677
4369164
4370991
4373967
4374098
4375735
4376028
4377695
4380869
4380908
4380936
4381423
4382083
4383846
4384779
4386361
4386930
4388446
4393071
4394779
4394820
4395548
4397291
4398921
4401129
4403019
4403071
4404973
4406198
4407516
4407558
4408975
4410006
4412619
4414742
4414887
4415503
4416587
4421585
4421611
4421839
4422051
4432016
4435131
4435268
4438629
4439118
4439205
4439818
4440959
4441801
4443273
4444041
4446875
4450960
4451671
4452555
4452564
4452565
4457148
4460505
4461689
4464947
4469251
4470662
4472606
4476669
4477414
4479043
4480867
4482810
4483925
4485470
4486382
4489765
4490044
4495850
4496073
4501527
4501530
4502578
4508510
4511447
4514614
4516793
4517879
4520008
4521807
4522230
4523762
4524372
4534021
4534835
4535112
4535614
4538837
4538873
4538959
4545360
4548401
4548605
4548782
4549627
4549979
4552147
4552180
4556182
4556836
4558244
4561265
4561819
4563264
4563762
4568958
4569125
4569176
4572814
4575800
4576103
4576372
4578197
4578805
4579291
4590735
4591244
4595772
4597406
4598141
4598724
4598758
4600611
4602282
4604083
4604584
4609382
4612525
4612572
4617327
4623429
4624703
4625751
4626523
4628611
4630601
4632654
4633111
4635266
4638669
4638698
4643954
4644540
4646694
4649581
4650147
4650240
4651228
4651542
4652289
4657847
4659550
4662544
4662648
4663585
4665043
4665101
4666241
4666770
4667669
4668920
4675373
4675916
4676251
4678385
4680369
4681886
4684126
4684204
4685983
4688207
4692178
4693749
4698002
4699257
4699424
4700723
4701512
4704364
4705107
4709295
4710185
4710338
4711702
4711727
4715164
4715857
4716656
4717549
4721562
4723228
4726296
4727819
4728819
4730931
4731242
4733219
4734152
4734661
4736004
4741235
4743083
4744798
4745976
4746034
4746046
4749062
4750145
4750284
4752816
4753878
4756552
4757784
4758018
4758487
4759154
4759638
4763138
4763330
4764556
4765536
4765757
4766374
4769092
4769659
4772021
4772581
4772914
4774086
4777459
4778003
4779541
4784810
4786202
4786776
4787977
4789421
4790557
4792312
4796737
4800097
4803420
4804930
4805168
4805173
4805560
4805800
4807291
4809706
4811065
4811233
4816151
4823093
4824759
4825123
4828503
4829793
4829796
4830544
4835043
4840429
4842980
4843068
4844203
4844684
4845148
4849579
4850250
4850861
4852893
4853789
4856187
4858000
4863360
4864005
4864158
4867058
4867192
4867692
4868504
4868938
4872074
4872787
4881075
4881728
4882923
4887835
4889090
4889140
4889842
4890128
4894461
4898847
4898982
4899383
4900860
4901610
4905052
4907337
4907525
4907795
4908163
4908252
4911522
4912982
4913827
4923501
4927787
4931680
4933137
4935364
4935809
4936279
4936737
4938115
4939690
4940307
4940983
4942359
4944161
4945930
4949265
4949739
4950806
4953148
4953976
4956585
4957644
4957764
4959603
4962306
4964901
4965960
4966181
4967556
4970500
4972873
4974792
4975820
4976004
4979895
4981009
4983235
4983750
4983962
4984711
4988668
4989684
4995476
4998943
5002189
5003248
5004711
5007324
5008147
5011600
5011617
5013340
5014212
5016405
5018442
5018894
5019615
5021696
5021725
5022827
5025290
5025941
5026458
5027475
5028320
5034384
5038954
5039701
5043654
5046266
5049207
5049912
5054455
5054897
5055380
5055722
5061066
5062978
5063614
5065893
5066707
5066787
5071596
5071738
5073897
5074597
5076619
5076769
5078450
5080961
5082006
5084441
5088358
5088684
5090349
5090518
5092989
5095206
5095516
5096529
5098527
5099908
5100672
5101181
5102251
5102407
5107400
5108188
5112059
5113212
5113664
5119253
5120275
5120344
5120885
5121834
5122299
5124853
5125409
5126067
5127028
5129019
5132498
5138200
5139576
5144087
5147053
5147335
5147494
5147652
5148548
5149667
5151859
5154353
5155494
5156075
5162048
5173684
5173733
5173868
5174491
5175757
5177305
5178045
5178438
5179248
5180173
5182019
5184117
5184327
5186176
5188156
5188185
5190700
5190862
5194101
5195507
5198733
5199174
5199616
5204831
5208257
5214618
5215358
5215760
5216854
5220374
5220977
5222752
5227224
5228312
5230234
5234550
5236202
5241557
5242323
5244466
5244711
5247678
5249449
5250218
5250590
5251674
5255209
5255422
5255881
5256033
5261247
5263648
5266675
5268676
5270211
5274365
5277479
5278440
5278476
5279230
5281264
5282626
5283002
5285644
5286540
5286872
5286961
5287390
5289685
5289883
5291883
5292598
5292984
5293129
5295650
5297278
5303160
5304725
5307506
5308237
5313057
5314477
5316756
5318541
5319965
5321291
5321301
5322530
5324692
5324936
5325624
5330961
5336948
5337331
5338470
5342501
5343547
5345122
5353482
5354357
5354513
5354947
5355242
5358419
5367071
5369923
5370310
5370980
5371881
5373664
5375494
5375990
5376137
5381818
5382284
5385771
5386489
5387899
5389155
5389778
5391006
5394283
5394582
5394713
5395258
5395956
5396771
5398141
5398621
5400441
5405398
5406661
5408631
5409078
5412796
5415716
5416340
5416856
5417348
5417904
5418902
5418953
5419269
5420902
5425603
5433548
5433576
5434778
5435693
5437242
5440442
5441690
5441960
5450234
5451387
5452707
5455045
5455056
5456491
5460222
5462686
5464878
5465114
5467968
5467997
5468085
5474099
5476210
5477174
5478335
5482777
5484326
5488054
5499175
5499205
5499960
5502595
5503635
5504327
5504924
5506178
5510200
5511351
5512303
5512945
5516947
5519010
5523721
5524604
5524700
5525938
5526799
5528318
5530630
5532002
5534937
5535440
5535624
5535734
5535866
5537029
5538481
5539005
5540246
5545576
5545930
5546579
5548710
5549227
5549979
5556001
5556600
5556890
5557276
5561868
5562401
5564790
5566353
5567765
5567884
5572424
5572592
5574223
5575105
5577586
5578458
5580976
5582718
5583167
5595739
5605131
5606982
5607510
5609386
5613597
5613906
5614846
5617163
5617487
5619987
5620287
5626086
5626606
5633779
5635067
5641932
5644554
5648097
5648691
5649175
5651576
5652060
5652229
5655370
5655929
5656447
5657357
5658589
5663235
5666077
5668717
5674835
5677685
5683355
5684003
5686080
5686931
5687106
5689709
5691829
5694533
5695155
5701128
5703125
5706889
5708022
5709853
5714742
5715460
5716236
5716546
5717979
5722523
5722565
5724201
5725669
5726423
5727725
5728441
5729192
5729642
5730768
5734978
5735244
5737955
5738700
5740000
5742786
5745042
5748330
5749288
5750637
5754697
5755561
5756208
5757180
5757312
5757448
5759357
5760058
5760848
5760887
5762160
5765720
5767897
5768490
5769762
5769966
5770848
5776311
5779112
5780897
5785344
5786333
5786579
5790898
5791532
5791734
5791751
5801230
5801884
5802989
5805131
5807280
5814321
5816640
5818801
5820033
5821196
5828824
5830990
5834873
5837953
5841631
5849615
5850245
5850665
5851341
5853549
5853695
5853700
5854084
5855382
5856062
5860413
5867536
5870152
5870649
5875636
5877391
5878357
5880769
5880834
5881082
5881965
5883857
5885335
5887269
5889501
5893226
5896132
5900442
5901952
5904051
5904175
5904325
5904672
5905704
5906260
5911406
5913776
5921314
5921401
5925646
5926090
5926751
5927022
5929665
5932285
5932545
5933218
5934484
5936637
5937443
5938021
5938857
5943477
5944638
5947005
5955768
5957243
5957616
5957849
5959670
5959944
5963939
5967465
5967559
5968803
5972454
5972741
5972745
5973150
5973171
5974596
5978436
5982331
5983292
5983662
5985083
5985345
5985554
5986511
5988382
5989743
5995481
5997826
6001682
6005510
6005940
6009889
6010848
6011240
6011675
6012959
6014693
6015940
6017759
6020026
6025714
6029484
6035125
6036072
6040242
6044244
6045849
6047245
6048051
6051569
6052584
6053751
6053757
6053884
6055266
6056108
6056493
6057583
6059420
6060189
6062389
6064337
6064610
6069047
6069740
6076678
6077710
6077790
6077817
6080710
6081805
6081841
6081911
6083603
6085350
6087101
6091332
6091697
6091962
6091997
6094843
6098929
6099211
6099370
6105887
6110602
6113207
6115886
6116968
6117833
6118004
6120586
6121670
6122047
6122826
6123556
6125928
6126453
6126790
6127609
6129795
6129827
6137417
6139359
6139602
6139658
6159433
6161564
6161597
6163991
6165424
6167598
6169205
6169591
6169948
6174742
6177379
6177449
6186403
6187910
6188008
6192318
6196750
6196955
6197148
6198072
6201266
6204489
6207150
6208558
6209767
6212212
6212648
6213971
6215179
6215463
6216942
6220036
6220549
6220641
6221181
6223579
6224083
6225700
6233058
6235377
6236148
6236489
6242812
6242933
6246119
6250759
6251078
6253456
6253803
6253944
6254286
6255265
6255869
6257917
6259117
6263737
6271244
6272214
6272714
6275643
6281270
6282781
6284391
6290708
6296134
6298811
6300416
6302473
6302918
6303865
6307917
6308393
6308543
6310079
6310986
6312033
6314089
6315149
6316043
6317878
6318656
6323278
6325512
6325889
6326406
6329306
6329963
6332208
6336397
6338237
6338477
6339447
6339719
6341765
6346131
6347671
6347779
6348483
6349912
6351408
6353711
6353835
6354616
6355594
6358633
6358651
6359038
6360288
6361205
6363055
6368730
6371021
6371066
6371105
6371320
6371461
6374501
6375798
6375802
6377283
6378327
6379018
6382010
6384133
6385299
6386926
6390878
6391103
6391255
6394378
6394605
6398150
6402651
6402937
6405279
6405680
6412700
6413053
6413589
6415677
6416542
6418763
6419415
6420372
6420618
6420641
6421683
6423291
6426039
6426388
6431043
6431283
6436413
6436438
6443925
6445803
6446849
6451039
6451785
6454191
6454604
6454783
6456891
6459667
6465437
6474086
6475488
6477770
6479162
6481423
6483287
6485216
6486023
6486178
6486526
6494864
6496278
6497196
6500697
6501234
6501283
6504144
6504475
6507121
6509224
6514350
6516740
6517822
6518666
6518899
6527237
6528898
6528925
6529541
6530374
6531084
6532777
6533949
6536281
6537492
6538054
6539581
6540787
6540940
6544489
6544861
6548841
6548957
6550527
6552629
6561116
6561481
6562276
6563413
6563808
6564263
6567797
6568512
6570818
6571741
6574659
6574953
6575118
6577849
6579688
6580216
6583703
6585926
6587649
6590551
6597444
6598135
6602446
6606066
6607094
6613519
6613637
6616221
6620396
6620556
6621937
6622031
6622070
6624709
6628308
6629395
6630062
6631632
6633180
6633275
6633299
6636851
6638880
6640313
6645440
6648519
6649136
6651621
6652306
6654970
6658000
6659556
6660198
6664099
6672355
6673107
6674137
6677196
6683824
6684485
6686864
6687223
6688895
6690249
6690604
6693573