6745
7343
11536
21787
22942
28280
28617
33783
34384
35383
37334
38114
40463
41716
46574
47800
51049
60037
60739
62475
64470
68069
73575
84774
89322
91612
93172
95192
98302
101703
109237
109285
109539
114314
115834
119220
142389
146649
147275
151353
152433
165688
167294
167351
168037
177530
196271
200698
203634
206962
217734
220944
230093
231305
238683
244324
245394
246088
246518
247354
258037
264275
270452
273107
274107
275972
276897
278769
279782
283610
285323
286278
286435
289987
297403
303302
310038
313452
317295
318240
319559
329283
329341
339735
340445
341941
343436
348365
350036
354657
375255
377342
377872
380159
382793
383255
384164
387934
390142
390928
391715
392139
392167
397083
398391
412835
414730
415105
420548
425960
432949
437109
441081
442086
443212
443590
447204
451385
454641
465644
467407
470305
471126
472747
474172
475267
478625
479811
483125
487417
488345
491340
494069
500428
500678
505438
510449
512880
519415
520795
527427
531046
533523
534063
535648
536253
545678
549290
558027
560289
560492
562941
563371
571229
573646
574022
575729
580963
585231
596374
604344
608126
610921
623016
625012
628603
629887
632217
633963
641062
643877
644825
646128
660054
660965
664341
665378
667583
668439
670084
672347
673198
674001
700194
701084
712464
712674
712726
714168
714432
714548
715386
716987
720018
723756
724018
728178
731140
732686
734047
736357
737075
737924
742409
743323
747317
749357
754795
764065
764528
767866
770249
774034
781976
784034
785467
792521
792832
794140
798484
800808
806914
807891
810300
820495
823074
823904
833755
838280
839635
844743
1137113
1139013
1148322
1149129
1156293
1158203
1169794
1172772
1173104
1174048
1175922
1181366
1185786
1187443
1193816
1194436
1198256
1205368
1205712
1213543
1217308
1221234
1223701
1225704
1232128
1232861
1233152
1244912
1245778
1247081
1249608
1250970
1251713
1252227
1253277
1257671
1259643
1260576
1264280
1267384
1272556
1272815
1274950
1276809
1277069
1278788
1279852
1279896
1282146
1282774
1288397
1295436
1297036
1302601
1305381
1328580
1335060
1336757
1339970
1358088
1361436
1362279
1364284
1366843
1367238
1368426
1369246
1372578
1384332
1387829
1392266
1394594
1397440
1397635
1398149
1400522
1402847
1404959
1410786
1413883
1420417
1420687
1421780
1435019
1435297
1437733
1442905
1443329
1449021
1459106
1460323
1461601
1461828
1464802
1470515
1482337
1489571
1490540
1493921
1499713
1502047
1506297
1510419
1513821
1517535
1517866
1523679
1527249
1529165
1530807
1534285
1534958
1537074
1543931
1546706
1560424
1561435
1563290
1566592
1569025
1572179
1580352
1580532
1581284
1586837
1587762
1591662
1593387
1596158
1600446
1600845
1602652
1604574
1606006
1607696
1612665
1612781
1622207
1622942
1623610
1635618
1636348
1642162
1643420
1647061
1648213
1655259
1656549
1663368
1664155
1665772
1668515
1670489
1671174
1676708
1678912
1681004
846851
848698
850597
863152
872923
876871
877178
883555
888963
905214
905853
908865
920641
930792
932891
933622
935092
936198
938076
939925
940869
941443
942701
951894
956841
960345
960741
961517
963126
964929
967521
975415
980501
981189
988568
993504
996046
1004239
1005749
1007843
1009580
1013036
1016256
1021469
1023049
1034357
1042660
1049987
1052919
1053391
1054212
1058618
1062411
1063315
1066259
1069874
1072639
1073400
1074042
1083520
1083696
1086563
1087140
1090763
1091098
1092332
1093892
1094271
1094686
1098030
1099693
1101364
1102792
1120323
1120605
1121941
1125568
1686091
1691643
1693288
1695106
1697779
1698362
1700645
1706113
1708456
1711140
1714416
1722415
1724496
1725168
1729911
1731415
1735302
1738433
1739555
1749420
1751958
1775456
1776073
1779688
1779783
1783316
1783876
1784588
1797050
1798533
1799103
1800922
1801071
1802051
1804804
1816621
1817750
1818616
1822731
1822838
1825648
1832358
1836068
1836539
1838117
1840374
1842117
1846662
1850230
1853390
1854713
1855920
1859772
1863758
1871922
1874144
1875887
1877936
1881212
1882922
1882994
1887168
1892421
1897476
1898992
1905651
1905724
1913155
1913711
1918752
1932683
1936742
1939819
1941149
1941694
1950541
1954609
1956975
1961401
1964937
1965694
1967186
1967378
1971702
1973062
1976109
1976742
1976876
1978468
1981132
1984291
1985508
2001830
2002206
2004143
2009871
2014685
2015908
2015948
2025609
2028893
2034526
2036307
2041251
2046873
2050181
2051256
2058647
2060315
2061308
2064697
2069070
2077443
2081114
2081501
2081537
2082481
2082940
2083931
2090570
2091167
2093849
2094453
2096320
2100690
2105267
2106815
2111298
2112268
2125929
2126765
2129911
2131067
2132693
2133303
2134776
2141390
2142257
2147992
2151669
2151710
2157871
2157998
2159154
2166529
2172060
2173454
2173591
2173975
2179297
2185950
2186785
2188382
2195893
2201971
2205544
2209229
2212642
2219886
2220202
2222723
2224120
2224494
2226075
2228079
2228900
2237393
2242935
2244469
2244665
2250975
2253611
2257499
2261132
2266514
2268484
2268605
2270937
2272970
2273406
2274221
2275700
2276828
2280329
2289999
2290958
2294799
2296304
2297003
2302575
2305122
2305983
2308177
2310544
2311261
2315190
2316426
2316576
2318642
2320805
2322195
2323235
2324965
2327691
2327917
2334858
2338184
2343648
2346875
2347540
2347973
2351254
2352527
2357779
2363061
2365004
2366171
2367753
2369321
2370371
2371126
2371363
2376675
2382264
2385399
2391852
2394517
2396611
2402650
2402714
2408225
2410195
2410513
2419779
2432501
2437184
2438977
2439876
2444063
2449987
2454011
2455629
2458836
2464044
2464424
2469423
2474472
2474479
2481835
2483727
2492163
2499653
2512664
2516775
2517353
2519238
2529051
2530128
2531650
2536537
2539175
2546554
2548275
2548387
2550204
2554782
2554904
2556960
2558505
2565000
2567287
2567418
2576266
2577605
2582401
2583150
2589995
2593743
2596788
2599160
2601933
2606718
2612796
2614978
2615441
2622716
2625160
2627969
2633925
2639465
2642878
2645079
2648275
2651011
2657744
2660641
2663459
2664737
2664759
2667029
2671750
2676970
2681199
2682432
2685139
2685997
2691993
2698631
2706136
2709147
2716565
2719376
2727146
2727542
2728329
2728908
2732327
2735723
2735801
2742036
2744781
2745482
2748991
2752180
2755092
2758673
2767484
2773241
2775735
2781702
2782966
2783164
2787917
2791665
2792097
2792537
2792827
2794016
2795628
2801299
2804665
2806459
2807171
2809687
2814109
2814249
2815061
2815381
2816844
2822699
2824355
2824643
2828509
2830392
2830655
2842910
2856248
2858534
2862251
2870625
2880472
2887906
2889902
2899777
2901281
2904356
2905454
2908448
2911922
2912240
2916535
2924955
2926372
2936567
2941558
2944730
2945377
2947647
2947772
2949517
2962454
2964301
2968950
2973270
2987607
2990876
2990931
2999399
3002926
3006001
3007260
3015408
3023044
3023964
3025479
3027911
3028278
3029184
3034685
3041222
3043540
3044592
3047332
3047511
3047722
3048599
3052242
3062114
3064149
3069053
3079082
3082748
3083730
3088990
3090101
3091183
3094884
3095620
3096845
3097382
3097735
3109478
3112615
3116528
3119727
3124895
3125898
3127970
3128679
3130809
3131053
3134751
3138071
3138227
3146124
3154249
3157846
3160435
3164927
3165771
3168641
3170984
3181763
3182565
3186165
3187735
3191126
3194976
3202470
3203873
3216746
3217905
3220549
3223890
3228066
3230143
3230191
3235276
3241826
3246563
3247797
3252957
3262584
3267843
3267856
3269592
3270352
3276827
3278863
3284307
3287316
3288852
3289885
3292766
3293982
3295982
3298294
3301834
3302565
3304057
3308269
3312265
3314589
3317358
3317658
3318285
3321143
3327379
3330138
3332794
3332917
3336739
3339726
3342320
3347357
3352971
3359973
3360057
3361312
3361483
3364968
3367029
3367670
3372367
3373419
3374099
3374920
3378060
3378921
3382407
3383272
3384131
3396703
3401279
3404305
3407733
3415067
3418606
3425471
3426896
3431058
3435004
3438026
3443969
3444782
3451021
3451828
3454265
3463400
3463685
3464645
3464853
3465549
3465618
3466479
3471475
3473892
3479954
3482192
3483671
3489065
3490338
3491426
3493849
3500919
3503510
3503592
3508629
3511569
3511641
3512096
3515709
3518835
3524083
3525446
3528705
3531454
3536139
3539359
3547273
3547925
3552531
3556040
3557309
3560855
3562167
3569643
3572717
3574998
3587620
3588045
3589695
3592013
3595299
3596047
3599676
3599699
3607765
3609431
3610810
3611658
3611792
3618956
3619638
3620271
3623970
3625683
3626475
3628998
3629546
3637833
3641437
3642279
3644656
3655125
3656326
3661039
3661091
3661187
3664273
3666374
3667308
3667396
3670945
3675526
3676724
3685588
3687657
3689428
3691353
3693135
3693266
3694498
3696759
3696987
3697771
3700598
3701715
3703799
3706224
3709043
3713668
3717414
3728797
3731747
3733672
3735457
3739942
3740843
3740898
3743306
3745224
3750383
3758189
3758367
3768635
3769685
3773344
3782011
3783057
3783815
3789954
3791670
3791965
3797973
3798536
3798740
3805926
3810001
3812921
3814889
3816020
3817393
3828127
3832936
3834652
3835689
3839554
3844016
3844652
3846820
3847599
3850405
3856981
3859333
3864225
3870185
3875532
3879461
3880062
3881845
3884241
3890783
3892618
3894039
3898198
3907499
3907857
3915524
3916719
3924860
3924930
3925644
3927049
3939509
3942065
3942383
3948126
3948480
3948642
3953655
3958731
3961793
3961907
3963763
3964344
3966345
3971540
3973268
3975748
3975951
3977277
3982421
3986223
3990179
3992219
3995081
3995818
4003241
4005328
4008504
4010214
4019399
4026847
4036465
4036947
4042505
4045095
4049278
4049611
4057854
4069516
4071795
4075798
4078480
4078956
4082842
4084444
4088694
4096827
4099783
4102247
4110299
4110353
4110755
4111484
4112826
4112945
4114023
4114663
4115110
4116776
4124259
4124424
4128580
4132352
4140072
4144139
4145357
4146293
4146657
4148675
4148694
4149744
4150072
4150200
4157681
4161429
4162805
4163000
4167118
4172451
4184009
4195396
4196665
4200935
4201057
4201210
4202834
4208001
4210163
4217725
4227968
4230626
4233038
4235906
4239417
4240980
4247344
4247435
4248059
4252738
4254793
4256196
4256549
4270757
4274751
4281142
4283506
4286417
4289117
4291648
4295617
4299911
4300128
4302711
4303401
4303579
4303816
4304765
4307761
4309989
4319215
4335008
4337607
4342741
4345818
4351576
4363698
4369591
4377751
4377766
4386057
4387499
4390573
4392300
4395141
4398076
4399409
4403476
4410853
4414981
4416805
4418079
4420590
4421710
4422158
4424167
4430943
4434453
4435895
4446842
4450477
4452542
4453801
4457766
4464768
4469088
4472810
4477042
4479311
4480913
4482838
4489432
4491554
4492823
4493644
4497245
4505050
4505743
4512480
4513652
4514949
4515771
4516327
4517766
4517907
4521233
4523419
4524917
4526767
4527220
4527902
4530722
4533147
4534293
4539052
4541789
4542872
4546934
4548682
4549055
4551013
4558975
4559579
4568418
4569585
4575775
4576847
4580836
4583122
4587732
4598785
4599630
4603595
4607228
4609709
4609859
4613514
4614572
4617937
4619477
4629096
4630247
4638103
4638683
4649577
4650825
4650891
4667910
4671363
4677589
4678989
4682776
4695460
4704498
4706008
4707012
4714254
4714374
4714908
4715617
4716071
4721602
4724954
4725657
4727010
4736356
4744258
4751180
4752273
4752411
4753718
4758128
4758919
4762077
4766116
4772104
4775314
4775388
4776674
4782422
4785080
4786403
4793040
4795307
4797041
4797767
4798304
4819611
4819644
4820106
4820273
4822850
4826656
4842507
4843789
4844346
4844376
4849094
4849403
4851156
4859607
4865096
4867666
4870171
4874442
4876529
4876621
4879564
4882236
4885106
4889795
4890501
4890889
4910785
4912397
4914034
4919987
4922238
4924020
4927611
4927979
4930805
4931339
4933782
4939976
4944497
4945346
4949699
4953743
4953774
4960598
4965809
4967959
4969530
4970350
4973126
4974470
4974933
4977509
4977635
4978500
4984292
4987434
4991512
4995310
5002197
5004008
5012816
5022629
5035623
5042733
5043171
5048100
5051474
5059474
5061685
5070868
5075448
5079774
5079891
5094469
5098802
5100679
5109513
5111648
5112877
5117461
5120692
5121936
5123430
5125816
5129509
5131132
5133919
5134321
5138528
5138958
5139786
5144610
5147755
5147902
5149439
5149477
5169754
5170996
5176520
5177336
5184238
5184480
5186749
5188702
5190339
5192900
5197407
5204334
5209820
5210466
5217674
5219622
5222147
5226478
5230176
5232436
5241195
5244086
5251373
5251395
5262597
5264454
5265916
5270578
5273991
5284618
5295535
5295888
5297633
5298858
5300107
5303326
5315623
5320551
5323628
5327105
5330306
5339229
5340678
5340800
5345795
5354990
5355101
5357436
5358509
5359618
5362865
5369396
5373767
5375001
5375434
5379574
5391746
5392086
5393830
5397056
5400712
5406447
5407485
5409155
5412852
5415338
5415699
5417973
5424501
5424503
5426726
5428395
5431280
5432590
5433933
5436434
5446203
5450886
5452256
5454633
5459891
5464147
5472767
5473383
5476258
5477208
5480705
5482347
5486337
5490581
5494729
5494949
5495114
5495321
5499023
5504615
5509354
5519042
5523291
5527872
5529576
5530690
5543361
5543767
5545192
5549410
5554075
5555741
5558161
5560137
5563385
5566800
5568245
5575670
5578072
5580310
5582599
5589167
5589584
5598682
5601234
5614040
5615230
5623947
5632368
5639986
5641265
5642211
5645789
5652438
5653355
5655076
5656265
5663485
5663570
5663596
5665413
5668169
5668333
5669954
5671714
5671791
5677780
5692463
5693496
5694777
5698604
5699222
5701563
5704715
5708137
5709812
5711273
5714952
5717562
5719703
5720425
5721373
5730201
5731062
5735673
5739923
5739947
5743018
5744717
5747912
5752025
5759099
5760238
5776000
5778815
5780229
5781119
5785709
5788594
5788634
5796409
5797062
5805502
5808325
5810686
5812406
5814359
5818696
5820461
5820959
5825675
5825953
5828004
5835034
5835406
5838366
5839400
5841079
5843154
5851424
5852881
5857247
5858283
5859132
5859167
5865722
5869494
5870441
5875634
5876229
5876854
5888260
5891214
5891894
5900490
5905591
5912352
5915631
5918278
5920161
5925020
5925134
5925402
5933874
5934118
5942506
5951028
5954721
5956089
5957066
5957104
5958603
5959585
5960188
5961276
5961791
5965484
5966044
5969606
5974394
5976369
5981674
5984789
5985998
5986796
5988017
5995174
5998727
6002097
6005930
6010049
6011492
6015070
6024106
6027986
6032439
6033436
6034401
6035188
6039847
6041946
6045595
6052601
6054434
6060037
6060947
6064158
6065334
6069394
6071566
6073654
6074919
6086789
6087296
6087614
6102401
6105377
6114250
6125462
6130866
6132390
6132536
6134637
6136015
6138164
6143441
6152996
6157715
6160315
6161085
6163564
6164491
6168130
6173236
6180420
6181332
6182282
6190140
6197854
6200121
6205436
6216900
6220537
6222225
6223620
6224170
6225683
6227319
6230773
6233277
6239899
6249569
6249656
6257695
6258335
6264140
6265258
6265790
6266312
6266393
6266791
6269629
6270011
6272375
6274882
6302727
6303159
6303692
6305261
6305469
6305523
6306213
6311267
6311563
6314350
6320539
6323603
6326009
6328652
6334671
6336463
6338621
6340426
6354279
6354770
6355852
6356411
6359358
6359797
6368714
6370503
6372926
6374696
6377732
6379671
6382500
6384584
6388661
6390352
6402294
6409542
6410995
6413954
6415663
6415745
6417684
6423302
6424917
6427274
6430841
6431382
6432572
6433277
6433750
6437473
6439343
6442083
6442703
6442934
6443162
6443565
6454302
6456169
6464375
6464939
6469124
6477380
6477659
6482310
6488472
6489017
6499460
6508429
6514559
6515211
6525102
6531016
6534270
6539812
6541892
6549545
6552349
6554340
6556527
6557004
6558271
6559943
6564689
6565981
6568456
6570631
6575325
6577505
6580982
6582425
6588744
6599959
6601819
6609089
6609896
6611316
6612917
6614643
6617535
6620347
6622166
6632980
6638188
6641984
6643735
6644313
6648030
6650506
6656092
6656242
6659473
6660210
6661456
6664312
6664759
6665468
6673819
6676905
6678275
6680095
6680349
6684509
6693593