664
1425
1453
2931
3259
4526
4594
4738
7422
7476
7570
8532
12352
12373
13845
14312
15644
17300
18023
21977
22465
23173
24488
24810
25086
25117
25386
26564
28024
28054
32439
34183
36014
36104
37373
38776
38833
38988
41327
41594
42537
43867
43915
45519
45572
47191
47857
48172
49243
50136
53819
54195
57007
57490
57949
60080
63991
64279
64490
65417
67481
68547
69111
70472
71669
71694
77444
77557
78738
81402
81839
82660
83043
83293
87462
87596
88163
90543
91939
92812
93673
93807
94382
94953
95934
97136
98180
102011
102592
103704
104608
104812
104922
106848
107358
107973
108940
109407
110083
110944
113605
113611
116103
116755
116976
120309
120419
122048
122577
123295
123786
124049
125101
127156
128889
129417
129609
130405
130755
130806
131845
132538
133733
134719
136037
137869
138508
138884
139689
139819
142753
143392
143710
144188
145512
146950
147539
147552
148598
152597
154112
156219
158847
160249
161687
161949
161962
162383
163266
164867
165639
167510
167561
167732
167791
170876
172821
174775
175316
177078
181673
182173
182225
183545
184874
186427
187195
187683
189896
190809
194326
195801
196334
197290
202601
202882
203285
203954
204649
204845
205489
206860
206995
207394
211775
211892
215768
216348
220947
222144
222340
223669
224838
225629
227373
227591
228536
228887
229261
230773
232163
232412
232643
233905
235093
237301
237391
238825
240208
240228
240507
241106
242861
243734
244255
248236
248375
251224
253062
254058
254238
254998
255865
256199
259790
260632
260754
261559
262052
262317
262319
265334
269294
270207
270872
270982
271470
273080
273274
275368
277082
278091
278190
278827
280119
281728
282482
284830
286066
286133
286508
286776
286989
287570
289531
293258
293524
293767
294479
295175
296224
296267
298515
299817
303302
303906
304208
304464
305836
306916
307242
310505
310602
311841
312247
316051
317010
317311
317552
317744
320352
321509
322187
322353
322565
324173
325181
327684
330433
331349
332464
332473
334104
335149
335855
337511
337556
339553
339830
342617
347692
349875
350045
350106
352053
352352
353996
354016
354677
355315
356234
356257
356723
357151
357819
358049
358380
358507
358856
358910
360641
361202
361470
364587
364859
365144
365235
365837
366014
366511
367549
369124
370157
371123
371622
371668
372277
372376
372918
373321
374372
374979
375085
376541
380557
382113
382452
385755
387671
387842
388573
389104
391121
392831
397072
397290
397642
397986
397991
401021
403479
403856
404074
407649
409447
409681
410842
412891
414511
416251
417008
421685
422994
424413
425239
427605
428659
428749
429224
430195
431143
431557
432233
435312
435797
438629
438844
439671
439950
442007
442272
442292
442601
443612
444818
446707
449877
451640
452059
453735
454569
454595
454883
455625
456193
456816
459282
461403
461994
462197
463515
465436
466282
467104
467583
467631
468708
470596
471277
471695
471744
471799
472658
473409
474031
474463
475328
476487
477091
477491
477827
478304
478327
479064
479951
482005
483874
484322
484396
485773
486732
488507
489309
489801
489871
492469
493707
495276
495789
496143
499976
501145
501735
503576
505203
505437
506388
507804
508125
508865
509620
513242
514272
515346
515569
516749
516794
517424
517526
518030
518930
519141
519155
519981
522475
523467
523889
524146
526203
526413
527026
528115
528326
528915
529353
529660
530975
531078
533609
534430
535124
535337
537421
537570
538350
539733
541931
542569
542755
542775
543347
545196
545473
545718
546588
547514
552116
553553
555288
555567
556124
556772
557156
558420
558858
559191
560353
562390
562428
562603
563605
565215
565613
566166
568447
568570
569073
570619
571861
572158
573111
573552
573575
575227
576990
577699
578721
579439
579459
579761
580647
580770
583426
583889
585399
585942
585950
590560
591414
592675
594562
599395
599716
601997
602069
602768
602908
603829
607194
607392
608045
608278
609908
610059
610273
611259
611291
616185
617560
619888
622180
623001
623168
624191
624436
624905
624954
625383
626681
631365
632148
633046
633161
634413
635352
635691
635799
637860
639961
644427
645264
645461
646826
648739
649488
649537
649704
649908
653537
655058
655681
655831
656898
659159
661029
661151
663716
664564
665632
669429
669720
670241
672139
672199
673762
675204
677507
678320
680036
680596
681527
681532
683213
686232
686246
687289
688763
689738
690212
691242
692649
696119
696157
696572
701082
701218
701281
701303
701383
702264
702844
703299
703427
705560
706166
706352
707149
707439
709130
709338
709740
710043
713668
713888
714138
715068
716773
717800
718844
718952
719872
720072
721279
721611
721879
723225
724551
725534
725696
725723
726243
726837
728921
730810
731040
731725
732280
734023
734165
735197
735590
735635
735933
736770
740021
742193
742609
743051
746958
747384
749695
750044
755414
757079
757235
757365
757796
758996
759662
761827
763232
764016
764382
764956
765132
765476
770097
771119
771852
771992
773187
773554
773812
775389
776027
776322
778400
780356
780798
783218
784294
785353
785917
786662
788537
788539
789142
790255
792033
792180
792574
792791
793367
795009
799500
800730
801122
802242
803601
804275
806516
806518
807206
808188
809152
809375
811546
812760
813794
813972
814254
818635
819061
819292
822454
823063
824343
825101
825862
828392
833049
833687
840975
843270
844735
1127036
1127628
1128013
1128261
1130105
1130435
1130439
1131793
1132019
1133901
1134601
1137272
1138289
1138924
1141162
1142234
1143136
1143291
1144733
1145067
1145985
1146404
1147188
1151184
1151655
1156050
1157295
1158075
1159779
1160048
1160698
1161776
1161993
1163201
1163209
1164139
1164200
1165152
1166214
1166330
1167065
1168033
1170472
1171913
1174149
1174289
1174367
1174447
1177642
1178793
1180474
1183243
1184492
1185197
1189549
1190087
1190444
1191451
1191917
1194818
1195772
1198317
1199913
1200170
1201742
1203738
1204050
1206091
1208073
1208247
1208758
1210144
1213026
1214591
1214878
1215409
1217086
1217118
1217258
1217267
1219962
1221657
1222105
1223842
1224615
1225270
1225310
1228234
1228486
1231187
1231370
1231561
1234674
1236159
1238664
1239078
1239729
1239920
1241507
1242286
1244828
1244852
1246754
1247817
1248195
1248639
1249010
1249184
1250556
1254413
1256074
1256415
1259839
1261925
1263385
1265565
1268002
1268327
1268793
1269635
1271529
1272567
1274515
1276866
1277208
1277237
1278815
1280623
1280911
1281333
1284440
1285112
1289786
1289985
1290359
1291343
1291461
1291530
1293803
1295459
1295889
1297294
1298723
1300153
1300836
1300998
1301394
1302197
1305124
1305381
1305631
1305750
1306733
1310500
1310797
1310899
1311386
1311979
1313505
1315073
1317485
1317733
1317931
1317932
1318193
1319825
1322555
1322943
1324977
1326642
1326874
1327490
1328327
1328579
1329166
1330347
1332056
1332124
1332265
1332977
1333833
1334198
1334260
1336630
1337112
1337236
1340661
1341818
1342053
1345464
1345645
1349004
1350117
1351074
1351585
1352215
1353430
1355637
1356704
1357464
1358825
1359489
1360105
1361621
1363649
1363839
1370832
1373271
1374127
1375524
1376610
1377071
1377979
1378094
1379565
1380710
1380896
1383117
1385938
1387198
1387688
1388106
1388866
1390146
1390337
1390642
1391629
1393488
1393632
1393950
1395043
1396871
1398332
1399245
1400906
1402066
1402366
1403033
1403039
1403976
1405077
1405115
1405352
1406431
1407084
1413261
1414660
1414861
1416259
1417111
1417429
1417545
1417606
1419959
1420906
1422224
1422745
1424150
1424582
1425222
1425405
1425909
1426012
1426539
1427465
1429499
1429606
1429787
1430164
1431072
1431544
1433100
1434053
1434277
1434439
1436665
1439543
1440382
1441142
1442498
1442765
1442776
1442974
1443525
1447828
1450268
1451291
1454829
1459323
1459517
1461543
1462852
1465130
1465904
1466042
1467674
1468368
1469017
1470326
1470923
1472158
1472611
1472790
1473455
1473710
1474034
1475068
1476893
1477046
1477049
1477708
1478332
1479951
1480752
1481614
1482241
1485710
1485727
1486452
1487194
1487609
1489701
1492677
1494290
1495195
1495895
1496597
1498238
1498807
1499958
1500969
1501517
1502864
1504666
1506584
1506798
1507245
1507922
1509400
1510738
1511043
1511464
1512435
1513756
1514810
1518487
1519644
1520938
1521552
1521864
1521996
1524370
1525991
1526541
1528582
1528729
1528929
1529079
1529692
1531048
1533361
1535589
1535836
1535917
1537861
1537918
1537966
1538138
1538153
1538896
1539400
1539846
1539911
1540432
1541035
1542878
1543235
1544722
1545093
1546258
1549189
1549527
1549830
1549976
1550042
1552328
1552875
1552942
1553497
1553612
1555060
1555265
1558447
1559857
1560043
1560156
1560427
1561095
1561191
1562121
1563159
1563860
1563936
1565223
1565241
1566095
1567184
1569848
1570008
1570070
1570828
1574853
1575163
1577041
1577094
1577305
1580266
1581767
1582384
1583230
1588880
1588972
1589951
1590636
1591903
1591957
1593181
1593339
1593499
1593822
1594125
1594414
1594482
1595789
1595832
1595955
1596347
1597220
1600354
1601000
1601964
1602865
1603236
1604356
1605289
1605379
1606599
1611945
1613150
1616025
1617924
1619270
1619540
1623112
1623184
1624208
1627580
1627649
1628399
1628924
1630333
1630381
1630672
1630780
1631140
1631902
1633141
1635574
1638187
1638295
1639530
1639912
1641003
1641532
1642687
1643258
1644306
1645136
1647900
1648033
1649647
1650105
1651893
1653593
1654186
1655250
1655803
1656758
1657622
1658618
1660250
1660404
1661573
1662654
1663428
1665694
1665892
1668636
1668765
1668985
1674426
1675811
1678253
1680953
1681241
1681692
1682385
1682854
1684128
846751
846870
847088
847464
847877
848665
849795
852452
852688
852955
853300
854476
855080
856212
856552
858516
858572
860238
860748
862482
862505
862628
863922
864631
865086
866213
868430
870841
871563
871770
872438
872851
873988
874947
877529
877762
879306
880176
880971
881278
881879
882357
882845
883302
885011
885266
885440
886793
887185
888227
890034
890560
890792
891922
892294
893143
893612
895091
897795
898292
898672
899221
900390
900705
900930
902331
903450
904583
908081
908589
910285
916084
916425
916953
917501
921974
922181
923067
923562
924996
926623
926711
927041
929313
929435
930646
933004
935053
936378
937106
938640
938836
942894
943323
943445
945282
947557
949186
950067
950882
953226
954043
955422
956410
956876
962873
964613
966761
967056
968362
971823
972335
975005
976311
976691
976767
977254
978332
978434
979108
980663
982979
983469
986596
987990
990955
991470
991471
992099
992788
993860
995238
995307
996067
996424
996958
999178
999443
1001220
1001584
1004450
1005018
1005648
1007098
1007197
1008939
1012970
1013240
1013578
1015482
1015511
1015803
1016344
1021591
1021891
1024133
1026838
1027846
1027983
1028135
1028972
1029692
1032590
1035136
1035267
1035643
1037530
1037786
1037788
1037899
1041917
1042671
1044988
1045280
1045722
1047071
1048402
1048598
1048636
1048693
1049875
1050047
1050158
1050397
1053350
1053405
1054684
1055937
1056512
1056904
1059956
1062080
1062375
1062508
1064396
1065626
1066138
1066777
1067552
1067941
1068983
1069367
1070431
1073674
1074047
1077656
1077933
1078730
1080312
1080346
1084961
1085020
1085226
1085899
1086075
1086273
1089214
1090269
1091915
1092491
1094188
1095535
1096142
1096155
1098990
1099518
1099777
1101046
1102351
1103120
1103426
1103481
1103825
1105955
1107073
1109025
1109372
1112033
1112968
1113212
1113431
1114901
1115069
1115424
1117418
1121518
1122460
1125010
1125025
1126339
1686596
1687452
1689711
1692932
1694932
1695658
1696817
1700290
1701182
1701393
1703046
1705460
1705496
1706579
1708078
1708204
1710619
1711123
1712814
1715876
1718474
1719737
1720154
1720760
1721172
1722587
1723162
1724231
1726714
1727198
1728301
1728440
1728954
1731690
1734795
1735181
1737159
1737385
1737428
1738445
1738926
1739030
1741341
1743420
1743428
1744296
1744835
1746395
1747740
1749164
1750102
1751060
1752258
1755864
1758733
1759148
1759914
1759958
1762119
1762477
1765829
1767670
1767978
1768400
1770442
1770756
1773348
1774511
1774531
1775731
1779242
1779277
1779854
1780165
1780204
1781731
1782095
1784736
1785408
1788583
1788897
1790075
1790552
1791920
1794257
1794861
1796322
1796908
1797101
1798514
1799096
1799202
1799479
1800786
1801625
1802095
1802562
1803293
1804554
1806787
1806930
1807458
1807596
1808025
1808416
1808862
1809614
1811797
1814462
1815098
1820408
1820764
1821938
1823139
1823210
1824312
1825166
1825996
1826545
1827157
1830381
1832737
1833513
1833521
1833724
1834183
1834286
1835187
1836155
1836178
1838195
1841727
1842276
1845700
1847461
1847746
1848008
1848222
1850148
1850903
1851027
1851661
1851700
1851786
1852429
1853557
1854863
1855653
1855972
1856987
1857475
1859802
1859858
1860116
1860382
1862272
1862331
1862349
1867523
1867565
1867631
1868666
1868823
1870715
1871804
1871952
1872119
1873021
1873104
1873476
1874703
1878001
1878870
1879130
1879153
1879799
1879857
1880932
1882053
1882791
1883635
1885437
1885554
1886873
1890401
1894552
1895107
1901517
1902949
1907325
1907581
1907793
1908330
1909384
1911286
1911986
1912628
1913010
1914058
1914985
1915421
1916687
1919291
1921114
1921798
1922164
1924402
1924888
1925616
1927020
1927578
1928125
1929221
1930901
1932291
1933210
1933810
1933936
1935401
1936070
1937430
1938669
1938684
1942926
1944563
1945464
1948931
1949530
1949792
1950412
1951792
1953950
1955721
1956778
1956842
1959742
1959915
1961365
1961616
1961893
1962718
1963140
1963204
1963853
1964670
1965763
1965935
1970786
1971445
1972338
1974478
1976322
1977953
1979685
1980460
1984850
1987262
1987468
1987656
1988213
1989275
1989416
1990709
1991531
1992592
1993721
1994016
1994176
1995136
1995417
1996130
1997998
1998759
2001117
2005102
2005221
2006392
2007342
2007744
2008321
2009842
2009989
2010459
2011809
2012784
2014518
2014649
2014958
2015498
2015839
2016633
2016794
2018016
2018081
2018956
2019363
2019789
2021117
2022325
2024299
2027237
2027847
2027975
2029757
2030521
2031412
2033491
2033742
2034724
2035250
2035605
2036003
2037918
2038389
2038691
2038784
2038988
2040317
2045704
2046074
2046981
2046999
2047855
2047920
2048712
2048886
2049481
2051223
2051233
2052250
2054600
2055187
2056782
2058426
2059250
2060811
2062028
2064554
2065012
2068475
2068598
2068642
2070013
2070490
2071588
2075793
2075969
2076274
2077310
2077356
2077409
2078169
2079333
2083912
2084190
2085896
2086994
2088569
2089834
2089907
2091808
2092221
2092674
2092724
2093090
2093538
2093953
2094197
2094884
2095962
2100857
2101321
2102531
2103680
2104000
2104367
2104764
2106189
2106854
2107310
2107564
2109232
2112206
2113413
2114005
2115092
2115815
2117014
2117951
2118823
2119868
2120303
2120483
2121549
2121757
2122091
2122427
2122574
2125508
2126491
2127461
2128971
2129532
2132047
2133138
2133662
2134412
2137777
2139076
2139838
2141280
2142003
2142798
2148762
2149000
2150202
2152550
2153108
2154360
2154405
2154726
2154855
2156051
2156860
2157048
2157498
2157811
2159585
2159717
2159742
2160544
2162512
2162907
2163744
2163935
2164490
2167741
2169986
2172855
2174159
2174556
2174921
2175635
2176519
2177608
2177671
2177871
2179223
2179262
2179287
2179497
2180579
2181742
2181991
2182069
2182686
2183562
2185063
2185170
2185327
2185458
2186185
2187210
2187878
2188596
2189738
2190947
2191758
2192233
2193496
2193970
2194292
2199472
2200131
2201990
2202312
2202750
2203447
2203724
2203904
2207125
2208841
2210148
2211069
2211573
2211869
2213935
2215398
2216458
2216930
2217599
2218926
2219655
2220604
2221058
2221590
2222393
2223153
2226483
2228438
2229886
2230589
2231597
2231775
2235400
2235735
2235896
2236848
2236877
2237143
2238783
2240590
2240809
2241739
2243185
2244213
2245259
2245802
2245928
2246365
2246565
2247793
2249744
2252327
2254256
2254893
2256732
2257097
2257686
2258322
2260309
2260736
2266479
2269264
2270535
2270912
2271653
2272939
2274320
2275376
2277799
2277953
2278448
2280101
2281121
2283196
2284145
2284193
2286071
2287566
2288242
2290683
2293134
2295909
2298574
2300127
2300662
2301749
2302417
2305264
2306470
2306745
2307760
2309398
2309622
2310590
2310751
2311468
2311907
2312430
2313668
2313740
2314254
2315100
2315259
2316658
2318109
2319280
2320412
2321589
2321905
2324238
2324334
2325627
2326139
2327413
2327471
2329042
2329725
2330457
2331770
2331998
2332019
2332314
2332350
2333771
2335575
2335679
2337450
2338245
2338863
2341511
2341591
2342415
2342784
2345858
2345859
2347248
2348763
2351156
2351533
2352626
2352640
2353320
2353587
2356452
2357877
2358956
2361476
2363658
2365557
2367881
2368082
2368501
2368654
2368744
2370528
2370575
2371902
2373777
2373988
2376506
2377189
2377835
2378031
2378064
2378069
2380121
2380151
2381180
2381578
2381942
2384834
2385667
2385693
2390090
2390132
2391708
2391852
2392155
2392846
2397405
2397842
2397852
2398090
2399406
2400293
2401238
2402450
2403383
2403509
2405307
2406862
2407972
2408749
2410103
2410404
2412289
2413908
2414900
2414906
2414969
2416578
2418916
2419618
2420324
2421694
2422413
2423902
2424190
2424256
2424905
2425584
2425843
2427670
2427981
2428334
2428823
2432228
2432441
2433190
2433297
2435511
2436715
2437618
2438889
2440791
2440949
2441895
2442001
2443462
2444402
2445101
2445532
2447092
2447797
2449261
2449479
2450959
2451118
2452674
2452675
2455149
2456318
2456653
2457628
2457786
2458129
2458477
2458864
2460086
2460527
2464185
2464728
2466013
2466373
2467103
2468539
2469374
2469593
2470714
2471319
2471478
2472070
2474006
2475263
2479058
2479407
2479741
2479779
2486571
2486673
2486684
2486771
2486891
2487221
2488881
2489610
2490446
2492228
2493231
2493485
2495390
2495503
2496549
2504748
2505763
2506974
2510728
2512019
2513882
2513896
2514602
2514977
2518208
2519248
2519290
2520920
2521495
2521868
2521926
2522733
2523140
2524040
2524111
2527917
2528063
2530830
2531216
2531369
2534153
2534179
2534292
2535918
2537702
2537954
2538228
2540392
2541133
2542735
2546657
2547813
2547839
2550544
2551315
2551467
2551747
2553858
2554248
2554410
2554645
2554891
2555240
2555491
2556482
2556711
2557123
2558062
2559530
2560217
2560276
2561665
2563983
2565268
2566316
2568154
2570829
2570981
2574263
2574279
2577076
2577164
2578038
2578625
2580245
2580639
2580670
2580698
2580998
2581916
2584156
2584178
2584644
2584784
2585526
2588453
2590343
2590549
2590652
2592498
2596934
2596936
2599020
2599348
2602436
2604475
2604980
2605439
2606735
2608033
2614103
2615254
2615344
2616728
2619509
2620668
2622963
2625820
2626109
2626279
2628428
2635463
2635886
2636444
2637512
2638180
2641173
2641703
2642873
2643358
2643455
2644350
2645248
2646176
2646472
2647786
2648995
2650430
2652473
2653143
2653942
2654090
2654779
2656149
2656931
2657784
2657804
2658418
2660160
2662973
2663021
2663808
2667132
2668165
2669656
2669887
2670621
2670971
2671248
2672038
2672637
2672875
2673026
2673553
2674064
2674512
2675825
2676518
2677072
2677886
2677953
2677963
2677974
2679689
2680711
2682066
2683299
2685774
2687072
2687328
2687581
2688034
2688120
2688755
2688823
2690532
2690837
2691054
2691171
2692467
2694347
2695123
2695213
2697279
2697866
2699609
2702715
2704067
2704339
2706428
2707906
2708695
2712375
2712496
2719125
2720547
2720919
2722085
2725070
2727107
2728140
2728559
2728698
2728960
2729294
2730389
2730496
2730844
2731037
2732079
2736196
2736249
2738801
2739066
2739670
2739980
2740701
2741456
2743059
2743176
2743564
2744941
2745073
2745807
2747558
2748243
2748469
2749205
2749371
2750197
2750226
2751760
2752097
2752406
2752696
2753289
2754344
2759111
2759909
2761197
2761386
2762203
2762293
2763119
2763990
2765342
2765499
2766200
2766237
2767966
2770201
2773206
2773710
2774006
2775403
2777027
2780576
2781017
2781048
2781184
2781453
2782521
2784048
2784227
2785912
2786759
2787384
2787595
2789563
2789648
2790774
2790929
2795536
2796018
2796033
2798137
2799068
2800950
2801134
2805186
2809407
2809849
2810150
2810155
2810592
2811286
2811590
2812816
2813789
2817505
2818818
2818877
2819569
2820345
2820851
2823175
2823461
2824768
2825192
2825240
2827698
2829537
2829697
2830290
2831195
2831327
2832790
2832913
2833390
2833401
2833875
2834826
2836469
2837625
2838405
2838503
2839819
2840363
2843244
2843706
2844260
2845102
2846369
2846894
2848683
2849425
2851629
2851811
2853090
2855314
2855396
2858030
2859181
2861146
2862150
2863322
2863956
2866658
2867452
2867607
2867902
2868103
2868245
2868990
2871877
2872011
2872757
2873760
2873971
2874734
2875195
2878280
2881143
2881488
2881755
2882152
2883223
2886957
2888744
2889144
2891980
2892094
2893112
2893218
2894016
2894032
2895850
2896931
2896956
2896970
2897486
2898921
2899483
2899768
2900206
2900761
2901821
2903369
2903401
2905799
2909680
2912315
2913109
2913622
2915766
2916693
2917172
2918314
2919774
2920898
2921638
2922172
2922447
2922693
2925674
2927453
2928586
2928906
2930236
2931200
2938636
2940621
2941082
2941417
2942170
2942653
2944119
2945304
2945562
2945574
2945806
2946222
2946454
2947836
2948068
2948148
2948422
2948475
2948575
2949313
2949374
2950590
2956680
2958188
2958215
2959577
2959635
2959670
2963822
2964111
2965827
2966447
2966833
2967248
2970048
2971886
2975574
2976291
2976742
2977422
2978456
2978465
2982284
2984011
2984713
2985422
2985941
2986012
2986328
2986593
2988165
2988860
2990282
2990622
2991669
2993983
2994436
2994681
2995694
2998699
2999148
3000573
3001740
3002553
3002635
3003300
3003652
3004872
3005500
3008003
3010146
3013254
3014153
3014874
3016984
3017136
3018114
3018316
3018376
3018882
3018959
3020274
3023951
3025934
3026823
3026987
3027148
3027661
3032129
3033743
3035674
3038008
3038590
3039559
3039656
3041583
3041990
3042369
3044637
3044978
3045859
3047253
3048084
3051463
3051583
3052046
3054240
3054909
3057830
3059605
3060780
3061408
3062706
3063001
3065317
3068343
3069143
3069566
3069691
3070038
3071832
3072807
3073463
3073529
3074487
3074835
3075676
3076833
3077171
3077278
3080033
3081204
3083138
3083458
3085119
3085346
3086016
3087047
3087823
3089431
3090023
3091588
3092256
3092785
3094759
3095053
3095986
3096399
3096540
3099162
3099389
3103648
3104430
3104452
3106459
3106777
3108561
3109434
3109549
3110819
3111965
3113474
3113822
3114850
3116121
3118358
3119471
3119671
3121975
3122806
3124146
3124149
3125785
3125980
3127832
3127869
3128743
3129467
3129679
3130291
3130664
3130877
3131361
3132949
3133023
3133820
3133944
3133990
3135071
3136063
3139343
3139405
3140173
3142044
3142513
3143198
3144968
3146263
3146312
3146689
3147407
3147812
3148400
3148610
3151109
3151112
3151611
3152632
3152750
3153358
3154684
3154956
3155163
3155518
3156087
3156378
3160732
3160985
3161440
3162883
3163120
3167474
3168865
3170987
3172191
3176585
3178255
3178314
3181833
3182712
3182971
3183831
3183852
3183989
3186719
3187042
3188488
3188824
3190099
3190331
3190931
3193954
3196405
3197082
3197212
3199093
3201237
3203416
3205197
3205975
3207644
3209379
3209814
3211178
3211638
3211952
3212663
3213621
3213835
3214186
3215411
3215990
3218679
3219752
3219922
3220698
3220775
3220860
3221947
3224557
3224780
3225147
3225482
3226653
3226758
3228347
3229666
3230076
3230964
3231632
3236455
3236986
3238106
3238226
3244021
3244542
3245948
3247369
3247609
3248119
3248746
3248852
3249877
3250274
3254293
3256187
3257482
3259233
3259460
3260513
3261356
3261385
3262165
3262688
3262960
3263482
3265700
3265824
3265856
3266011
3267298
3267785
3269277
3270878
3271377
3271721
3272518
3272897
3275602
3276677
3278419
3278546
3278621
3278861
3278876
3284976
3287609
3289611
3292079
3292405
3292476
3295034
3295708
3298087
3299091
3299490
3299786
3299868
3300302
3302992
3304502
3305247
3305431
3305561
3305878
3306045
3307031
3308253
3310176
3310742
3311490
3312027
3312343
3313304
3316415
3316449
3316468
3317086
3317570
3317702
3318489
3319045
3321349
3322192
3322681
3324143
3324320
3324368
3324778
3327538
3327900
3329057
3329724
3330721
3332116
3333231
3333517
3335596
3337353
3338763
3339031
3340177
3342720
3344317
3345585
3346562
3346970
3353160
3353481
3355278
3357390
3359840
3360047
3360638
3361656
3363065
3363357
3363461
3365297
3369476
3369599
3370810
3372113
3373201
3373353
3373539
3374629
3374806
3374960
3375283
3376134
3377811
3377951
3378201
3378815
3379332
3379946
3380735
3381304
3381461
3382616
3383482
3383848
3384941
3385943
3386936
3387562
3388191
3388837
3388908
3389344
3390308
3390347
3391597
3391710
3391730
3393751
3394502
3394559
3395954
3396348
3398734
3400323
3400413
3401316
3401579
3403874
3406043
3409051
3412291
3412469
3414378
3415015
3416392
3421474
3421664
3422021
3422269
3422703
3422947
3423638
3425878
3426130
3426406
3426878
3426879
3427294
3427471
3429103
3429656
3429790
3433340
3434054
3435077
3435596
3439107
3439868
3440048
3442431
3442975
3443931
3444600
3445408
3447238
3447592
3449014
3452579
3452875
3455017
3455599
3456877
3459100
3459487
3460268
3462569
3464564
3464948
3465514
3467117
3468760
3469268
3469681
3470147
3470393
3471172
3472015
3474654
3475236
3475639
3476798
3477840
3478204
3478477
3478742
3479405
3481445
3483675
3484383
3485126
3486358
3488586
3488700
3489222
3489512
3491343
3491713
3492576
3493182
3493803
3494141
3495900
3496467
3496943
3502208
3502292
3502967
3505382
3505468
3507163
3509831
3510741
3511101
3512410
3513243
3513591
3516226
3516902
3517555
3517632
3518885
3519426
3519627
3520372
3521375
3522064
3524077
3524152
3524250
3524298
3524646
3524909
3528030
3528055
3528952
3529341
3529866
3529998
3530868
3532162
3534875
3538465
3540120
3540377
3541483
3543146
3543606
3545447
3545758
3545851
3547016
3548849
3549186
3549244
3550124
3550236
3550310
3550460
3550655
3553801
3555166
3555181
3556666
3556878
3557265
3557460
3559260
3559911
3560295
3561810
3562234
3563047
3564167
3565901
3566209
3570706
3571105
3571874
3572056
3572155
3572425
3572858
3572903
3574217
3579568
3579677
3580179
3580217
3581466
3581929
3584619
3585612
3587829
3588283
3588829
3588881
3589542
3589830
3590131
3592195
3593285
3593316
3596143
3596172
3596826
3596893
3602958
3607571
3608915
3609720
3612671
3616571
3619652
3620289
3622039
3622710
3622884
3623333
3624463
3624529
3625525
3625766
3625768
3626020
3627371
3628857
3629560
3630545
3630994
3631554
3631995
3632855
3633179
3633624
3633955
3634741
3635372
3636918
3638195
3638267
3638489
3640139
3640578
3641929
3642463
3642857
3643539
3644759
3645000
3645936
3646116
3646240
3646768
3648807
3648922
3649085
3649243
3649631
3652607
3652738
3654069
3655144
3656053
3656377
3660052
3662364
3663837
3664027
3664295
3665354
3665898
3667857
3667912
3669484
3670355
3671032
3671742
3673177
3673801
3674037
3674366
3675951
3676034
3676354
3676361
3677171
3677177
3678824
3681417
3681483
3683369
3684973
3685307
3685724
3685859
3686125
3688961
3692729
3694451
3697319
3697382
3697937
3700190
3703735
3704432
3706869
3708056
3708317
3708604
3710624
3710706
3711202
3711390
3712306
3712566
3712833
3714450
3717749
3718288
3719203
3719495
3720655
3722049
3722988
3724625
3727414
3728236
3728446
3728959
3729034
3732510
3732809
3733451
3734128
3739433
3740197
3742114
3742962
3744202
3744825
3746854
3747843
3748589
3750405
3750471
3752537
3752754
3754307
3755647
3755939
3756123
3759421
3761536
3763757
3763807
3764323
3764610
3766342
3766600
3767502
3768715
3768800
3770865
3771330
3771702
3772024
3772275
3772398
3773030
3774306
3777269
3777733
3778385
3778595
3781324
3781362
3783020
3783995
3785974
3786536
3786948
3788483
3788854
3791828
3793535
3795469
3795809
3797125
3797405
3797573
3797657
3799256
3799475
3805499
3805601
3806091
3806829
3807393
3808114
3808651
3808971
3810216
3810480
3811035
3812596
3816267
3817934
3818061
3819378
3821606
3822069
3822944
3823457
3824598
3824622
3825366
3826930
3829489
3829740
3830592
3831312
3832855
3834212
3834510
3836807
3838351
3839307
3840572
3841325
3842190
3844525
3844680
3845084
3845213
3847510
3847674
3849161
3849209
3849332
3849450
3849701
3851745
3852004
3852075
3852677
3852831
3853195
3853245
3855131
3858309
3860455
3860811
3861075
3863245
3864088
3864474
3866614
3868460
3869887
3871441
3872543
3874563
3874928
3877306
3877673
3880564
3880877
3882582
3883751
3883839
3885349
3886637
3887609
3889982
3891089
3891559
3891789
3891826
3892031
3893136
3893334
3895001
3895685
3896404
3896507
3897682
3898334
3898423
3899864
3900063
3900941
3901451
3901743
3902724
3903240
3903263
3904396
3904910
3904970
3905177
3905349
3908194
3908693
3910408
3911646
3911727
3911965
3915364
3917765
3917980
3920064
3920646
3920809
3922677
3924637
3925263
3925295
3925534
3926058
3927277
3927942
3928391
3929746
3929750
3930018
3931321
3932270
3935186
3935713
3937574
3937639
3938819
3938913
3941638
3941828
3941932
3943052
3944427
3944630
3945816
3945997
3947242
3948147
3948467
3949737
3950766
3951487
3952410
3952482
3952579
3954391
3958016
3958232
3961327
3961950
3966851
3967278
3968335
3968897
3968905
3970670
3973090
3973563
3974416
3975216
3976957
3978155
3979390
3980874
3980959
3983588
3984899
3984962
3985275
3985550
3985666
3985978
3986502
3987143
3987448
3989060
3990808
3991246
3991413
3994860
3997388
3997446
3997543
3997846
3998782
3999287
4002065
4002865
4004300
4005440
4007678
4008557
4012462
4012822
4013215
4013260
4014235
4014765
4015286
4015304
4017842
4019897
4021580
4023613
4025119
4026832
4027681
4028469
4028894
4029112
4031234
4031500
4032118
4032310
4033285
4033380
4033943
4034269
4035473
4037983
4039578
4040378
4040887
4040958
4042221
4043616
4044338
4046148
4050545
4051798
4053603
4054343
4054466
4055395
4056417
4056792
4056901
4057093
4057722
4058231
4058380
4059244
4060723
4062569
4067139
4067394
4067635
4070192
4071738
4072009
4072053
4076128
4076496
4078012
4079031
4080692
4082065
4083103
4083865
4084305
4086436
4087408
4088409
4089833
4092108
4092163
4093395
4093978
4094290
4095010
4096352
4097472
4098359
4099022
4099138
4099420
4102166
4102676
4102848
4103824
4106230
4107079
4107782
4108203
4108440
4108524
4109004
4109115
4109186
4114601
4115306
4119247
4120460
4120674
4122968
4124103
4125468
4125670
4125733
4127180
4127908
4128165
4128263
4129527
4130514
4130788
4131872
4134420
4134443
4135542
4141751
4142669
4144191
4144757
4147209
4147572
4148607
4150112
4150639
4151614
4152949
4153299
4153380
4155047
4155202
4155259
4156331
4157045
4158563
4158963
4159166
4161482
4162315
4164549
4164797
4165426
4167664
4172780
4173829
4174006
4175555
4177315
4177957
4180262
4181689
4184140
4184819
4185473
4185537
4188405
4190108
4190602
4193504
4193567
4194855
4195447
4195588
4195679
4198535
4198858
4199177
4201033
4202161
4203095
4203624
4205067
4205651
4206127
4212255
4213586
4213693
4214165
4214584
4215252
4215347
4216092
4216166
4217884
4219038
4219217
4219967
4221056
4221992
4222372
4222824
4226335
4226607
4226717
4226769
4228027
4228308
4231640
4233201
4233809
4234253
4234741
4235946
4236515
4236853
4236988
4238246
4238339
4241490
4241674
4242315
4242987
4245083
4245237
4246372
4246470
4247371
4248220
4251347
4252214
4253964
4254797
4255275
4255309
4256931
4258008
4258703
4260043
4262203
4262377
4263478
4264772
4265587
4266229
4266236
4267123
4271393
4271584
4273152
4275328
4276046
4276247
4277571
4278100
4279309
4280248
4281646
4281782
4281805
4284040
4284546
4284820
4286128
4286809
4288114
4289021
4289078
4291272
4291718
4292709
4293461
4296229
4297574
4298012
4298023
4301144
4301460
4301710
4301808
4302018
4305276
4305910
4306860
4308439
4309822
4310397
4310647
4311378
4312597
4314202
4314216
4315321
4316967
4318392
4322922
4325608
4325762
4326399
4327720
4328570
4330482
4331591
4331940
4332175
4332987
4333035
4337894
4339678
4339804
4340106
4341898
4342017
4342491
4343992
4344285
4345260
4345286
4345789
4346141
4346304
4346746
4347214
4348625
4349979
4351454
4353077
4354103
4354551
4355305
4357148
4357431
4357908
4359150
4361538
4365412
4366921
4367244
4367837
4370626
4371452
4371782
4371785
4371817
4376093
4376409
4380192
4380245
4380916
4381491
4381609
4381934
4382725
4383636
4385780
4386361
4386647
4386662
4386703
4390293
4390378
4390778
4392012
4395549
4395836
4395925
4397529
4397770
4398525
4399082
4399506
4399673
4400159
4401433
4404001
4404471
4408258
4410685
4411462
4411699
4412268
4414776
4415439
4415534
4415863
4416077
4417711
4418325
4418458
4419155
4420411
4420547
4420852
4420866
4421310
4422164
4422262
4423258
4423990
4424863
4428061
4429010
4429342
4431375
4432187
4433903
4434383
4434924
4435002
4436294
4436460
4437695
4437962
4440684
4441242
4441465
4441488
4443218
4443311
4444183
4445938
4446272
4447583
4448315
4451257
4454394
4456599
4457635
4457839
4458068
4461500
4462024
4462361
4463000
4463430
4465290
4465410
4466392
4470149
4471370
4471472
4471531
4475392
4475844
4476477
4476669
4479238
4484984
4486437
4486595
4489381
4489547
4490044
4490936
4493570
4493828
4494903
4496221
4496368
4497149
4503848
4504469
4504813
4505000
4506227
4506251
4509056
4509194
4509506
4510086
4511193
4511497
4512928
4515378
4515999
4516916
4517031
4518688
4520929
4520932
4525630
4528307
4530956
4531974
4532690
4532954
4533287
4533790
4535012
4537225
4537985
4538022
4538544
4539494
4540522
4540646
4541828
4541846
4542662
4548369
4549173
4549866
4551198
4551221
4551286
4551801
4553298
4553321
4553439
4554191
4554442
4554887
4555306
4555441
4557526
4557797
4558244
4558533
4558606
4559580
4560473
4565099
4566453
4567455
4570160
4573838
4575905
4576192
4576701
4579691
4581252
4581929
4582596
4584373
4584620
4585346
4586445
4586494
4587944
4589282
4590735
4591902
4593282
4595335
4595520
4596112
4596434
4600369
4601321
4601381
4601417
4601658
4601713
4602399
4603360
4605090
4607928
4609518
4610671
4611558
4613169
4614109
4616744
4617866
4622444
4622655
4622810
4623844
4623973
4626454
4626636
4626657
4627753
4628180
4630749
4631897
4632249
4634026
4634926
4635763
4636242
4637861
4641352
4642279
4642432
4643642
4644165
4645542
4647644
4649512
4651113
4652377
4653208
4654799
4655048
4655961
4656982
4658273
4659062
4659192
4660264
4660517
4660682
4662438
4664203
4664844
4668261
4668929
4673286
4673430
4675359
4675645
4675916
4676518
4678126
4678336
4678486
4681183
4682217
4682998
4684993
4685340
4685623
4686310
4686953
4687883
4690375
4690785
4690870
4690872
4693961
4697707
4698533
4698590
4699690
4700184
4700479
4703581
4704005
4705250
4706914
4709954
4710761
4712911
4714748
4714757
4714853
4715127
4715423
4715489
4715845
4716218
4716223
4717672
4718769
4718928
4719259
4719834
4723343
4725800
4727018
4728095
4728899
4731335
4733129
4733831
4734931
4735289
4735691
4737142
4737234
4739173
4739471
4742490
4743083
4745050
4746095
4747939
4751086
4751680
4752738
4753447
4753471
4754102
4757737
4760710
4761409
4761617
4761971
4762511
4763053
4763664
4763874
4764637
4765495
4768066
4769960
4770673
4771126
4773219
4776482
4776668
4777831
4780509
4781138
4781357
4782000
4783646
4783761
4784698
4785920
4786589
4786732
4789425
4789670
4792067
4792123
4792146
4792911
4793746
4794071
4794073
4794878
4795985
4798154
4798923
4799660
4800097
4801997
4803144
4805129
4805667
4806166
4806174
4809491
4813766
4814115
4814133
4817254
4818955
4820731
4822796
4822966
4823518
4824753
4825495
4825867
4826153
4826945
4828421
4828576
4829623
4829809
4830399
4830919
4831716
4832367
4832849
4832901
4833849
4834392
4835737
4835845
4835904
4838869
4843301
4845239
4846004
4846493
4846955
4848256
4848866
4850026
4851251
4851977
4852510
4853281
4854012
4855055
4859819
4859982
4860513
4863695
4865115
4865764
4866255
4868246
4869019
4869281
4869693
4870598
4873648
4874506
4875797
4876091
4876495
4876534
4877558
4877699
4878443
4878897
4880145
4880237
4881649
4881732
4881878
4882197
4883288
4884699
4885108
4885165
4888187
4888815
4889715
4891763
4892221
4893362
4895685
4895894
4898959
4899212
4899803
4902436
4904836
4905525
4906947
4908283
4910052
4911736
4913974
4914777
4915832
4918081
4921778
4923875
4924162
4924352
4924694
4926157
4926422
4926830
4926945
4927679
4928094
4929067
4929641
4930719
4931433
4932681
4935926
4936213
4936757
4936876
4937258
4938304
4940437
4940641
4943293
4943918
4944417
4944473
4944721
4944972
4946174
4946530
4949582
4950706
4951461
4952452
4953195
4955148
4959142
4959763
4960514
4961213
4962900
4963855
4964620
4968403
4968489
4969918
4971132
4972775
4973392
4973933
4974552
4978122
4980759
4983723
4985996
4986634
4987023
4987948
4988908
4991738
4992123
4992935
4994183
4994222
4998131
4999427
5000732
5002061
5003221
5003804
5005369
5005824
5008538
5009047
5009105
5010010
5010314
5010872
5012004
5013891
5014609
5016108
5017023
5017819
5019488
5019626
5019842
5021196
5022136
5023063
5024100
5024862
5026237
5026513
5027986
5029146
5030579
5031902
5032500
5033718
5033780
5034356
5034765
5034962
5036377
5037271
5038919
5038989
5040142
5040283
5041893
5042269
5042464
5042523
5042994
5044572
5044978
5045179
5045421
5046189
5047997
5048788
5049285
5051486
5052110
5052112
5053119
5053660
5054543
5054894
5054913
5055187
5056453
5057604
5057647
5058423
5058680
5058880
5059427
5059511
5060495
5063085
5063619
5065019
5065337
5066761
5067356
5068228
5068365
5069557
5070046
5070070
5070684
5071894
5072099
5072211
5077679
5079584
5081256
5081581
5081590
5083542
5083892
5084055
5084229
5084293
5084801
5085030
5085412
5089502
5090171
5090272
5092114
5092870
5093414
5096196
5096444
5098135
5098645
5098932
5101160
5102186
5102702
5103295
5103827
5104853
5104876
5105268
5106505
5106506
5106843
5107254
5108352
5108617
5109225
5109983
5111674
5113333
5114029
5114652
5119436
5119480
5120700
5120712
5121075
5121908
5122871
5123636
5124858
5125053
5127221
5131135
5133411
5135444
5135580
5136460
5136687
5137126
5137405
5141088
5141416
5141862
5142250
5144296
5145018
5148313
5148760
5149455
5150386
5152345
5153400
5155494
5155927
5160506
5161030
5167222
5169250
5170426
5174086
5174173
5175129
5176362
5178002
5178011
5178274
5178340
5178453
5179176
5179473
5179510
5180443
5180600
5181557
5182833
5183787
5184479
5185085
5185605
5185933
5188294
5191844
5192405
5193634
5197848
5198471
5199313
5200197
5203078
5204411
5204463
5204831
5207375
5208590
5209535
5209765
5209996
5211400
5211509
5211884
5212252
5213319
5213924
5215338
5215415
5215935
5216746
5217650
5220544
5221975
5222076
5222346
5224565
5225458
5227329
5229690
5229972
5233375
5233740
5235500
5235531
5237548
5237849
5239327
5239516
5240114
5241161
5242080
5242091
5242243
5242730
5243571
5244404
5244423
5244712
5246176
5247775
5248610
5249961
5250258
5250590
5250923
5251257
5251346
5251810
5252690
5252763
5255510
5256304
5257173
5258370
5259367
5260353
5260924
5261019
5262928
5264126
5264673
5266579
5266749
5266959
5267365
5271793
5272005
5272043
5272610
5272881
5272923
5274318
5274581
5274608
5275221
5276462
5277707
5278139
5279150
5281182
5281545
5282133
5282825
5283915
5283938
5283954
5284456
5284836
5285536
5286362
5286504
5286505
5286963
5287380
5288309
5288438
5288891
5289076
5289290
5290493
5290693
5291461
5293276
5293780
5294678
5295154
5296743
5298257
5298893
5301243
5303928
5304839
5304971
5305426
5308297
5310536
5311258
5311777
5312408
5313255
5314269
5316523
5318767
5319015
5319097
5319271
5320763
5320987
5321078
5322530
5322965
5324441
5324843
5325436
5325494
5326167
5327186
5331855
5332364
5332555
5333415
5334505
5335258
5335314
5336759
5336942
5337023
5337900
5337971
5340119
5340260
5340664
5341827
5343396
5343595
5344576
5345377
5345525
5347133
5347248
5348108
5349406
5349610
5351444
5351541
5351765
5354357
5354866
5355242
5356215
5356514
5357699
5361806
5364372
5364871
5365166
5366207
5367552
5367647
5368981
5371564
5372473
5373310
5373359
5373564
5375530
5376069
5376570
5376764
5377208
5378163
5379296
5381131
5381262
5383630
5384613
5386943
5387934
5390399
5390450
5392847
5393269
5394142
5394562
5395258
5395264
5395863
5396078
5397093
5397714
5397875
5399168
5399287
5404022
5404738
5405025
5406564
5406886
5406919
5407159
5408752
5410784
5411181
5411768
5412010
5412683
5412979
5413627
5413756
5414238
5415279
5416616
5416655
5416822
5418285
5419019
5422747
5425644
5425964
5426431
5426617
5427150
5427607
5429387
5429424
5431609
5431836
5432037
5434208
5437435
5438118
5439309
5442032
5442895
5444152
5444756
5446822
5447309
5448920
5449790
5450898
5452657
5452721
5453206
5454333
5455282
5455441
5456591
5458594
5459965
5461309
5461565
5462327
5462679
5463086
5463134
5464061
5464168
5465121
5467074
5469969
5470338
5471494
5472635
5472818
5474965
5475122
5476682
5476815
5476905
5478935
5478936
5479219
5479961
5481909
5481920
5482151
5483644
5484588
5486011
5487446
5488173
5488424
5490546
5490559
5490888
5492187
5493385
5494247
5494379
5494872
5496521
5497263
5498768
5498929
5499960
5500413
5502194
5504433
5506236
5506973
5507084
5510416
5510888
5511667
5511952
5512598
5512863
5513120
5513949
5514534
5514871
5516856
5517417
5517686
5519329
5519504
5519739
5521516
5521775
5521820
5523003
5524010
5524570
5525924
5526790
5527220
5527449
5528922
5529843
5529882
5531286
5532389
5532675
5533897
5534109
5534910
5539275
5540812
5541092
5541724
5543080
5545739
5546996
5549905
5550868
5553330
5553780
5555349
5556389
5557370
5558508
5558701
5559508
5559648
5560048
5560250
5560585
5561189
5561416
5562377
5566628
5566933
5567992
5568998
5569783
5569978
5572574
5574157
5574452
5574543
5575210
5576773
5579471
5580554
5580993
5589400
5589827
5590743
5591246
5593083
5594157
5594585
5595005
5596243
5597932
5598017
5598093
5598827
5604172
5605610
5605770
5605836
5605981
5609451
5609663
5610078
5611212
5615200
5615260
5616059
5616866
5618483
5619986
5620492
5621991
5623590
5626329
5626667
5626772
5630898
5631100
5631195
5632278
5634554
5635387
5636270
5636708
5636890
5637576
5638088
5639369
5640225
5640298
5640412
5641311
5642300
5644067
5645364
5645410
5646295
5646672
5649260
5651068
5651351
5651860
5651943
5653495
5654255
5655249
5655585
5656471
5659014
5659484
5660379
5662229
5663040
5663616
5665154
5666072
5666472
5667293
5667305
5668125
5669212
5669501
5671450
5671874
5671971
5672081
5672400
5672834
5674174
5677760
5678070
5678125
5678709
5682804
5683823
5684484
5687024
5688332
5688494
5689952
5691042
5692161
5692704
5693378
5694472
5695861
5697072
5698462
5700803
5701660
5702638
5704328
5706734
5710391
5710416
5710835
5711987
5713756
5713764
5714487
5715460
5716416
5717672
5719216
5719232
5719252
5719675
5719948
5721248
5722406
5722833
5725875
5727987
5728016
5729984
5730223
5732180
5732950
5733938
5734188
5737955
5738363
5738367
5739652
5741184
5741422
5742800
5743137
5743394
5744140
5744277
5744515
5746170
5746312
5746420
5748878
5749625
5750143
5750227
5751597
5755476
5756829
5758261
5758899
5760854
5761410
5761539
5762380
5763877
5765488
5769472
5769548
5770399
5770853
5771900
5772850
5773091
5777564
5777716
5779118
5783270
5786923
5786943
5787445
5788006
5788100
5791660
5792974
5793784
5796847
5798307
5801845
5802765
5802960
5804908
5804971
5805703
5806275
5808268
5809250
5812516
5813113
5814912
5815301
5815728
5816664
5816898
5818440
5819661
5821488
5823039
5823042
5824374
5825529
5825690
5827010
5829778
5829943
5830186
5830276
5835444
5836123
5839003
5839526
5842646
5843246
5845925
5846685
5846719
5847027
5847231
5848007
5849161
5849481
5849563
5851013
5851145
5852339
5852540
5852697
5853845
5854197
5854437
5854751
5856060
5859179
5860619
5861662
5861707
5861937
5862398
5865360
5865945
5870647
5872766
5874022
5874875
5876711
5877576
5878384
5878614
5881382
5882335
5883694
5885123
5885192
5885231
5886525
5888737
5889885
5890314
5892077
5892118
5893602
5894484
5894850
5896476
5896833
5896859
5898301
5898908
5898940
5899273
5899731
5900474
5902933
5903466
5907320
5908348
5908410
5910641
5911160
5912921
5913589
5915681
5916622
5917839
5918092
5920943
5921147
5922678
5922925
5927394
5929075
5930574
5931179
5932285
5933457
5933938
5935411
5935945
5937529
5939903
5940871
5942073
5943534
5943696
5945340
5946543
5947805
5948458
5949241
5949421
5952748
5952834
5953616
5954831
5956232
5957120
5957399
5958506
5958811
5961596
5961792
5964535
5964975
5965397
5966325
5972009
5972602
5973183
5976217
5977078
5978073
5979199
5980785
5982175
5982359
5982615
5983292
5983483
5984463
5985148
5985327
5985471
5986881
5988415
5988624
5991952
5992753
5993603
5993745
5994071
5994658
5997078
5997281
5997497
5998047
5999928
6000109
6002300
6002850
6005019
6007401
6007976
6008146
6010086
6011037
6013535
6014081
6014289
6014593
6015504
6016294
6019168
6019641
6019705
6021321
6022512
6022951
6024075
6029214
6031160
6031829
6032384
6034430
6035252
6035812
6036369
6037867
6039287
6039640
6041777
6041918
6042828
6043245
6045615
6045736
6047024
6047198
6047379
6047861
6048891
6049119
6050961
6051757
6052267
6053015
6053751
6055531
6056427
6056663
6057920
6059342
6060799
6061258
6062810
6064942
6065387
6068773
6068956
6069646
6071864
6072690
6074389
6074495
6075195
6076687
6078746
6079077
6080518
6081275
6081959
6082906
6083864
6084994
6085983
6087556
6088463
6090730
6091083
6091206
6091799
6093097
6095131
6096362
6096533
6098545
6099008
6100927
6101831
6102185
6103580
6104673
6105800
6106131
6106189
6106398
6106937
6109298
6109334
6110494
6111220
6112736
6114010
6116911
6117507
6118911
6119023
6120146
6120670
6121098
6122383
6122479
6127624
6128959
6129496
6130079
6130153
6133890
6134491
6135203
6135399
6138786
6138967
6142250
6142596
6143395
6143534
6146193
6147023
6147342
6147528
6148043
6148408
6149103
6150142
6150656
6150850
6151963
6152412
6152494
6152566
6152646
6152858
6153920
6154093
6154138
6154697
6155829
6155907
6157059
6157477
6159495
6160895
6161189
6161692
6161967
6163443
6163493
6164316
6164941
6165294
6165488
6166134
6167159
6170727
6170820
6172156
6172319
6172949
6176359
6176568
6177768
6177795
6178638
6179833
6180251
6180914
6181212
6182151
6183652
6184889
6185959
6186852
6187299
6187408
6187883
6188957
6189790
6192618
6194285
6195042
6196222
6198521
6198771
6199101
6201405
6203720
6204593
6206199
6206595
6207740
6208789
6208940
6210921
6211476
6212157
6212243
6213756
6218442
6218979
6220549
6221806
6223416
6223533
6224425
6225083
6225338
6227262
6229496
6229768
6230600
6232149
6234955
6236495
6236864
6239382
6239984
6240543
6240674
6241278
6241516
6241659
6242038
6242173
6248142
6249159
6250100
6250801
6252609
6253536
6254197
6254312
6254381
6256865
6257081
6257696
6258890
6258915
6262726
6262854
6263376
6263787
6264499
6264839
6268040
6268770
6269443
6270012
6270672
6271164
6271741
6272871
6272918
6275155
6278129
6278939
6279659
6281883
6282582
6287196
6288286
6288900
6289506
6290976
6291353
6292063
6292800
6293860
6294834
6296616
6296909
6297830
6298863
6298902
6299955
6300367
6300673
6301597
6303458
6303783
6303789
6303808
6304261
6304391
6307000
6307291
6307593
6308257
6308907
6309526
6311020
6311193
6312021
6312315
6312949
6313761
6314460
6315122
6315569
6316404
6316654
6317315
6317748
6317764
6318387
6320690
6320890
6321242
6321250
6323019
6324418
6325254
6325556
6326116
6327203
6327943
6328904
6329760
6332226
6332919
6333141
6333707
6337593
6339077
6339566
6340141
6340149
6340624
6343753
6344226
6345505
6350093
6350264
6351194
6351406
6352552
6353279
6353632
6353872
6357121
6357890
6359210
6359811
6360181
6360431
6360902
6361346
6362294
6362994
6363603
6364408
6364832
6368390
6368744
6369480
6369531
6371317
6371473
6373114
6375025
6375802
6377682
6378746
6381109
6382977
6384056
6385087
6386266
6387512
6387655
6388167
6388668
6389145
6389697
6390311
6390577
6390878
6391571
6391834
6394771
6396049
6399646
6400936
6403105
6403718
6406315
6408119
6409722
6410948
6413315
6413553
6413621
6415215
6416295
6417190
6418710
6420159
6421322
6422135
6422510
6423298
6423614
6424134
6424162
6425906
6426302
6428845
6431279
6431503
6432490
6432673
6433893
6436331
6436667
6437220
6438391
6440310
6440806
6442451
6442631
6442876
6444284
6445329
6445958
6446863
6447775
6447957
6448137
6450178
6451844
6452209
6454082
6454448
6456824
6457989
6460088
6460787
6461444
6461635
6461808
6463293
6463577
6463777
6464296
6468558
6470816
6471036
6471161
6472281
6474531
6474759
6474978
6475100
6475812
6476635
6477214
6478132
6481987
6484042
6484534
6484683
6484925
6487732
6488005
6490329
6490589
6493296
6493416
6493753
6494137
6494844
6495107
6495438
6495636
6496854
6498813
6500712
6501158
6501234
6501613
6504566
6505103
6505519
6507971
6508970
6512936
6515050
6515127
6515946
6516346
6517132
6518100
6518273
6518833
6521197
6522367
6524303
6525347
6527892
6529019
6530186
6531575
6531693
6534413
6537798
6538749
6539731
6540703
6541330
6541728
6541993
6543036
6543062
6544145
6545298
6545343
6548327
6549182
6549438
6554836
6555836
6557042
6561704
6561812
6561839
6562008
6563289
6564278
6565016
6567256
6570238
6571681
6571895
6574841
6574855
6577338
6577571
6579263
6584482
6584669
6585143
6586347
6588733
6589695
6589864
6589987
6590302
6590971
6591071
6591752
6592008
6592166
6592711
6593151
6595078
6595314
6595593
6595902
6596204
6596294
6601104
6601141
6601469
6601826
6601849
6602517
6602846
6603561
6603616
6603656
6604963
6607243
6607365
6607829
6608520
6609298
6609912
6614044
6614470
6614633
6620558
6620914
6620940
6621021
6621164
6621547
6623163
6623376
6625045
6625709
6627169
6627437
6627520
6630180
6630681
6631323
6632733
6633878
6635810
6635924
6637168
6637834
6638248
6638626
6641581
6641833
6642199
6643718
6644491
6645301
6647615
6648059
6648100
6649601
6650006
6650587
6651827
6653151
6653279
6657519
6657635
6657989
6659352
6660393
6661770
6666202
6666857
6670815
6676407
6677908
6678333
6678690
6678723
6679606
6681726
6682111
6682852
6682935
6683136
6685476
6686336
6686455
6687946
6688456
6688895
6690413
6691045
6691876
6692227
6692638
6693371
6693701