246
6814
16265
18708
23412
24355
29176
31718
41121
41413
41779
43743
47815
56194
57756
58697
61369
62135
74477
76749
83043
88634
89249
92311
92460
98156
105202
110707
113769
117342
117777
125187
126282
128882
131021
132563
135637
138175
141584
144746
146800
155703
159128
159199
167896
173586
176158
177227
178182
181623
186894
189025
189956
191134
203365
203562
205631
206503
208771
210820
212090
216772
219107
220044
233383
233787
237525
239137
250643
251501
255280
256278
260175
262497
264092
265164
265895
277371
299530
300992
302505
306805
318078
327788
337920
341030
347463
351605
351758
356648
365501
365551
384555
385118
391270
398442
400250
414596
415119
415389
418501
419316
421234
426762
426988
429515
439042
441420
457676
465403
468032
470447
470659
472205
481182
481310
486883
498197
499054
500449
509159
516936
523848
527751
528378
530338
533117
537365
548017
548849
550705
552317
554293
561914
566211
569761
571422
571444
572182
574559
575524
575824
575858
579439
582958
586759
587144
589000
602034
606147
619178
623423
634487
652475
658966
663036
667751
675168
675710
680466
682327
685759
699992
702624
703585
704002
708582
712863
713936
715197
719392
727510
727799
728509
736041
738794
742471
742654
743033
744239
746278
748729
749646
751368
751674
752874
758033
762923
765189
766140
769717
770377
775385
776727
780510
783823
787358
788564
792018
800231
803862
807445
809411
810573
815105
818859
821918
829465
832165
838708
841343
844965
1127310
1130336
1135898
1136441
1137404
1138941
1143868
1144540
1145867
1153946
1157412
1157951
1160937
1169506
1170092
1178916
1181974
1184405
1191919
1193238
1197966
1198719
1201303
1202657
1213303
1224096
1243603
1251335
1251890
1253462
1254759
1256040
1262112
1265479
1272377
1275274
1276977
1278260
1284534
1287514
1288844
1291772
1292260
1299110
1304240
1309336
1327108
1339188
1348102
1354647
1358735
1364120
1375942
1381296
1385713
1385906
1385920
1387863
1388786
1388840
1394805
1397946
1398950
1399142
1399454
1400143
1420031
1428146
1429200
1433862
1436166
1446560
1450749
1461471
1462731
1463510
1466450
1479923
1480916
1481265
1481672
1483634
1483884
1488089
1488291
1490840
1498022
1507097
1507625
1512889
1525904
1535399
1539015
1540116
1543059
1544754
1550352
1553088
1557343
1560320
1563050
1564511
1570138
1573249
1575516
1578083
1582167
1582694
1582777
1583394
1587041
1588572
1599822
1601218
1602225
1605132
1614757
1616944
1626895
1633566
1635968
1639731
1641516
1649258
1657354
1657473
1666494
1666961
1682930
846474
851030
851118
853709
860484
866485
866625
869393
874170
880990
881100
882623
888113
889060
892847
893798
895605
897803
903181
903592
903805
909713
914589
914689
915016
927956
929595
939351
945531
945543
947319
956629
960705
965097
970445
974931
975721
981627
990807
997952
1008691
1010913
1012376
1014138
1014395
1016389
1017801
1023690
1024784
1030745
1042984
1047279
1055354
1055659
1057646
1061357
1062411
1068833
1076625
1077151
1083968
1084801
1085874
1112676
1118418
1687732
1692103
1693810
1694486
1698034
1700379
1713222
1723478
1723806
1728688
1730361
1737617
1741204
1742480
1747491
1749128
1750289
1756150
1764541
1768724
1774160
1776604
1780742
1781825
1782655
1786976
1788210
1795316
1805229
1806729
1808760
1811506
1817961
1823654
1824223
1827339
1832846
1839619
1840941
1846301
1850976
1851645
1856321
1858778
1867374
1873464
1877292
1880123
1880908
1887786
1888725
1889627
1891791
1893626
1898616
1909594
1915512
1920052
1921390
1930210
1930940
1930945
1932335
1933532
1938717
1944599
1947101
1954474
1954987
1955738
1960954
1967337
1971355
1972076
1975810
1976610
1976767
1983590
1983865
1985713
1987902
1990422
1994230
1994265
1996415
2000845
2009471
2011324
2016031
2022244
2023461
2024507
2024563
2024600
2027521
2028050
2028814
2030836
2033602
2033777
2037399
2038927
2054797
2058291
2058989
2064701
2077540
2078086
2082569
2085862
2087655
2087995
2088763
2092443
2092609
2103251
2106352
2107728
2110437
2112408
2115704
2117591
2119225
2120909
2123240
2129199
2130646
2133323
2155355
2156103
2157350
2170053
2172087
2172373
2175201
2178174
2181298
2184942
2186931
2188375
2188912
2191011
2191690
2192000
2205376
2210674
2213741
2214453
2221415
2226092
2249426
2259686
2260675
2271499
2272313
2274453
2275695
2276211
2281018
2286176
2287043
2287975
2289096
2297022
2299784
2302508
2303054
2306580
2309941
2315517
2320563
2333429
2335490
2337902
2339356
2339418
2341641
2346110
2348076
2351896
2354850
2358298
2362940
2369060
2372674
2374374
2383594
2390428
2406615
2409674
2409783
2414181
2416249
2419618
2427064
2430341
2431232
2437378
2438074
2448652
2452344
2455393
2455668
2461511
2461707
2465644
2473617
2483469
2490411
2500580
2501311
2507026
2515778
2518030
2524111
2530367
2530959
2531750
2538975
2539176
2544261
2552257
2552324
2555763
2562572
2570942
2571911
2572862
2573373
2578384
2580686
2583936
2584870
2586370
2586522
2589594
2592884
2597804
2597865
2598521
2599222
2600845
2602025
2606590
2616716
2619111
2621666
2622880
2629713
2645103
2646471
2648626
2657914
2665033
2667708
2668592
2669075
2671405
2673517
2678076
2682066
2682495
2687367
2689386
2701555
2702388
2703058
2712722
2713513
2718654
2722735
2724477
2730285
2733716
2736808
2737278
2737387
2740949
2747097
2750688
2759955
2769430
2778084
2796097
2798922
2799075
2802201
2802271
2804674
2806192
2811444
2811801
2816494
2822299
2830976
2835554
2837186
2844419
2850622
2850828
2860921
2862063
2866377
2867889
2874535
2883738
2887006
2887096
2889813
2890786
2892093
2895027
2896276
2897624
2904039
2905069
2907733
2907759
2920078
2925555
2929005
2930631
2934078
2937497
2939706
2946925
2956049
2958462
2961571
2964937
2966058
2966433
2969011
2970384
2971218
2975691
2979796
2979803
2982001
2988484
2999650
3001267
3002526
3003279
3008141
3011860
3012194
3012864
3015338
3019484
3019954
3026877
3029580
3034638
3042544
3047454
3051630
3058648
3061755
3062312
3069881
3070534
3073892
3078629
3079290
3079521
3086215
3089229
3089787
3089945
3095155
3098238
3099403
3103800
3105709
3109584
3111651
3112102
3116219
3117164
3118417
3119767
3122884
3128596
3130939
3134333
3136607
3138678
3146838
3148160
3153999
3159511
3164209
3165103
3166477
3177546
3179748
3180069
3181448
3185181
3188262
3188661
3197803
3198521
3203925
3213392
3237808
3238894
3247021
3259171
3259594
3263906
3264919
3267217
3279447
3280944
3284298
3287559
3290955
3293900
3294479
3295565
3303013
3305229
3309359
3310186
3311239
3315753
3318693
3328940
3334031
3335466
3336813
3339493
3341043
3342166
3342924
3345357
3351488
3352401
3354226
3362543
3365610
3366093
3366709
3368997
3376706
3377450
3379664
3389713
3391679
3395297
3395526
3400214
3402593
3407522
3413022
3413087
3423524
3424365
3429899
3431344
3432126
3436319
3436895
3439928
3447710
3454805
3459832
3466779
3466826
3467340
3471219
3473209
3486899
3494879
3497254
3502556
3504972
3507704
3508747
3511563
3511624
3512447
3522499
3525294
3527881
3530506
3540212
3542135
3544360
3544521
3545252
3550242
3552570
3554922
3558483
3561546
3564001
3568347
3573836
3578978
3580271
3587548
3588153
3597864
3598505
3600442
3603991
3607961
3616472
3628700
3631724
3633214
3646408
3648751
3657190
3658197
3658581
3664810
3669401
3675584
3676117
3677874
3680089
3682245
3682997
3683392
3688996
3690305
3692525
3694274
3695804
3704324
3704454
3717824
3720292
3720664
3722485
3722866
3727513
3729409
3738568
3747450
3749062
3762084
3764842
3768184
3774546
3775115
3778217
3778428
3778735
3785462
3798779
3803416
3809207
3810161
3811279
3813222
3814190
3820244
3823177
3825067
3826270
3827253
3828960
3831521
3832086
3833776
3837296
3843081
3848819
3852087
3852443
3852485
3862209
3868266
3871438
3878853
3880499
3882681
3885611
3885762
3887245
3887781
3898343
3900511
3904953
3906026
3907349
3908913
3909116
3913053
3913093
3917861
3919276
3924759
3929555
3931104
3932172
3932769
3940295
3947087
3950546
3952608
3956114
3962280
3964694
3964966
3965008
3972316
3975082
3977777
3983305
3991937
3994262
3998082
4003453
4009505
4009872
4012732
4015746
4017830
4018324
4019438
4020506
4025621
4036221
4039683
4046765
4051084
4051278
4052012
4053465
4056200
4064758
4065362
4066437
4076383
4077942
4079878
4085070
4092856
4094966
4103570
4108800
4123951
4129000
4132686
4138704
4145920
4151450
4160237
4162215
4163605
4167625
4169677
4170962
4181705
4184502
4194232
4200395
4200404
4201665
4209284
4214779
4214851
4216030
4222144
4226413
4229571
4231397
4235801
4238886
4244794
4247720
4257537
4258165
4266948
4267647
4273957
4274472
4296486
4300526
4303513
4309766
4315999
4317441
4323660
4333117
4338287
4339958
4353824
4355432
4360168
4366398
4366788
4367546
4377126
4383512
4388726
4393446
4397660
4398545
4400246
4402098
4405654
4406357
4409328
4410702
4413208
4413395
4416083
4420628
4426031
4429692
4430419
4432522
4441091
4443164
4444816
4446119
4447409
4449656
4450938
4451378
4455566
4458204
4460181
4461551
4463009
4473567
4475856
4477958
4479063
4483535
4487104
4498526
4498918
4501527
4506517
4517295
4518296
4522501
4522691
4532560
4538676
4542220
4549023
4550788
4552903
4557213
4562555
4569739
4576784
4584762
4587019
4587435
4590136
4592458
4593082
4595701
4604436
4630278
4635162
4638916
4639445
4640891
4643482
4643632
4645668
4654675
4654837
4655896
4658294
4660403
4665993
4669042
4687014
4690223
4690571
4692155
4695725
4695923
4696749
4700490
4702471
4707352
4708023
4708247
4708993
4710378
4714256
4719153
4720430
4723344
4727085
4727629
4745658
4750841
4758545
4759953
4763252
4769814
4770415
4771451
4771715
4772545
4784547
4785436
4798235
4801450
4801979
4802315
4802704
4813460
4821002
4821930
4822223
4823509
4824246
4830040
4830933
4834027
4836154
4837484
4848382
4851713
4852033
4853490
4859944
4860869
4868280
4868581
4875337
4875497
4878210
4878344
4881637
4882750
4883987
4884716
4888754
4894708
4899579
4899910
4900375
4908336
4910284
4912531
4917077
4923797
4925875
4927413
4933902
4949213
4952543
4957580
4978028
4979353
4981176
4985215
4989211
4996657
4997468
5005487
5006663
5019605
5022218
5022497
5028006
5031870
5034559
5038768
5044127
5049186
5073230
5078604
5080405
5080822
5082380
5088261
5088571
5091963
5096414
5099522
5099548
5101102
5106606
5108401
5109018
5115311
5120218
5126227
5128534
5142273
5145945
5161587
5171157
5172111
5177932
5186176
5198675
5198977
5202932
5218476
5219112
5220664
5224566
5225113
5231097
5232609
5234900
5234995
5243799
5245700
5254903
5255844
5259685
5263331
5270009
5287040
5291276
5293747
5299496
5303262
5305319
5318786
5319793
5322371
5326858
5328328
5333723
5339889
5339905
5341918
5343823
5356838
5361028
5363843
5364696
5370700
5380290
5383649
5393621
5395106
5397781
5398596
5404014
5419204
5420073
5423175
5430179
5432251
5433244
5435869
5438163
5445917
5450977
5452119
5453961
5462896
5468382
5468390
5468802
5471365
5480490
5488631
5494406
5494763
5495982
5500471
5501670
5508701
5513212
5521863
5525670
5527964
5533703
5542712
5550864
5560458
5560724
5561087
5561614
5561760
5562364
5564407
5572923
5573005
5573204
5577768
5587485
5588040
5591504
5601856
5601912
5603548
5606577
5609386
5614846
5617250
5617394
5622835
5623008
5623402
5623839
5632893
5633779
5635727
5637439
5638689
5639281
5639647
5642520
5659941
5661420
5670290
5671461
5676131
5678493
5685987
5686626
5699082
5704450
5708945
5710559
5720196
5721071
5724071
5726729
5727093
5743933
5745217
5755254
5762566
5762619
5787088
5787648
5789373
5789754
5790632
5799319
5804305
5815134
5822535
5823165
5825690
5831017
5831499
5837216
5839069
5854967
5858708
5869645
5872055
5872733
5874982
5878393
5882230
5886925
5893010
5896567
5908730
5912265
5913596
5921968
5923817
5926790
5928091
5929858
5931753
5932830
5936231
5936758
5944472
5952858
5955803
5963994
5970379
5972317
5973517
5974388
5976369
5977039
5980387
5984379
5988201
5993625
5995043
5995957
5995973
5996083
6004614
6006715
6010153
6030016
6030359
6030703
6035860
6038021
6043636
6048478
6054770
6063906
6070407
6071769
6076280
6078594
6087737
6095254
6097139
6101542
6103377
6119980
6121385
6121905
6123968
6129998
6131099
6131110
6142206
6143648
6149998
6150872
6152439
6153011
6157887
6162460
6163100
6165546
6168526
6175439
6177165
6178303
6179097
6180309
6185318
6190152
6190513
6194109
6197102
6201360
6207616
6209172
6213618
6219224
6223997
6224416
6225898
6238216
6239553
6244382
6246176
6250231
6252922
6258881
6261575
6261856
6262821
6265857
6278509
6280074
6282488
6282938
6285778
6286750
6287960
6296498
6297147
6298863
6302389
6303304
6311557
6313771
6328048
6329743
6343200
6345908
6346063
6351060
6353674
6355210
6356336
6358384
6363229
6370937
6380191
6384348
6388634
6389252
6390354
6403972
6405294
6409355
6409442
6415498
6416459
6417356
6429289
6430159
6436773
6444988
6466140
6466936
6472434
6476508
6478074
6479218
6480332
6487520
6487742
6489397
6490773
6491228
6492298
6494696
6496667
6502759
6506043
6507541
6513146
6520249
6520525
6521299
6523879
6528817
6531826
6532707
6541121
6541261
6544746
6550413
6566031
6566324
6571514
6573353
6582957
6592226
6608307
6608715
6609044
6609164
6639375
6640074
6642028
6642284
6643616
6645914
6647909
6649951
6653276
6657384
6662834
6667531
6669224
6671490
6674622
6681892
6683926
6687817
6691621
6692823