52974
67964
77183
90225
119856
120710
136702
148943
153617
154054
158913
159861
176657
183406
194580
212078
219582
232628
236663
248908
254245
264705
270386
279419
301537
303731
310317
330156
336224
353621
364140
368382
372241
381137
393128
393420
406986
414518
418998
456361
472060
477478
481276
482376
493389
504972
519825
536789
557691
578103
578182
581930
584086
585876
603365
608604
619659
639345
645776
649203
668416
671020
671689
691862
698270
701020
707744
708794
709388
712005
714656
717800
717946
732701
737055
738912
739750
745891
769099
769100
769560
779822
792827
797588
798144
814092
815123
822399
825041
831196
1127623
1137564
1138289
1163098
1186015
1196332
1204304
1210877
1216271
1224890
1229991
1236214
1252619
1271404
1292616
1297072
1302984
1329138
1334589
1343386
1382256
1401897
1403203
1410547
1412455
1419439
1424008
1429649
1430514
1430873
1432032
1436485
1458011
1467323
1494708
1528019
1544149
1552019
1552098
1553661
1577820
1583798
1583965
1609979
1615942
1620873
1651600
1659302
1662585
1678227
1681988
850551
853828
855309
878513
892789
895349
914781
915209
915459
932029
935532
937866
965692
965745
966009
966942
969784
980227
985779
1004622
1019235
1029608
1041991
1043365
1085020
1091274
1100373
1123112
1124177
1685261
1685423
1724589
1726725
1744410
1778544
1789715
1791820
1794760
1797395
1852144
1853508
1859123
1860874
1862759
1868635
1879887
1882026
1904164
1943273
1972374
1978413
1993067
2006804
2009948
2015509
2039021
2050329
2054912
2062193
2070268
2071096
2084034
2098009
2118049
2120483
2130904
2131660
2136170
2137248
2137971
2143538
2156809
2159717
2186545
2188879
2192164
2193519
2216249
2222902
2235908
2247554
2250609
2250665
2264833
2288445
2298904
2300835
2319280
2349885
2352945
2355733
2370484
2374684
2413697
2431493
2436516
2444403
2445727
2455322
2460892
2461946
2487848
2492240
2506640
2507600
2537066
2544108
2550252
2568253
2572655
2575325
2594910
2603352
2604074
2614396
2636216
2647982
2657804
2663351
2685850
2690276
2693943
2721115
2744697
2753607
2766517
2766754
2768414
2773759
2784171
2786769
2787038
2804528
2809731
2810337
2822100
2824031
2826469
2842867
2845414
2849365
2874815
2879228
2886446
2887504
2894434
2901612
2925000
2935419
2945250
2955803
2959288
2961518
3000069
3012872
3022207
3030684
3030718
3033814
3067899
3075330
3080702
3095687
3107319
3116749
3125394
3126414
3131246
3153919
3156787
3173965
3190790
3196185
3214417
3218319
3220258
3234130
3248092
3249470
3266818
3282263
3294791
3300302
3312822
3325124
3327870
3329303
3357260
3370810
3383415
3389227
3396012
3418087
3418770
3441706
3476339
3490858
3492676
3493894
3499215
3504354
3523278
3534074
3548311
3565848
3572342
3584619
3603047
3631538
3665657
3669962
3670815
3692419
3704730
3705295
3713625
3714045
3728845
3729935
3734046
3735849
3742744
3742950
3745242
3750144
3753235
3764081
3809149
3809577
3816059
3821201
3830565
3842202
3845976
3849304
3865371
3866346
3877028
3893519
3912720
3927889
3949541
3977501
3992180
3996473
4022739
4039296
4041845
4059828
4073103
4075322
4101584
4104588
4118549
4142532
4160164
4173324
4182332
4189019
4194217
4196312
4208387
4244394
4249731
4260951
4274663
4274914
4281493
4335366
4347664
4351304
4355248
4359355
4364098
4416496
4456671
4457293
4470449
4473499
4501271
4510256
4546247
4549084
4553321
4574427
4611627
4611770
4635848
4681482
4684267
4691873
4698553
4705593
4727771
4738431
4755123
4756636
4770410
4815442
4823143
4834219
4846195
4856920
4869458
4871140
4905034
4907157
4914935
4936973
4939375
4943565
4948662
4958792
4983759
4984077
4988789
4999891
5011899
5023534
5023980
5025417
5044701
5051164
5061719
5066932
5086410
5096531
5102324
5127776
5130354
5135232
5141332
5142439
5151001
5152468
5156537
5192729
5205897
5224656
5229805
5253288
5254998
5260910
5268161
5268600
5272076
5286237
5290822
5312128
5314213
5321227
5328282
5339274
5345224
5345236
5347997
5348843
5392690
5405103
5405305
5413935
5416151
5426422
5432890
5475932
5477386
5486263
5495700
5499366
5501816
5506766
5515845
5531170
5532889
5545972
5552094
5556843
5562230
5569757
5577852
5584027
5584486
5587073
5623470
5624371
5642472
5664905
5672176
5675252
5689032
5694771
5705594
5706065
5706121
5719235
5720853
5724974
5737746
5766797
5775955
5777499
5781612
5782951
5786108
5788371
5804605
5811113
5813622
5814583
5817383
5839073
5843557
5851454
5852540
5876202
5880696
5893941
5897436
5905228
5923299
5948048
5972905
6034847
6041297
6046808
6053751
6054597
6056391
6057680
6063698
6090671
6093534
6094133
6107141
6112167
6135245
6142844
6156151
6172765
6181522
6206369
6209973
6216678
6220315
6230610
6251756
6277994
6279605
6285544
6310279
6321552
6325532
6331898
6346180
6347191
6367584
6368508
6373501
6380175
6386686
6404837
6411283
6413990
6436965
6452666
6473435
6478334
6493445
6503243
6518489
6520621
6538365
6540906
6544158
6546256
6550836
6552847
6557668
6565324
6582283
6604326
6605789
6613158
6615056
6634107
6636781
6637041
6652741
6660377
6661170
6681073
6682893