343
856
863
1417
2145
3319
3466
5616
7061
7266
7991
8183
8560
8611
8651
9096
9866
10173
12585
13472
14339
14477
14693
15443
15496
15783
15897
17231
18459
18877
20239
20728
21370
21699
22782
23041
23238
23315
23923
24512
25015
25546
25649
25833
25989
26564
26781
28556
30483
31679
31701
33362
35923
36269
36423
36543
36796
37743
40256
40577
41865
42141
42429
43865
44013
44338
44683
44692
46180
47256
48616
49838
50178
50192
50660
51716
51929
52932
53005
53058
54215
55193
55738
56688
57390
58533
58849
59876
61578
62378
62909
63964
64383
66296
66645
66989
67091
68554
71606
73153
75274
75318
76593
76686
78389
80214
80405
81635
82117
82761
83065
83814
84597
86116
86915
87995
88116
90225
91577
93509
94751
95152
95817
95839
96895
97422
97681
97707
99956
101272
101345
101607
101782
102438
103050
104938
105369
105520
105967
106509
107370
108118
108416
108823
110671
111898
112043
112866
112956
113370
113686
115265
115346
115742
115834
117426
118591
120362
121131
121851
122105
125777
127432
128147
128163
128996
129003
130436
132691
132801
133690
133719
133965
134348
135657
135891
136369
136672
137634
137859
138263
138518
139689
141252
141501
142005
142842
146276
147862
148205
149505
149680
150351
150420
150771
151701
152261
152577
152997
153932
155442
155799
157144
157963
158474
158675
159634
160320
160593
161138
161587
161672
161935
162086
163398
163660
163895
163897
166438
167247
167626
167896
168416
170421
171900
172165
172804
173509
175354
175488
175699
176550
177071
177482
178282
178615
178974
179272
180628
181241
181506
183463
184378
184498
185351
185520
185839
186297
186427
186894
187288
187622
188278
189472
190259
190305
191488
191718
193178
193597
194132
194211
195005
195435
195479
196334
197354
198136
198322
199588
199953
201173
202476
206413
206500
207089
207200
208018
208282
208372
209078
210940
211323
211580
215254
216681
218079
218153
218511
219758
221141
221799
222658
223013
223156
224739
224930
225679
226673
227264
228589
228644
228887
229277
229472
229666
231831
232312
232628
233321
233861
233932
233989
235102
235253
237784
238170
239685
240158
240469
240952
241099
241193
241680
241729
242070
242649
242819
243019
244372
246074
246562
247322
247741
248305
248977
249617
251846
251877
252672
253215
254245
254467
254998
255209
255261
256217
256542
257409
257834
257895
258268
259399
260646
261789
262189
262678
263075
264511
264671
265270
266057
266286
266496
267248
267324
267480
267497
268601
268847
269033
270144
270460
271599
273410
273455
273717
274355
275247
275250
275949
276695
276831
276984
277010
277910
278110
279082
279241
279394
280117
280632
281161
281362
281905
282451
282947
283550
283903
284205
284498
285529
285538
286335
286776
287346
288070
288886
289531
289564
289727
290117
290138
290165
290209
290886
291338
292073
292127
293030
294714
295435
297428
298418
298775
299738
300101
301406
303033
303361
303597
303730
304632
304874
305435
305566
305658
306347
308861
309596
309844
310414
311005
312331
312387
312728
313231
313703
314277
314677
315080
315196
315710
316121
316179
316217
317451
317457
317829
318448
318577
318789
320630
321093
321225
321920
322282
322540
322741
324176
326283
326888
328283
328690
329181
331309
331649
331993
332239
332378
332401
334096
334239
334644
334934
337682
338099
340450
341231
341930
342120
342193
343062
343283
345135
345142
345911
346258
346338
347175
347176
347872
347967
348602
348948
349735
350590
351758
352639
352814
353161
353696
356084
356310
357337
357914
358454
358694
358786
358967
359340
359855
360584
360816
361275
361557
361807
362983
363408
363650
363724
363877
364115
364663
364913
366089
366451
366481
366880
367589
368383
369715
370317
370402
372089
372379
373824
374817
374821
375097
375232
375398
375441
375805
376345
379668
379814
380503
380753
381704
382855
383257
383729
384045
384380
385124
385914
387048
387352
389097
389778
390268
390476
390958
391187
391935
392582
393405
394052
394208
394210
394535
395112
395706
395881
395888
396524
396890
398444
399488
400196
401342
401515
401971
402547
402966
403233
404327
404889
406654
407604
408259
409192
410075
410717
410957
413060
413219
413248
413607
414059
414199
414880
415519
415548
417384
417832
417991
418386
418392
419664
420239
420427
421412
421654
423474
424252
424944
425707
426274
426988
427224
427553
427848
430530
430896
431039
431548
431816
432386
432454
433190
433554
433888
434909
435248
435462
435634
435749
435906
436135
436188
436798
436946
437272
438218
438472
438712
439112
439350
439768
439851
440840
440854
441141
441288
441433
442885
449131
449217
450211
451479
451756
451788
452076
452478
452812
453643
453868
453974
455401
455860
456239
457005
457115
457130
457987
458073
458894
459251
459456
460224
461097
462205
462429
463081
463830
464698
465008
466920
467082
468050
468652
468839
469404
470110
470168
470654
471268
472114
472179
472593
472716
473415
473943
474972
475011
476363
476385
477235
477510
478794
478813
479134
479700
480393
480586
480803
480872
481254
481457
485007
485253
485953
486024
486697
487251
487683
488215
488599
488774
490321
490664
490904
491233
491533
491919
492286
493555
494308
494650
494732
494782
494786
494951
495528
495704
495720
496546
496565
498043
498921
499127
499654
500271
500566
501244
501738
502481
502630
502633
502929
503014
503137
503221
503734
504221
504521
504555
505142
506762
506832
507215
507353
507455
507718
508113
509265
510122
511869
512086
512146
512545
513492
513861
514144
514496
514764
515181
515656
515817
517543
518784
518892
520347
520384
520569
522341
522559
523263
523339
523398
523454
523629
523848
523849
524163
524520
524726
524752
524803
525308
525656
525684
526117
526531
526648
527270
527734
527926
528677
528904
530639
530851
532312
533256
534047
534158
535078
535861
536242
536249
536557
536927
538252
538360
538728
539570
539920
539933
540130
541702
542594
543852
545115
546459
548438
549076
550147
550455
550950
550997
551208
551675
553349
555258
555662
556560
557005
557020
557280
557302
557647
558005
559251
560706
561322
561444
562336
562524
562730
563806
564833
565273
565953
566165
566212
566905
567735
567875
568329
571916
572167
573868
574761
574787
575006
576310
578424
579266
579670
580523
581483
581792
582736
583336
583357
583607
586633
587350
588471
588685
589426
589482
589829
590785
591315
591838
592527
593483
593819
594772
595150
595494
595571
597218
598425
598798
598942
599010
599491
601433
601638
602586
602796
602866
603362
603667
604123
604301
604831
606043
606204
606903
607242
609380
609456
610381
610784
611121
611155
611351
611885
612337
613955
616398
616921
617282
617323
617339
617341
617886
618717
619011
619244
619516
619750
619934
620749
620799
622867
623374
623886
624250
625109
626381
626453
629249
630104
630213
630992
631383
632252
632654
633397
633437
633515
633636
635565
636175
636190
636493
636650
636750
636828
636929
637259
637537
639721
642001
643207
644547
644798
645472
645967
646004
648081
648188
648754
648798
648865
650718
650734
651889
652488
653271
653505
654213
655157
655854
656407
656697
656898
657202
657355
657786
658180
658461
659583
659874
660341
660409
660527
660865
662065
662798
664565
665070
665496
665836
667905
668272
668516
668627
669862
670359
670644
670978
671425
673760
673981
674983
675240
675375
675762
675932
676095
678406
680292
680413
682076
682145
682883
683482
683639
685671
686093
686450
686463
688707
689481
690193
690659
691324
691327
692250
692330
692517
692591
693823
693828
693954
694233
694973
695342
695417
696236
696448
696700
697742
698483
698671
698950
699024
699180
699415
699436
700654
701714
703289
703427
703585
703747
703786
705060
705170
705375
705828
708130
709130
709458
709794
709848
711014
712550
712691
712826
713463
714251
716242
717247
717525
717863
717932
718465
719135
719585
720193
720347
723121
724625
725586
727574
727898
728946
730685
730741
730855
731352
731567
731829
732306
733100
733146
734298
735635
735859
736449
738073
738107
738653
739030
739552
739750
741157
742609
742944
744954
750020
750440
750488
751291
751656
752469
753725
754058
754146
754229
755289
756241
758036
760510
760593
760599
761201
761502
761713
762097
762678
762742
763045
763258
763697
763844
764118
764939
765248
766366
766790
766796
768627
768670
768831
769200
769724
769846
770516
770670
770808
771466
772293
773241
773702
774330
775029
775235
775367
775819
776114
777268
777641
777871
780006
780308
780472
780958
781155
781173
781627
783244
783365
783527
783687
785142
785767
789199
790320
790616
790761
791049
791335
791849
792723
796161
796881
798287
798572
801206
801646
801949
802044
802443
803983
803984
805540
806293
806587
806985
807005
807302
807565
809240
809335
810308
810843
812044
812594
812854
813657
814091
814254
815239
815413
815547
816261
816473
817277
817418
817625
818572
819794
820298
821447
821929
822491
823118
823398
823755
824002
826334
826457
826647
827979
828749
828947
829054
829118
831678
832313
832828
834054
835462
835950
836511
836611
836679
837194
837928
839475
839988
840176
840757
840786
841529
843539
844829
845030
845165
845185
1126636
1126929
1127168
1127322
1127584
1127623
1128574
1128813
1129454
1129536
1130351
1130974
1131445
1131450
1133245
1133312
1133773
1134064
1135920
1136112
1136363
1136849
1137740
1137820
1138870
1140132
1140294
1140466
1140555
1140801
1142181
1144944
1145110
1145750
1146080
1146343
1146557
1147300
1148385
1148852
1149480
1150097
1150370
1151103
1151901
1153514
1154990
1155003
1155636
1157800
1159337
1160616
1161061
1161328
1161569
1162415
1164166
1165123
1165139
1165905
1166035
1166636
1167776
1168129
1169151
1169455
1170933
1171848
1172200
1173206
1173567
1175905
1176090
1178397
1178449
1179029
1180539
1180690
1180802
1180884
1181511
1182664
1183065
1183288
1183769
1184297
1185223
1186024
1190750
1192243
1192432
1192939
1193350
1194303
1194976
1195118
1196478
1197154
1198361
1198510
1199650
1199663
1200521
1200965
1202918
1204253
1204313
1204976
1206461
1206544
1208439
1208599
1208864
1210728
1210805
1210905
1211635
1211879
1212334
1213283
1213541
1213826
1214785
1215767
1216905
1217921
1219863
1220180
1220447
1221745
1222221
1223035
1223923
1224441
1225142
1225592
1225602
1226612
1228376
1228870
1228892
1230371
1231633
1232422
1233516
1234434
1235987
1236107
1237108
1237221
1237745
1237752
1238085
1238721
1239751
1240805
1240854
1242838
1244486
1245227
1247642
1249115
1249165
1249718
1249898
1250139
1252530
1253413
1254501
1254905
1256040
1257455
1257612
1257765
1258055
1258227
1258531
1259287
1259840
1260733
1261555
1264329
1264518
1266374
1267494
1267844
1267944
1268278
1268874
1269167
1269271
1269357
1269570
1269698
1269952
1270123
1271428
1271675
1271732
1274065
1274958
1276943
1277566
1277943
1278193
1279473
1279925
1280171
1280449
1280568
1280643
1281296
1282897
1283533
1285195
1285839
1286047
1286142
1286149
1287280
1288293
1289672
1290029
1290200
1290432
1291128
1291742
1291930
1293412
1293676
1295116
1295548
1295831
1296364
1297072
1297651
1299042
1301840
1305335
1305960
1308052
1308528
1309689
1310625
1310700
1310964
1311016
1312326
1312914
1313269
1313341
1313653
1314618
1314646
1315160
1315182
1315224
1315593
1315876
1316441
1319942
1320216
1321434
1323102
1323685
1324509
1325236
1325325
1325761
1326335
1327626
1328384
1329616
1329777
1330453
1330958
1331222
1331284
1331288
1333200
1333564
1334429
1335299
1335792
1336636
1336927
1337052
1337691
1339484
1340014
1341656
1342935
1344085
1344327
1344966
1345373
1345395
1345733
1346350
1348293
1349683
1349964
1350663
1353514
1353798
1353826
1354019
1354923
1355160
1357095
1357743
1357879
1358833
1358880
1358946
1359160
1359267
1359667
1360917
1361009
1361728
1362424
1362732
1363637
1363788
1364384
1365539
1365981
1367991
1367993
1368068
1369181
1370085
1371468
1371902
1373151
1373216
1373740
1374004
1374056
1374570
1375162
1376533
1376759
1378344
1379449
1380573
1380627
1384590
1386016
1386700
1387120
1387556
1387647
1388364
1389424
1390648
1390691
1390951
1393552
1395693
1397022
1397155
1400007
1401848
1401903
1402066
1402181
1402677
1403327
1404045
1404672
1405259
1405301
1405930
1406041
1406215
1406342
1406777
1408152
1409824
1410065
1410076
1410898
1414465
1414981
1416119
1416227
1416420
1416977
1417542
1419188
1419519
1421105
1421946
1423411
1424531
1424745
1424931
1425011
1425628
1425796
1426296
1426954
1427334
1427873
1428838
1429592
1430924
1431072
1432064
1432723
1432923
1433803
1436485
1438334
1438686
1438935
1439994
1441129
1441391
1441646
1441745
1441915
1442934
1442959
1445067
1446687
1446753
1451990
1452875
1453510
1453597
1454322
1455291
1455319
1456131
1456431
1456921
1457085
1459483
1459866
1460970
1461884
1462212
1462634
1462747
1463176
1463469
1464473
1464503
1468964
1469243
1469582
1469938
1470176
1470883
1471700
1471751
1471788
1472680
1474429
1474958
1476362
1476595
1476933
1477433
1478483
1478953
1480173
1480382
1480922
1481983
1482909
1482913
1483526
1483589
1484893
1485372
1485550
1486736
1487615
1487752
1489806
1490170
1490448
1490575
1490686
1493744
1493884
1494005
1494790
1495220
1495530
1495581
1496761
1497986
1498823
1499816
1500155
1500549
1500621
1501671
1502414
1502565
1502638
1502806
1505881
1505998
1506004
1506351
1506584
1508343
1508974
1510492
1510948
1511043
1511444
1512073
1513460
1513924
1515296
1516234
1516911
1516961
1518090
1518161
1519342
1520883
1522029
1523496
1524342
1527843
1528553
1528808
1528830
1529244
1530167
1531610
1532072
1532147
1533766
1536782
1537057
1537140
1537610
1539657
1539735
1540110
1541472
1543252
1544144
1544847
1545059
1546852
1547346
1548702
1548788
1548829
1549186
1549917
1550178
1551272
1551652
1552031
1552237
1552579
1553274
1553372
1553803
1553895
1554790
1555346
1556577
1556595
1558113
1558639
1558778
1559788
1560929
1561639
1561932
1562766
1562935
1564511
1564981
1565098
1565210
1565847
1566396
1566769
1567187
1569691
1570563
1571008
1571638
1571924
1572021
1572647
1572773
1573787
1574174
1574343
1576879
1577004
1577971
1578326
1580279
1581881
1582261
1582849
1585664
1586178
1586617
1587068
1587452
1590757
1591822
1592634
1593095
1594246
1595720
1595723
1596832
1597021
1597076
1597860
1597924
1599366
1599594
1601218
1601748
1602123
1602499
1602921
1602938
1603138
1603543
1604278
1604574
1604951
1605678
1607031
1607585
1608087
1608831
1609458
1609490
1610488
1610648
1613120
1613496
1614355
1614433
1614667
1616336
1617320
1617534
1618181
1620082
1620799
1622099
1622591
1622900
1623902
1624690
1624818
1625500
1626337
1627687
1628822
1629208
1629220
1629381
1629454
1629562
1630405
1631478
1633648
1635889
1635892
1636941
1638521
1640009
1640025
1640095
1640867
1641003
1642239
1643180
1643751
1643771
1643779
1643802
1643903
1644057
1644520
1644920
1645256
1647224
1647617
1647807
1648678
1648957
1650103
1650453
1650953
1651868
1652758
1652893
1653407
1653609
1654193
1654228
1654441
1654691
1654998
1655543
1656975
1656998
1658634
1658749
1659823
1659997
1660404
1661586
1662892
1663699
1664163
1664932
1665872
1667315
1669631
1669657
1670185
1670327
1671283
1672239
1673516
1673895
1674480
1674556
1675282
1675307
1675503
1675747
1676487
1677560
1678872
1679947
1680021
1680568
1681054
1681241
1681353
1682547
1682876
845748
845749
845854
845857
846250
846676
848182
848201
848228
849155
849468
849935
850526
850823
851006
851736
851840
852401
852494
852512
852912
853643
853698
854336
854577
855455
855695
855880
856478
857068
857380
857767
858166
859213
859945
859950
860066
860650
860693
862327
863582
863927
864199
864641
864949
865097
866193
867445
867665
867949
868160
870562
871682
872426
872459
872502
872590
872655
872715
873971
874753
874879
874899
875210
875230
876598
876702
877375
877524
877740
877954
878618
878620
878638
878939
879534
879699
882051
882364
882793
883470
884101
886172
886219
886535
886899
887788
887829
888306
888471
888928
889059
889184
890131
890472
891455
892109
892334
892392
893520
895091
895318
895716
897307
897795
898445
898739
898813
899216
899757
899983
900900
901376
901434
901808
902004
902672
902892
903061
904682
904828
905122
905159
905692
905765
906070
907107
907350
908813
909928
911268
911290
911735
912187
912546
912734
913944
914344
914796
915107
915663
915694
916140
916175
916265
916388
916691
916839
917200
918533
918550
919044
919064
919947
920077
920824
921106
921326
922259
923520
924293
924333
924489
924797
926088
926718
927327
929467
929476
930340
931198
932029
933271
935053
935344
937403
937769
939757
939822
940805
941421
941955
942086
942629
944041
944377
945531
945720
945839
945975
946199
946406
947015
947594
949002
949295
949924
950043
950748
953760
953921
954051
955495
955630
956282
956876
957062
957204
957909
957980
959220
959819
960256
961391
961699
961807
962179
963270
963502
964043
965068
965629
966185
966727
966981
967804
967858
970300
970445
970699
971865
973602
973717
973806
973933
974885
978574
978886
979461
980943
980972
981433
982004
982185
983391
984544
985911
985938
986944
987032
987247
988893
988928
988989
990306
990544
990797
991168
991671
991849
993715
993850
995005
995339
997685
999110
999222
1000138
1000745
1001727
1001891
1002550
1003570
1003709
1004191
1004770
1004966
1005882
1005957
1006702
1006956
1008978
1009709
1009731
1009957
1011505
1012687
1013394
1013993
1015110
1016344
1017350
1017728
1018116
1018398
1018862
1020855
1021061
1021096
1021624
1022128
1022571
1023342
1023688
1023829
1023978
1024141
1026244
1027256
1027652
1027726
1028626
1028976
1029593
1030155
1030542
1031561
1032069
1032224
1032499
1033373
1033824
1034931
1035975
1036527
1037976
1038167
1038892
1038917
1040106
1040809
1041130
1041991
1042427
1042924
1043237
1043555
1044058
1045198
1047470
1047648
1047737
1048038
1049055
1050222
1050633
1051879
1052049
1052445
1053780
1054292
1054492
1056896
1058229
1059002
1059193
1059846
1060064
1060397
1061439
1062382
1062550
1063077
1063899
1064100
1064436
1064453
1065278
1066359
1068442
1068831
1070304
1070550
1070850
1071012
1071223
1071838
1071891
1072884
1073219
1074758
1074861
1076220
1076898
1077010
1077333
1078614
1078820
1079176
1079359
1081021
1081295
1081399
1083609
1084468
1084719
1086010
1086429
1086658
1088030
1088128
1088214
1089087
1089221
1089256
1089273
1089352
1089899
1090889
1090902
1091478
1093348
1093928
1094925
1096203
1096631
1097588
1098406
1099550
1100129
1101446
1101516
1101996
1103061
1103281
1103372
1105616
1106397
1106820
1107720
1108148
1108591
1108728
1109263
1111703
1112123
1112188
1112441
1112858
1113293
1114087
1115572
1116936
1116955
1117496
1117822
1118075
1118648
1119378
1120751
1121327
1121422
1122865
1124184
1124343
1125033
1125290
1685577
1686282
1686336
1686615
1686938
1687278
1687360
1687530
1687705
1687762
1688313
1688826
1689192
1689281
1690106
1690245
1690410
1690567
1691246
1691539
1691738
1692278
1692346
1693776
1694983
1695408
1696601
1696915
1698416
1698654
1699012
1699273
1699316
1700881
1700966
1701830
1703254
1703653
1703965
1704128
1704295
1704979
1705214
1705650
1706736
1707009
1707201
1707569
1707908
1708268
1708672
1709786
1710064
1710138
1711196
1711500
1713130
1713632
1713936
1713964
1714946
1715355
1716778
1717941
1718616
1719356
1720154
1720439
1720888
1722511
1723039
1723341
1723497
1724161
1725410
1725983
1726387
1727134
1727288
1728106
1728813
1729179
1729422
1729450
1730491
1731019
1731545
1732365
1732633
1732879
1733390
1733547
1733827
1733963
1733970
1734183
1734490
1734636
1735059
1737043
1737846
1737916
1738136
1738431
1739091
1740419
1743927
1745113
1745310
1745995
1746537
1749362
1750597
1752942
1753805
1754124
1754325
1756455
1757606
1757810
1758181
1758265
1758473
1759148
1759259
1760006
1761687
1761796
1761893
1762753
1763071
1763979
1764209
1764488
1766905
1767478
1767946
1770624
1770879
1771533
1771651
1773136
1773440
1774310
1774644
1775168
1775909
1776333
1777208
1777368
1777849
1778937
1779907
1780315
1780874
1782662
1783224
1783401
1784237
1784809
1785188
1786712
1787054
1787206
1787836
1788061
1788528
1789377
1789891
1790153
1790835
1791544
1791614
1793820
1794012
1796968
1798178
1799382
1799687
1800009
1800643
1800698
1802458
1802643
1802695
1802871
1804470
1804869
1805680
1805763
1805883
1805968
1806293
1807202
1807325
1808894
1808979
1809083
1810162
1810182
1811013
1811658
1812234
1812704
1813439
1815583
1815926
1816577
1817076
1817669
1818190
1818388
1820764
1822739
1823942
1824089
1824568
1826155
1827029
1828082
1828361
1828588
1829706
1829960
1830869
1832972
1833513
1834089
1834146
1834524
1834640
1837783
1839505
1839573
1839692
1840162
1840292
1840954
1842352
1842788
1843247
1843605
1843883
1844560
1845494
1846450
1847407
1848902
1851767
1852671
1853635
1854321
1854327
1855183
1855600
1856266
1857073
1857409
1858183
1859302
1859908
1860352
1860392
1860427
1860570
1860832
1860902
1861464
1863305
1863823
1866747
1866937
1867010
1867668
1868057
1868242
1868678
1868731
1868901
1870375
1870422
1870438
1870629
1871193
1873903
1874606
1875170
1875215
1875839
1877292
1877938
1880811
1880839
1880880
1881045
1882120
1882158
1882247
1882608
1883053
1883203
1883664
1883972
1884719
1884938
1885073
1886015
1888580
1888667
1888999
1889425
1890257
1891889
1892577
1892590
1892857
1894236
1894272
1894885
1895723
1895952
1896309
1896425
1898177
1898396
1898616
1898993
1899324
1901057
1901225
1902754
1904495
1905417
1905970
1906033
1906246
1906727
1908004
1909203
1909450
1909594
1911410
1911518
1912376
1913146
1913473
1913526
1914166
1915053
1915512
1915569
1916276
1916607
1916644
1916793
1916847
1916990
1917002
1917292
1917766
1917831
1917869
1919419
1920461
1920993
1922150
1922198
1925383
1925504
1925753
1925901
1926890
1926996
1927200
1927357
1927989
1930178
1930711
1930837
1931599
1931959
1932335
1932489
1932539
1933384
1935049
1937945
1939129
1939295
1939575
1940990
1941421
1941522
1941636
1941672
1941892
1943072
1943085
1943603
1943702
1943883
1944225
1944880
1945679
1946274
1946526
1946763
1947307
1947957
1948375
1948880
1948990
1949007
1949810
1951441
1951619
1953142
1953173
1955640
1955721
1957564
1957624
1957769
1958262
1958741
1959735
1959994
1960738
1962570
1964090
1964670
1964841
1965047
1965738
1965771
1965821
1966704
1966735
1966908
1967881
1967993
1968436
1968998
1969022
1969105
1969509
1969890
1970435
1971115
1971735
1972042
1972387
1973353
1973677
1975484
1977317
1977620
1978737
1979129
1980108
1980345
1980638
1981529
1983441
1983905
1984515
1984876
1985683
1987040
1987275
1989184
1989465
1991373
1993008
1993941
1994226
1994284
1994410
1994621
1994789
1995226
1995421
1996233
1996392
1996557
1996856
1996958
1997270
1997686
2000132
2000218
2000636
2001164
2001503
2002243
2002617
2002955
2003295
2005308
2007405
2007838
2009380
2009719
2010258
2010673
2010746
2011046
2011795
2012296
2012416
2013719
2013812
2014110
2015302
2016024
2016141
2016663
2016792
2017395
2019121
2019874
2019947
2020741
2020884
2021052
2021258
2023084
2023410
2023899
2024071
2025002
2025180
2025798
2026115
2027521
2028014
2028050
2028249
2028488
2029168
2030110
2030609
2032735
2032947
2033803
2034589
2034724
2035927
2036548
2036582
2037635
2037680
2038400
2038466
2039473
2039533
2039891
2041955
2042392
2043037
2045479
2045676
2046074
2047835
2048882
2049141
2049381
2049593
2050050
2050736
2050994
2051222
2052495
2053085
2054404
2054563
2055540
2057728
2057780
2059211
2059347
2061026
2061042
2061128
2061760
2063573
2066845
2066925
2068029
2069710
2070134
2070293
2070505
2070733
2071393
2071677
2074423
2076276
2077412
2078092
2078466
2079316
2080008
2080080
2080459
2081967
2082334
2082589
2084366
2084696
2084968
2087655
2089802
2090147
2090523
2091080
2091906
2092987
2093432
2095979
2096162
2096656
2097182
2097687
2099260
2099505
2099721
2100223
2101139
2101532
2101536
2101560
2102597
2104017
2104377
2107604
2108048
2108228
2108927
2109268
2110437
2111531
2113217
2113486
2115304
2115552
2117066
2117427
2118481
2119530
2120062
2124303
2124615
2124951
2125150
2125234
2126229
2126283
2127566
2128129
2128589
2129547
2130315
2132910
2136170
2137165
2137458
2138309
2138419
2139346
2139458
2141869
2144211
2145973
2146259
2146267
2147293
2147372
2147444
2147607
2148118
2148348
2148561
2148746
2149000
2149812
2149942
2150522
2153921
2154481
2155545
2156727
2156755
2156927
2157998
2160734
2160752
2160871
2161092
2162291
2162452
2163598
2164524
2165641
2165939
2166032
2167658
2169316
2169548
2170127
2170730
2171651
2172087
2172422
2172773
2173225
2173351
2173454
2173704
2175760
2176256
2177295
2179687
2180292
2180357
2182394
2182645
2182939
2182949
2183212
2183320
2187098
2187365
2188152
2188614
2189442
2190869
2190947
2191473
2191665
2193435
2194357
2194954
2195308
2195855
2195971
2197154
2198123
2198215
2198239
2198947
2199707
2199798
2200716
2201466
2202776
2202897
2203333
2203863
2204931
2205583
2205800
2206902
2207585
2207789
2207822
2208463
2208860
2209763
2209960
2210341
2211174
2211552
2211585
2213265
2214186
2214453
2214640
2214935
2218808
2219032
2219484
2220530
2220725
2224320
2225182
2225486
2226466
2226905
2227298
2227337
2227623
2227693
2227927
2228389
2228549
2228568
2228634
2228850
2230799
2232399
2236482
2237763
2240807
2241522
2243049
2244015
2245325
2246180
2247469
2248193
2248573
2251633
2252282
2253590
2253876
2254256
2255910
2256935
2257002
2258146
2258878
2259348
2259639
2260364
2260688
2260748
2260795
2261127
2261202
2261229
2261287
2261444
2261880
2261955
2262714
2263111
2263679
2263905
2265651
2268201
2269071
2269471
2270218
2270766
2270935
2272626
2274453
2275325
2276688
2277251
2279274
2279529
2281151
2281720
2282053
2282439
2283054
2284653
2284827
2287129
2287856
2289945
2289985
2290083
2291232
2291307
2291545
2292876
2293164
2293179
2294236
2297115
2297520
2297981
2298366
2298528
2298564
2299095
2299997
2300743
2301085
2301500
2301881
2301978
2302311
2302508
2303369
2303552
2304261
2304809
2305942
2306220
2306493
2306598
2306616
2307046
2307383
2310084
2311009
2311312
2311829
2312378
2313221
2313558
2315651
2315973
2316215
2317423
2319301
2319617
2319852
2320060
2320664
2322701
2322923
2323221
2323235
2324142
2324185
2324837
2325281
2328528
2330082
2332019
2332274
2332802
2332835
2333673
2335235
2335545
2335714
2336091
2336147
2337183
2337825
2338351
2339649
2340597
2342350
2344046
2344060
2344941
2345232
2346380
2348045
2348076
2348536
2348944
2349000
2349368
2350101
2350599
2350726
2354725
2355931
2356483
2356889
2357110
2357445
2357843
2357905
2359600
2359847
2360564
2360715
2360949
2362860
2363854
2363943
2364256
2364575
2365586
2367606
2368556
2369633
2369903
2370490
2371458
2372057
2372140
2372154
2372501
2373049
2373101
2373795
2373988
2374131
2375155
2375426
2377723
2377837
2377850
2378044
2379675
2380487
2381130
2381310
2381353
2381497
2381782
2382253
2382351
2383294
2383904
2386127
2386252
2386325
2386472
2387491
2388188
2388298
2389289
2391235
2391378
2392089
2393120
2393788
2394016
2394669
2395857
2397041
2398804
2398895
2399611
2399710
2399999
2400129
2400950
2401645
2402053
2402211
2403139
2403383
2403391
2403572
2403729
2403828
2404258
2405940
2406108
2406206
2406310
2406889
2407702
2407861
2407914
2408625
2410376
2410901
2411419
2412722
2412907
2413636
2413663
2415446
2415631
2415971
2417655
2419139
2419344
2420642
2421214
2421566
2421879
2422024
2422479
2422626
2422639
2422664
2423026
2423309
2424990
2426165
2427317
2428848
2428886
2428934
2429996
2430983
2431006
2435174
2435214
2435379
2436528
2436542
2437036
2437441
2437945
2439446
2439626
2439897
2439954
2440977
2441580
2441780
2442860
2444403
2445125
2445323
2445443
2445790
2446701
2447466
2447649
2449164
2449960
2451118
2452694
2453085
2454089
2454683
2455322
2455352
2456516
2457409
2459196
2459521
2460250
2463279
2465649
2465865
2466898
2466951
2467434
2467483
2467527
2467543
2468514
2468742
2469726
2470101
2470662
2471329
2471627
2472475
2472918
2472920
2473053
2473662
2473993
2474187
2475839
2476866
2478022
2478766
2479779
2479933
2480135
2481082
2481158
2481230
2482523
2482625
2482950
2483644
2485117
2485223
2486194
2486981
2488256
2488580
2488954
2489985
2491144
2492380
2492856
2492922
2493824
2494214
2494664
2494886
2495870
2496220
2496676
2497077
2497249
2497676
2499398
2500037
2500826
2502616
2502652
2503358
2503577
2504547
2504707
2505432
2505588
2506317
2507919
2508792
2508993
2509302
2509441
2509588
2509698
2510746
2511472
2511631
2511743
2514599
2516195
2517579
2518366
2518730
2519499
2519989
2520719
2520881
2521245
2522063
2522697
2524491
2524502
2525387
2528348
2529638
2530082
2530107
2530414
2530693
2531618
2532729
2533501
2534385
2534989
2535181
2536110
2536647
2537234
2537429
2538159
2538670
2540184
2540198
2540719
2541178
2541570
2541914
2542194
2543659
2544074
2544323
2544615
2544836
2545918
2546293
2546646
2547237
2547465
2548106
2550818
2552290
2552500
2552653
2553737
2553782
2556220
2556241
2556878
2558280
2559576
2559676
2562674
2562730
2563292
2563490
2563612
2565462
2565653
2566269
2566839
2567662
2569460
2570384
2571053
2571686
2571880
2571926
2572191
2572313
2572375
2572912
2573167
2573269
2574854
2574920
2577288
2577477
2577777
2578054
2578393
2578803
2578930
2580634
2581134
2581579
2581880
2582269
2582626
2584334
2584874
2585010
2586123
2586937
2586960
2588140
2588203
2589306
2589734
2590803
2594198
2595652
2595729
2595898
2596111
2596254
2598370
2598385
2598589
2599393
2599694
2599775
2600608
2603024
2603267
2605147
2605299
2606346
2606486
2608484
2608844
2610577
2610929
2612057
2612706
2614110
2617332
2617821
2617998
2618894
2619662
2620805
2621412
2621872
2621997
2623039
2623746
2624178
2626761
2626780
2626944
2627552
2628086
2629042
2629507
2631057
2631314
2632145
2632241
2633109
2633451
2633800
2634104
2637652
2637727
2640709
2641502
2641966
2642086
2642315
2642375
2642764
2643113
2643454
2643715
2644447
2645156
2645491
2647172
2647249
2647528
2647649
2647667
2647760
2648409
2649027
2649844
2650196
2651039
2651128
2652246
2652310
2653021
2653083
2653209
2653294
2653832
2654416
2655304
2655324
2655345
2656149
2656756
2657229
2657455
2659748
2660328
2661021
2661294
2663478
2667919
2668357
2668964
2669054
2669658
2669824
2670273
2670972
2670994
2671158
2671275
2671890
2673305
2673711
2676430
2676540
2676686
2679214
2681436
2685527
2685542
2686497
2687118
2687908
2688002
2689158
2689360
2689941
2689985
2690241
2691266
2692340
2692717
2692800
2694476
2695420
2697967
2698044
2699953
2702104
2703913
2703939
2704655
2704993
2705289
2706620
2707292
2708308
2708639
2709254
2709332
2709912
2710353
2711971
2712311
2712428
2712671
2712911
2712992
2713788
2713843
2714434
2714758
2715425
2717184
2717335
2717538
2717876
2719172
2719942
2720585
2723189
2723416
2725037
2725866
2725890
2728140
2729451
2729590
2730398
2730417
2730844
2731330
2731586
2731715
2732546
2732852
2733033
2733090
2733794
2734325
2734558
2737262
2740552
2740949
2741060
2741617
2742039
2742049
2742231
2742324
2744115
2745638
2746394
2748639
2749182
2749279
2749693
2750120
2750611
2750677
2751283
2751372
2751377
2751479
2751761
2752131
2753328
2753717
2754536
2755009
2755026
2755567
2757847
2758182
2758184
2758269
2758473
2761048
2761649
2762319
2762759
2763642
2765398
2765412
2765483
2765565
2766180
2766673
2767041
2767141
2767320
2768463
2768535
2769397
2770029
2770696
2770983
2771434
2772226
2772589
2773027
2773511
2773770
2774477
2775031
2775569
2778829
2779007
2779045
2779943
2781048
2782062
2782302
2782406
2782693
2784276
2784899
2787434
2787464
2788151
2788317
2788398
2788467
2788622
2789294
2790039
2791047
2792616
2792802
2793361
2793615
2795303
2795498
2796391
2797429
2797439
2798010
2798071
2798335
2798520
2798774
2800275
2800977
2801161
2801307
2801312
2802193
2805930
2807303
2807775
2808065
2808166
2808531
2809763
2810534
2810556
2811758
2813982
2814286
2814764
2814784
2816233
2817890
2818269
2819489
2819701
2820176
2820260
2821610
2822088
2822176
2823175
2823331
2823821
2824234
2824887
2825058
2826108
2826191
2826270
2827625
2827975
2828206
2828402
2829173
2829489
2829553
2830773
2832064
2832623
2832641
2832897
2834259
2834657
2834708
2834832
2835260
2835489
2836878
2836993
2837400
2837869
2839735
2840952
2841612
2841823
2842183
2842785
2844643
2845153
2845306
2846643
2846922
2848681
2848790
2849365
2850842
2851219
2853832
2854854
2855427
2855513
2855938
2856507
2856921
2857284
2858725
2858808
2858992
2859011
2859462
2859877
2859943
2860620
2860633
2860787
2861114
2861412
2862094
2862110
2862307
2862359
2863119
2863196
2863285
2863985
2863988
2867154
2868628
2869290
2869869
2870195
2870579
2872666
2873315
2873740
2874181
2875714
2876525
2876822
2876941
2879355
2879816
2880038
2881244
2881671
2882121
2882466
2882853
2883542
2884140
2884304
2885205
2885445
2885446
2886266
2887353
2887816
2888576
2888941
2889187
2889308
2889425
2890064
2890193
2890466
2890746
2890945
2892864
2893050
2893390
2893399
2893666
2894798
2895027
2895509
2896653
2896905
2897052
2897527
2897551
2898856
2899756
2900526
2900588
2900761
2903363
2903376
2904039
2904247
2905579
2905951
2905961
2906333
2906645
2906655
2907211
2908253
2911501
2912658
2913167
2915338
2915503
2915920
2916498
2916529
2917024
2917286
2917404
2917446
2918733
2918787
2920078
2921719
2921929
2921967
2923199
2925000
2925090
2926592
2926917
2927107
2927734
2927863
2928122
2929146
2929484
2931734
2932788
2933207
2933836
2934911
2936188
2937085
2939071
2939666
2939896
2940021
2940108
2940286
2940341
2940880
2941392
2942196
2942665
2942750
2943124
2943647
2944448
2944793
2945786
2946259
2946375
2948053
2949468
2949946
2950438
2951574
2954149
2954193
2954551
2954807
2955349
2956013
2958153
2958245
2958735
2958991
2959430
2960161
2961006
2961588
2962227
2964092
2964155
2965133
2965783
2966107
2966384
2966475
2968644
2969039
2969843
2970049
2971912
2971966
2974510
2975691
2975834
2976721
2977168
2977222
2977417
2978154
2978432
2978869
2979016
2979716
2980712
2981890
2982522
2982546
2983240
2983415
2984746
2986635
2986669
2986788
2988377
2989706
2989900
2990578
2990666
2990843
2992518
2993479
2994025
2994489
2994696
2994856
2994930
2995266
2995581
2995792
2997548
2997752
2999165
3001281
3002076
3002898
3003779
3004360
3004970
3005066
3006035
3007007
3008018
3009073
3010377
3010748
3010851
3011218
3013376
3013742
3014385
3014723
3015352
3015579
3015744
3016889
3017143
3019510
3019562
3020195
3020623
3020671
3021450
3022011
3022163
3023163
3023638
3024852
3025084
3025533
3025993
3026296
3027582
3028427
3028450
3028985
3029075
3029721
3029876
3030042
3030454
3030561
3031032
3031962
3032745
3033160
3033765
3033914
3034201
3034725
3034821
3035318
3038276
3038696
3038775
3039686
3040448
3040794
3041075
3041726
3042493
3043523
3044143
3044412
3044499
3044954
3045585
3046108
3046206
3046634
3047936
3048483
3049222
3049820
3049923
3050329
3050414
3050703
3050762
3053674
3054152
3054550
3055793
3056012
3056053
3056949
3057671
3057703
3058761
3059333
3059566
3059946
3061461
3061650
3062627
3064757
3065413
3065909
3066028
3066885
3067068
3067899
3068299
3068959
3069900
3070330
3071190
3071935
3072750
3073929
3074106
3074694
3076709
3077045
3077639
3077818
3078212
3078587
3082129
3082634
3082939
3084444
3084460
3084982
3085406
3087243
3089112
3089265
3089395
3089733
3090356
3091301
3091749
3093685
3095494
3095687
3095775
3096373
3096612
3097322
3099410
3099821
3100288
3101369
3101816
3101842
3101951
3102682
3103141
3103831
3104288
3104615
3104746
3104750
3105403
3106157
3106200
3106610
3106870
3107019
3107179
3108088
3109376
3109391
3109457
3109702
3109895
3111664
3111906
3112782
3113079
3113225
3113390
3113517
3114287
3115067
3115147
3115870
3115908
3116027
3116315
3116960
3117542
3118065
3119831
3120439
3120469
3120784
3122651
3122906
3122953
3123107
3126414
3126913
3127493
3128032
3129644
3129853
3129964
3130625
3130877
3132020
3132075
3133154
3134521
3134904
3135649
3136388
3136694
3136747
3137022
3138071
3138446
3139057
3139389
3140115
3140809
3141578
3143062
3143287
3144314
3144971
3145339
3145474
3145662
3145817
3145920
3146145
3146213
3146312
3146447
3146565
3147211
3147513
3148121
3148446
3149252
3150004
3151333
3152149
3152300
3152523
3152684
3152747
3152750
3153938
3154200
3154250
3154777
3155268
3157040
3157297
3158351
3158704
3159797
3161074
3161224
3161281
3161981
3162656
3163798
3165269
3165481
3165599
3165732
3165981
3166822
3167541
3168394
3168730
3169000
3170210
3170600
3171662
3172244
3172473
3172838
3174956
3177959
3178410
3178458
3179035
3181560
3182451
3184311
3184485
3184620
3184727
3185408
3185558
3186146
3186298
3186466
3189620
3190002
3190330
3191145
3191707
3192938
3193127
3193491
3195898
3197203
3197271
3197433
3199520
3201045
3201341
3202762
3202912
3203152
3203424
3203510
3203925
3204007
3204277
3204410
3206122
3206461
3206999
3209951
3210392
3210887
3211213
3211354
3211487
3211795
3211975
3212011
3212128
3212365
3213363
3213609
3213987
3214882
3215269
3215482
3216214
3216793
3217194
3217635
3217681
3218256
3219017
3219831
3220517
3222032
3223175
3223673
3224365
3226270
3226541
3226914
3227286
3227566
3227823
3228270
3228555
3229051
3229668
3230942
3231632
3231639
3232250
3232381
3235131
3237084
3237442
3238431
3238770
3239048
3239210
3239396
3240040
3240927
3241918
3241933
3244073
3244902
3245266
3246062
3246639
3247066
3247182
3247369
3248773
3248870
3250134
3251475
3252836
3253119
3253758
3254238
3254536
3255552
3257272
3257838
3257954
3259548
3261698
3262658
3263261
3263983
3267133
3267258
3267480
3267752
3268450
3268531
3268885
3269416
3269635
3271547
3271817
3272960
3274972
3275059
3275611
3276717
3277351
3278023
3279732
3280902
3281073
3282136
3282144
3282318
3282410
3283345
3284032
3284984
3285213
3285224
3285795
3286467
3287486
3287941
3288074
3288833
3289788
3289843
3291220
3293451
3294017
3295027
3295301
3295329
3296860
3297048
3297486
3298766
3299091
3299188
3299761
3299786
3299858
3300281
3300721
3301102
3301253
3301795
3303198
3303293
3303505
3304805
3305873
3305908
3305980
3307159
3307668
3307878
3307945
3308308
3309551
3309681
3310484
3311235
3311479
3311894
3313225
3313267
3313676
3314180
3314280
3314286
3314788
3315646
3315866
3316018
3316832
3317493
3319105
3320292
3320320
3321622
3322270
3322293
3323031
3323261
3324143
3325185
3325923
3327530
3327788
3330453
3331579
3332996
3334068
3334968
3334972
3335093
3336031
3338505
3338890
3339046
3339662
3339761
3342958
3343188
3343657
3344036
3344764
3345037
3345222
3346510
3347570
3348596
3349718
3349812
3350430
3351755
3352228
3352300
3352667
3352735
3353091
3353213
3353510
3353729
3353960
3354222
3354594
3355634
3357046
3357401
3357448
3357853
3358310
3358416
3358600
3359649
3359683
3360873
3361955
3362135
3362711
3363386
3363431
3363630
3364814
3365682
3366354
3366871
3367578
3368248
3368359
3371723
3371942
3372113
3372266
3373027
3374488
3375253
3375794
3375982
3376025
3378060
3380720
3380746
3382139
3382772
3382841
3383162
3386266
3386591
3386691
3386936
3388238
3388695
3389073
3390506
3390926
3391783
3392080
3395102
3396026
3396158
3396828
3397100
3398116
3398690
3400413
3400888
3402593
3403184
3404115
3404274
3406214
3406216
3407741
3409148
3409474
3409770
3409781
3410087
3410333
3410478
3410774
3411388
3411810
3412548
3412670
3412875
3414696
3415190
3417383
3417643
3418303
3418753
3418919
3418948
3420610
3421231
3421358
3421546
3422008
3422549
3422761
3422810
3423142
3423318
3425635
3426623
3426894
3427310
3427360
3427609
3427984
3429348
3429776
3430117
3431344
3432729
3433232
3433383
3434759
3436019
3436573
3437323
3437652
3437848
3438095
3438999
3439428
3440240
3441130
3441538
3441757
3442577
3448624
3449094
3449820
3450423
3451238
3451257
3452456
3452716
3452830
3453052
3453248
3453939
3454974
3455430
3455467
3455599
3457095
3457726
3458180
3458532
3459326
3459809
3460899
3461382
3461820
3462214
3463685
3463847
3464329
3464653
3465086
3465100
3465365
3466169
3467842
3468705
3469527
3469789
3469816
3470677
3470917
3471042
3472125
3473020
3473859
3473899
3474007
3474034
3475976
3476019
3477861
3478237
3479450
3479989
3480525
3480526
3480529
3481610
3481936
3482078
3484629
3485023
3485371
3486186
3487675
3488179
3488608
3493612
3493688
3493894
3494142
3494209
3494221
3494344
3495138
3495396
3496046
3496421
3496683
3496977
3497389
3498700
3498817
3498821
3501047
3501991
3502780
3503025
3503030
3503076
3503562
3505067
3506146
3506950
3507288
3507785
3508427
3508899
3509546
3509700
3509751
3511528
3512221
3513417
3514536
3515432
3515469
3516060
3518459
3518748
3518765
3519072
3519977
3520314
3521230
3522854
3522855
3523383
3525224
3525536
3525853
3526566
3527111
3527531
3527596
3528020
3528572
3528706
3529104
3529849
3530182
3530183
3530852
3530910
3532623
3533087
3533357
3534074
3534843
3535400
3535494
3535522
3535923
3535931
3535950
3536334
3536393
3536484
3536487
3537438
3538002
3538328
3538566
3538905
3539015
3539474
3539597
3540384
3540408
3540514
3540766
3541379
3542211
3542937
3544147
3544360
3544521
3544901
3544978
3545605
3545943
3546238
3546275
3547032
3547276
3547914
3548418
3549690
3550267
3551054
3552246
3552640
3553276
3553490
3553946
3554037
3554327
3555557
3555956
3556365
3556959
3557084
3557118
3557663
3558629
3559694
3560025
3560388
3560775
3561045
3561614
3561992
3564020
3564908
3566525
3566907
3568577
3570330
3571708
3572200
3572989
3573165
3573184
3574118
3574217
3574883
3576452
3577622
3580579
3581610
3582534
3582967
3584097
3584408
3584742
3586039
3586829
3588104
3588175
3588881
3590028
3590376
3591616
3591853
3592037
3594925
3595199
3595395
3596307
3596626
3596634
3597818
3598255
3598891
3599813
3600131
3601092
3602227
3602473
3603088
3604390
3605602
3605671
3606378
3606509
3607317
3608026
3608762
3609976
3610005
3611139
3611570
3611581
3612158
3612756
3614117
3614366
3614530
3614850
3614856
3615254
3615504
3615574
3616202
3616323
3617258
3617569
3617834
3618875
3619569
3621445
3624800
3625783
3625890
3628529
3629646
3630079
3630651
3630832
3630891
3631426
3631633
3632079
3632195
3632951
3635171
3636322
3639432
3641854
3644578
3644993
3645294
3645436
3645680
3645720
3646600
3646620
3647730
3647861
3648202
3648813
3648974
3654725
3655545
3656165
3657036
3657910
3658094
3658878
3660165
3660582
3660632
3661028
3661419
3661658
3661734
3662494
3664547
3665635
3667248
3667871
3668090
3668665
3669962
3670986
3671216
3671662
3672265
3672335
3673519
3674646
3674653
3674864
3675939
3676196
3676746
3677072
3677930
3678182
3679164
3681001
3681063
3681663
3682592
3682677
3683187
3685021
3685133
3685215
3685470
3685676
3686564
3688331
3688962
3688996
3689286
3689422
3690098
3690614
3690750
3691861
3692455
3693653
3694191
3694460
3694552
3696467
3697180
3697841
3697906
3699258
3700515
3700657
3700738
3701263
3704384
3704720
3704730
3705098
3705295
3707860
3708624
3709074
3709804
3709854
3709902
3713369
3713381
3715277
3715307
3715465
3715748
3716986
3717741
3718300
3718658
3720090
3720335
3721629
3721817
3722232
3723749
3724821
3725644
3726009
3727298
3729583
3729935
3731044
3731112
3731585
3731662
3731816
3733127
3733333
3733931
3734606
3736785
3736981
3738568
3738631
3739143
3740100
3740542
3740581
3740595
3741322
3741935
3742485
3742943
3745046
3745263
3745401
3745483
3745682
3746040
3747535
3748419
3748911
3749452
3749869
3750658
3750791
3750834
3752334
3752720
3752959
3753674
3754162
3754695
3756112
3756123
3756162
3756392
3756614
3756840
3758744
3759924
3760243
3760894
3761567
3763451
3764842
3765146
3766204
3766506
3766944
3767035
3767764
3768390
3769330
3769458
3769492
3769555
3770867
3772109
3772631
3773009
3773515
3774135
3775115
3775386
3775838
3776332
3776388
3777130
3777733
3779322
3779825
3780011
3781028
3782920
3782958
3784526
3784608
3785393
3785913
3786179
3786459
3787548
3787616
3787748
3790294
3792537
3793113
3793171
3793438
3793730
3793790
3794229
3795176
3795542
3795590
3795934
3796516
3797297
3797366
3798683
3799668
3799984
3800711
3801169
3802379
3803212
3803476
3803755
3805077
3805224
3806032
3806406
3808842
3810435
3811253
3812585
3813735
3814984
3815002
3815262
3818350
3819293
3819302
3819893
3822810
3823898
3824922
3825852
3826490
3826744
3828355
3830851
3831537
3831768
3831911
3832581
3832616
3834297
3834821
3834961
3836202
3836333
3836613
3837449
3837635
3838351
3838530
3840204
3840658
3841258
3841781
3841870
3842251
3842355
3843044
3843367
3844236
3845414
3846265
3847165
3849566
3849592
3850453
3851291
3852628
3852907
3853637
3854446
3855912
3857428
3860062
3860551
3860570
3860720
3861778
3862824
3862959
3863527
3863577
3864269
3864963
3866102
3866562
3866914
3867817
3867996
3868130
3869527
3870206
3870323
3870544
3871081
3871188
3871862
3872149
3872424
3873588
3874156
3874211
3875577
3875722
3875875
3876560
3878109
3879127
3879377
3881359
3881425
3882519
3882658
3883381
3883670
3884649
3885547
3886529
3886785
3886942
3888445
3888925
3888954
3889027
3889376
3890975
3891093
3891781
3891957
3892786
3893213
3893663
3893729
3893757
3894064
3894135
3894216
3894690
3894912
3895833
3895954
3897400
3897879
3898224
3898911
3901080
3902706
3902880
3903533
3904906
3905738
3906195
3907923
3911110
3911557
3911931
3913353
3913841
3913994
3914056
3914653
3915080
3917467
3917680
3918172
3918343
3918618
3919276
3919357
3919371
3919649
3919853
3920416
3921752
3922841
3924228
3924975
3929521
3930972
3932764
3933486
3933523
3933531
3934005
3935119
3935650
3935693
3936275
3937055
3937394
3937466
3938672
3938819
3939487
3939912
3940630
3941454
3941933
3943385
3943394
3943571
3943815
3944086
3944160
3944547
3945065
3945297
3946226
3947205
3947932
3948467
3949737
3950041
3951170
3952274
3952343
3952466
3952761
3953195
3953892
3953919
3953969
3954256
3954280
3955097
3955401
3955981
3957275
3958424
3959854
3961614
3964243
3964266
3964428
3964484
3964931
3965625
3967551
3967833
3968125
3968844
3968905
3970329
3970353
3971098
3971391
3971510
3971574
3972461
3972597
3972688
3973830
3973848
3973964
3975015
3975170
3976722
3977545
3977716
3978045
3978760
3980248
3981302
3982103
3982959
3983245
3984797
3984834
3985110
3985114
3985538
3985966
3986498
3988407
3988896
3990460
3992166
3994742
3995478
3995587
3996015
3996765
3997160
3997183
3997236
3998043
3998080
3999066
3999968
4000040
4000520
4000956
4001086
4001417
4002642
4004587
4005243
4005390
4005444
4006480
4007853
4008372
4009267
4009906
4011124
4011783
4011961
4012077
4012387
4012442
4012510
4013443
4013627
4015612
4016665
4017110
4020495
4020602
4020660
4020954
4021164
4021801
4022387
4022739
4023107
4023117
4023613
4024082
4025423
4025453
4025855
4027084
4027996
4028467
4029583
4029850
4031195
4031567
4031585
4034670
4034717
4035071
4035112
4035431
4035806
4036954
4037818
4040176
4041075
4041547
4041942
4044577
4044604
4046465
4046576
4047828
4048224
4050448
4052012
4053183
4053465
4053736
4054749
4054863
4055570
4055837
4055986
4057409
4057646
4057793
4059220
4059227
4060832
4061643
4061652
4062242
4062776
4063290
4064211
4064668
4065049
4066338
4066556
4066939
4067446
4067607
4067638
4069841
4070004
4071178
4071299
4071516
4071865
4074418
4075530
4075552
4076037
4077028
4077490
4077626
4078039
4078174
4079260
4080053
4080355
4080544
4081400
4081777
4081824
4081881
4082966
4083403
4084295
4084296
4085487
4086159
4086201
4087009
4087165
4087904
4088613
4089394
4089753
4090619
4090810
4091718
4092011
4092163
4092350
4092775
4093258
4093259
4093567
4093747
4094104
4094352
4095318
4095340
4096563
4099515
4099703
4099735
4100082
4100110
4102450
4103824
4103930
4105424
4105866
4105872
4106770
4107204
4107390
4107946
4108103
4108851
4109204
4109518
4110689
4111648
4112205
4113354
4113873
4115574
4115629
4116132
4116687
4117082
4117397
4118874
4119074
4119623
4119625
4121506
4121669
4121956
4121989
4122001
4122163
4122628
4123167
4126042
4126557
4126633
4127778
4128528
4129016
4129575
4129650
4131106
4132243
4132770
4134443
4136033
4136177
4136696
4137573
4137877
4139079
4139479
4139663
4141413
4141504
4141655
4142291
4142812
4143932
4144055
4144749
4145418
4146056
4146089
4148110
4148707
4149088
4150292
4150545
4150568
4150671
4151642
4153742
4153749
4155470
4155775
4156997
4157656
4157945
4158087
4158260
4159033
4159379
4160378
4161483
4161838
4161923
4162083
4162364
4165226
4165258
4165371
4166496
4167926
4169474
4170990
4174125
4174469
4174736
4174828
4174947
4176976
4179426
4180539
4181271
4181654
4183211
4183931
4185736
4185955
4186496
4187124
4187689
4188592
4190780
4191014
4191079
4191484
4191541
4193118
4193189
4193888
4194540
4195984
4196515
4196603
4197038
4197498
4197721
4198192
4198287
4198489
4198561
4199475
4201236
4202264
4202755
4202879
4203069
4205902
4206104
4206127
4206315
4206473
4207155
4210067
4210498
4210667
4210814
4211660
4211805
4211984
4212100
4212331
4212389
4212696
4213529
4214273
4214516
4214851
4214875
4215359
4216038
4216802
4218409
4220603
4220727
4220793
4221654
4221775
4221962
4222158
4222346
4222741
4223412
4225674
4227420
4227792
4229115
4230473
4230812
4231077
4232919
4233360
4233461
4234618
4236015
4236853
4236886
4238819
4239003
4240488
4241615
4241803
4242051
4242545
4242862
4243612
4243651
4244542
4245365
4245999
4246101
4246726
4246970
4247482
4248073
4249086
4249461
4249983
4250804
4250830
4251270
4251300
4251495
4252611
4252708
4255504
4255559
4256537
4257028
4257598
4257704
4258592
4258638
4258975
4259573
4260192
4263207
4264765
4264811
4265630
4265703
4266143
4268172
4268191
4268522
4270517
4271068
4271693
4272667
4273738
4274021
4274623
4275190
4275210
4275998
4276343
4276499
4277611
4278255
4278338
4278439
4278934
4279166
4279484
4279878
4280009
4280736
4281991
4282574
4282974
4283111
4283916
4283918
4284283
4285731
4286060
4286620
4287014
4287332
4287415
4287778
4288414
4289078
4289772
4290541
4291709
4293249
4293752
4293883
4294619
4294783
4295086
4295674
4296179
4296300
4296351
4296487
4296555
4296792
4297448
4299431
4299910
4300281
4300973
4301835
4302368
4302936
4304242
4304503
4305072
4305310
4305615
4305842
4305876
4306147
4306212
4306410
4308267
4308275
4308807
4309209
4309514
4309547
4309831
4310232
4310403
4311030
4311159
4311830
4311901
4312664
4312953
4313572
4313743
4313859
4313872
4313919
4314755
4315691
4317032
4318500
4318863
4319272
4319283
4320603
4320768
4323915
4325520
4325966
4329727
4331707
4331860
4332875
4333072
4333571
4334168
4334907
4335609
4335784
4337740
4338004
4338369
4338573
4339919
4340788
4341371
4341569
4341653
4341769
4341847
4342275
4342843
4343130
4343727
4344021
4346865
4347360
4347464
4347603
4348125
4348690
4350327
4350397
4351007
4352476
4352492
4353138
4354486
4355236
4355783
4356546
4357518
4357748
4357922
4358309
4359732
4360114
4361981
4361989
4362886
4364188
4364598
4365395
4365774
4365941
4367838
4367977
4368014
4368639
4371964
4373432
4373888
4374091
4374335
4374962
4375443
4375836
4376031
4376120
4376639
4377277
4377696
4379878
4379961
4380501
4380532
4380660
4380949
4382020
4383224
4385141
4385354
4385390
4386702
4388273
4388998
4390007
4390008
4390022
4391554
4392641
4392847
4393101
4393149
4393177
4393420
4393631
4394291
4394386
4394772
4395036
4395118
4395189
4395322
4396795
4397131
4397619
4397647
4397831
4397908
4399296
4399540
4399641
4399726
4399818
4401524
4403420
4403640
4404182
4404441
4404477
4404862
4404973
4405462
4405539
4405641
4406116
4406347
4406953
4407400
4408959
4409077
4409140
4409226
4409517
4410250
4410397
4411054
4411512
4412359
4412862
4413878
4414271
4414418
4414611
4415667
4416134
4417201
4418598
4419802
4420171
4420479
4420589
4420869
4420895
4422058
4422876
4423812
4425887
4427932
4428197
4429010
4429503
4430509
4432187
4433220
4433377
4433870
4433938
4434198
4434731
4435886
4436126
4437404
4437471
4437594
4437982
4438393
4438706
4439820
4439972
4440040
4440512
4440826
4440998
4441649
4441943
4442388
4442532
4443526
4444109
4445267
4445538
4445684
4445972
4446691
4447887
4448039
4448091
4448128
4448862
4450346
4452188
4452558
4454875
4455834
4455914
4456433
4456487
4456671
4458469
4459260
4459927
4460736
4461260
4461399
4461799
4461930
4463635
4463753
4464922
4465014
4466026
4466210
4468394
4469179
4471390
4471757
4472939
4473780
4474242
4474444
4474489
4474714
4475895
4476046
4476396
4478580
4480219
4480687
4481871
4481897
4482595
4483581
4483718
4484716
4484862
4485405
4486380
4486685
4486799
4488388
4490163
4491036
4491896
4492667
4492930
4493736
4493828
4494042
4494546
4494815
4495575
4496246
4497101
4497790
4500940
4501114
4502622
4502943
4503016
4505549
4506973
4507384
4508232
4508793
4508896
4509413
4509606
4509812
4510328
4510359
4510388
4511798
4512202
4512415
4513127
4513740
4514912
4515861
4518610
4519158
4519683
4519770
4521732
4522142
4524020
4524448
4524558
4524859
4524903
4525734
4526092
4526097
4526231
4526856
4527594
4528169
4528195
4528628
4528873
4529109
4529303
4530809
4530991
4533735
4533773
4534279
4534370
4535775
4535824
4538304
4538316
4538333
4540208
4540578
4540611
4542675
4542782
4543118
4543494
4544587
4544922
4545936
4546693
4547959
4548311
4549104
4549934
4550844
4553110
4555982
4557268
4557943
4558105
4558666
4559875
4560901
4562359
4563056
4563322
4563517
4563810
4565352
4565444
4565650
4566024
4567946
4568370
4568425
4568814
4568979
4569633
4570389
4571150
4572132
4572917
4573838
4574939
4576882
4576939
4577679
4577780
4578784
4578843
4580070
4580722
4581249
4583165
4583852
4584042
4584093
4584805
4584837
4585182
4585247
4586658
4586931
4586944
4587379
4587430
4587799
4588144
4588729
4588869
4589749
4592112
4592458
4593305
4596065
4596318
4597414
4597766
4599894
4600647
4602298
4602512
4602652
4602653
4604063
4606035
4606313
4609079
4610753
4611627
4611725
4612250
4612477
4613990
4615163
4615812
4616062
4617022
4617127
4617337
4617756
4618867
4618980
4621402
4623079
4624025
4624753
4626128
4626413
4626738
4628278
4628726
4629456
4630224
4630748
4631074
4631082
4632332
4632654
4633102
4633651
4635066
4635160
4635517
4637148
4638011
4638328
4638548
4640096
4640349
4640386
4640495
4641619
4642026
4642842
4644578
4645865
4645872
4646464
4646492
4647153
4647541
4648631
4648936
4649372
4649657
4649821
4650440
4651032
4651103
4651351
4651388
4651936
4652277
4653149
4653240
4653622
4653961
4655696
4656406
4657005
4657046
4657413
4657520
4657528
4658198
4659088
4659606
4660223
4660869
4660926
4664203
4664398
4664440
4664757
4667376
4667640
4667708
4667958
4668362
4668584
4671597
4671950
4673164
4675376
4676020
4676318
4676325
4676612
4676934
4677194
4677356
4678784
4678890
4681750
4682134
4684136
4684937
4685245
4685292
4688360
4688723
4688881
4689045
4689528
4689775
4690115
4692075
4692274
4692789
4693308
4693403
4694557
4695206
4695239
4695541
4697645
4699230
4700128
4700902
4701831
4701925
4703053
4703583
4704612
4705423
4705758
4708288
4708658
4709137
4709474
4710035
4710141
4710214
4710288
4710580
4711713
4711721
4712271
4712945
4714847
4717657
4718706
4720833
4722453
4722730
4722947
4723313
4725359
4726007
4726349
4726769
4727447
4727563
4728672
4728706
4728748
4729079
4729149
4729243
4730175
4730721
4731840
4733189
4733514
4733679
4734785
4734807
4736001
4736656
4736664
4737639
4739185
4739581
4739711
4740527
4741223
4741808
4745868
4746620
4748826
4748937
4750642
4753113
4753364
4754547
4755123
4755197
4756352
4756950
4757290
4757619
4757737
4758130
4758636
4758667
4759051
4759889
4762132
4764339
4764509
4764556
4766542
4768935
4769939
4770012
4770289
4770410
4770858
4772272
4772568
4772882
4773261
4773431
4774235
4774932
4775262
4775494
4776157
4776929
4780214
4780829
4782607
4783275
4784119
4785799
4787364
4787674
4788037
4789654
4790477
4792737
4793170
4793225
4793901
4794487
4795391
4795681
4795735
4795903
4797128
4797972
4798640
4798857
4799879
4800238
4800902
4802668
4802758
4802828
4802838
4803414
4804296
4807998
4808223
4809652
4809784
4810065
4810323
4810937
4811419
4812221
4812295
4812788
4813460
4813830
4813910
4814573
4814677
4815442
4819833
4819873
4820096
4822574
4823622
4824753
4825330
4827128
4829353
4829366
4829443
4829747
4830051
4830758
4831804
4833292
4833814
4833905
4834505
4834661
4836850
4837227
4841410
4841841
4842033
4842410
4844554
4844579
4846540
4847642
4848216
4849234
4850262
4850857
4851636
4853326
4855064
4856594
4856920
4857742
4858338
4859313
4859581
4859819
4860829
4860869
4861302
4862517
4862857
4862934
4863863
4864264
4865561
4866782
4866827
4866989
4868682
4868804
4869479
4869627
4869648
4870786
4872383
4872851
4873071
4873450
4875567
4876077
4878783
4879588
4880111
4881277
4881839
4882175
4882934
4883003
4883541
4883676
4884291
4884756
4885425
4885454
4885752
4886292
4888408
4889367
4890254
4890608
4891018
4891939
4892080
4892241
4892404
4892848
4892952
4895198
4895515
4897191
4897411
4898181
4898215
4898666
4899827
4901191
4901199
4901831
4902201
4902371
4902592
4903719
4903832
4905450
4906729
4907334
4908285
4909756
4910467
4911031
4911345
4911603
4911848
4913611
4913974
4914301
4914704
4915677
4916681
4916998
4918466
4918581
4918717
4919670
4919812
4921397
4921897
4922053
4922627
4922837
4925051
4925342
4925407
4925753
4926452
4927283
4929167
4931478
4932267
4932793
4933254
4934497
4934523
4934693
4935220
4936855
4937361
4937808
4938900
4939375
4940580
4941083
4941888
4942988
4943052
4944679
4945210
4946028
4947963
4948667
4949108
4950510
4952029
4953602
4953848
4954893
4955381
4956038
4956690
4957235
4957901
4958396
4958744
4960411
4960576
4961640
4961862
4963922
4964675
4964928
4965416
4965529
4966211
4966592
4966606
4967108
4969797
4970646
4970965
4971288
4973726
4974559
4974564
4974574
4975172
4975182
4975216
4975485
4976163
4976310
4976832
4977719
4977986
4978231
4978818
4979274
4979522
4980109
4981148
4981762
4981906
4982200
4982387
4982870
4983676
4984391
4985404
4985522
4986341
4987024
4987292
4987503
4988430
4988946
4989425
4989634
4989889
4989973
4990547
4990876
4991847
4992965
4993391
4994999
4996957
4997110
4997166
4997196
4999095
4999891
5000185
5001131
5001723
5003308
5003767
5006258
5006919
5007538
5008945
5008992
5009686
5010189
5010298
5010640
5010799
5011307
5011312
5011378
5012335
5012965
5013513
5013794
5016210
5016389
5016565
5016952
5017576
5019180
5019615
5020300
5020479
5020610
5020615
5023063
5023745
5023852
5023900
5023999
5024005
5024644
5025259
5025389
5025750
5025875
5026742
5026874
5030860
5030892
5031056
5032264
5033519
5034488
5034579
5034648
5035317
5035474
5035903
5036619
5036971
5037174
5037631
5037675
5038591
5039272
5039417
5040251
5040745
5043244
5043622
5043690
5044097
5044127
5044448
5044645
5045717
5045972
5045998
5046215
5046221
5046462
5046519
5048813
5049080
5049154
5049185
5049771
5051982
5052610
5053561
5054765
5055848
5056253
5056448
5057672
5057780
5057860
5058017
5058722
5059185
5059214
5060488
5061857
5061947
5062058
5064262
5065549
5065984
5066811
5067346
5069495
5069566
5069678
5070809
5071026
5071104
5071357
5072060
5072401
5072424
5073163
5074796
5077233
5077773
5078310
5079011
5079661
5079720
5079893
5079976
5080308
5081564
5082746
5083341
5083951
5083976
5084594
5084762
5088187
5088716
5088852
5089835
5089982
5090511
5090599
5090810
5091071
5092142
5092272
5092530
5095305
5096221
5097824
5097825
5098297
5098331
5099029
5099414
5099516
5099793
5099925
5100882
5101252
5101318
5104179
5104202
5106148
5107913
5108617
5108793
5112560
5112604
5113133
5113612
5114407
5114751
5114759
5116074
5117422
5118835
5119299
5120726
5122023
5122916
5123413
5125042
5125683
5126010
5126517
5126896
5127552
5130691
5131132
5131335
5132231
5132714
5134250
5135787
5136242
5136270
5136432
5136483
5137464
5137671
5140879
5141198
5141332
5141552
5141823
5142273
5142802
5143016
5144708
5145999
5147442
5147494
5148252
5148503
5148997
5149952
5150971
5151095
5152017
5152280
5152527
5152623
5154906
5155383
5157091
5158441
5158828
5159126
5159390
5159585
5161132
5161587
5162140
5163376
5164797
5166056
5166458
5166951
5167061
5167247
5167272
5167735
5167744
5167871
5169168
5170166
5170514
5170531
5171407
5171743
5172053
5172340
5173011
5173322
5173537
5173638
5174005
5174143
5174480
5176025
5176661
5177173
5178652
5178754
5179408
5180978
5181011
5181880
5182084
5182139
5182290
5183598
5184470
5185867
5185895
5186049
5186102
5186612
5186664
5186713
5188062
5188093
5188252
5189593
5189622
5189668
5191627
5192127
5192729
5193010
5193049
5193156
5193424
5195655
5196567
5196571
5196890
5199994
5201401
5202513
5203078
5203623
5203752
5204684
5206478
5206820
5207596
5209191
5209525
5209828
5211175
5211843
5212818
5213234
5214240
5214880
5215732
5216524
5216640
5217799
5218590
5218754
5218760
5219769
5219825
5219917
5219971
5221478
5222346
5223840
5224056
5224364
5226358
5226931
5228161
5228710
5229807
5230948
5230975
5231224
5232476
5232833
5232853
5233290
5235957
5236401
5236707
5236841
5237076
5238858
5239238
5239327
5240367
5241050
5241608
5242286
5242310
5243234
5243286
5245344
5245901
5246086
5246860
5248337
5248854
5249124
5249604
5250031
5250572
5250673
5251368
5254223
5254639
5255395
5256352
5258219
5258554
5258725
5258852
5259293
5259514
5259753
5259887
5260418
5261811
5261896
5262874
5265503
5265666
5265804
5266976
5267515
5268013
5268595
5269794
5270958
5271925
5272005
5273900
5275279
5276898
5277047
5278283
5279637
5279673
5281484
5283525
5284074
5284571
5284848
5286262
5286305
5286635
5286944
5288020
5288809
5289719
5290268
5290922
5292393
5292841
5293468
5293652
5294699
5294879
5295154
5295793
5295810
5299787
5300518
5300665
5301876
5302003
5302372
5303243
5303448
5303826
5304201
5305467
5305490
5305797
5307030
5308797
5309118
5310835
5311374
5312204
5312449
5314440
5315445
5316756
5319766
5321802
5321980
5323835
5324495
5324843
5324844
5324940
5325554
5325698
5325722
5327297
5328026
5328233
5330665
5331118
5331429
5334461
5335094
5336326
5336401
5337484
5337817
5338877
5340004
5340443
5341020
5341295
5341430
5341592
5341696
5342293
5342891
5343025
5343645
5344805
5344910
5345352
5345767
5347300
5347820
5348032
5349491
5349545
5350224
5351893
5352046
5352900
5357066
5359221
5359555
5360603
5360724
5360916
5361959
5362132
5362172
5362341
5362908
5363237
5364248
5364621
5365634
5366093
5366955
5367684
5368213
5368715
5368876
5369401
5369631
5369889
5371559
5372117
5373693
5374317
5374832
5375153
5375184
5376572
5377315
5378511
5379703
5380170
5380519
5381243
5381599
5382374
5382865
5385097
5388134
5388959
5389278
5389729
5390000
5390482
5390570
5391108
5391556
5393058
5394761
5397163
5397425
5398205
5399182
5399638
5399846
5400296
5401366
5402787
5403475
5403591
5404408
5405827
5406285
5406316
5407452
5407739
5408155
5408631
5409047
5409461
5411258
5411798
5413452
5413715
5414061
5414136
5414568
5415080
5415506
5415939
5417576
5417888
5418173
5419485
5420311
5421263
5421983
5422595
5423241
5425045
5425457
5426056
5427194
5427627
5427861
5428437
5428958
5428987
5429572
5429790
5430517
5432037
5433170
5433332
5433853
5434777
5435095
5435962
5436052
5436791
5436909
5437378
5437537
5437800
5440490
5440660
5440674
5441183
5443085
5443344
5443523
5444912
5445617
5445628
5446177
5446517
5446607
5448619
5449120
5449226
5449274
5449349
5449494
5452351
5453734
5454404
5455028
5455045
5455282
5457876
5458502
5459360
5460543
5461604
5461656
5462253
5463606
5464179
5464401
5465223
5465911
5466269
5467226
5469245
5469495
5469570
5470633
5470727
5471623
5472277
5475062
5475128
5475192
5476203
5476516
5476641
5477963
5479006
5479373
5479539
5480119
5481222
5483151
5483515
5484150
5484276
5484371
5484678
5485381
5486049
5486263
5486492
5488021
5488101
5488140
5489911
5490636
5491572
5491710
5491766
5492081
5492322
5492336
5492547
5493773
5495063
5495085
5496010
5497080
5497114
5497171
5498278
5498668
5498712
5498923
5499104
5499277
5499281
5499357
5499971
5500185
5500951
5501033
5502400
5503151
5503247
5503714
5503725
5504066
5504327
5507158
5507322
5507532
5508414
5508571
5509351
5510036
5510725
5510956
5511755
5512605
5512996
5513437
5514754
5516808
5517154
5519565
5521430
5521453
5521774
5522240
5523800
5524324
5524700
5525529
5525788
5526149
5526180
5526789
5527122
5527123
5527348
5530613
5530917
5531047
5531403
5532123
5532904
5533532
5533665
5534309
5536018
5537401
5538218
5538481
5538558
5538890
5539633
5539934
5541457
5542567
5542925
5543324
5544663
5544807
5545930
5547207
5548502
5549333
5549682
5549755
5549759
5549896
5550250
5550526
5550912
5551002
5551260
5551414
5552583
5554116
5555527
5555742
5556531
5560168
5560567
5561614
5562556
5563299
5563892
5564067
5564688
5564705
5564742
5564979
5565042
5565387
5565809
5566055
5566131
5569136
5569333
5569399
5569514
5569790
5569863
5570185
5571145
5571669
5571878
5572030
5572098
5572195
5572394
5572957
5573447
5573493
5574518
5575769
5576815
5577219
5578602
5578867
5579826
5579915
5580624
5581590
5582249
5582574
5583373
5584014
5585237
5586492
5586622
5588383
5588955
5590959
5591406
5591829
5592918
5593022
5593250
5594430
5594445
5595023
5596366
5597444
5598228
5598330
5601206
5601237
5601749
5602013
5605508
5606499
5608289
5608709
5608874
5609201
5609281
5609326
5609383
5609595
5610721
5610914
5611467
5613647
5613699
5613789
5614384
5615079
5616223
5616587
5617524
5617827
5618998
5620088
5620096
5620763
5621138
5621231
5621256
5621922
5622907
5623449
5623499
5624206
5624437
5624469
5626055
5629262
5630319
5630432
5630991
5631002
5632605
5632735
5635141
5635404
5635989
5637439
5639187
5639194
5642837
5642964
5645046
5645527
5646928
5647631
5648203
5648363
5649125
5649324
5650243
5650305
5650715
5654536
5654605
5654633
5656519
5659654
5661306
5661412
5662597
5662807
5662984
5663176
5663774
5663873
5664037
5664849
5665036
5665674
5665939
5666994
5667293
5668483
5668646
5672081
5673327
5674210
5675213
5675417
5675906
5676600
5677696
5678959
5679059
5682688
5683079
5683704
5684566
5684838
5687841
5687862
5687944
5688126
5688794
5691436
5693501
5693661
5694760
5697372
5697859
5698332
5699002
5699060
5699676
5699755
5699974
5699996
5700558
5700751
5700869
5701882
5702670
5702677
5702687
5702829
5705135
5705257
5705731
5705977
5706065
5706077
5706456
5706911
5707677
5707700
5708101
5709457
5710437
5710699
5711344
5711390
5711528
5713631
5714082
5715563
5716416
5717265
5720175
5720345
5720644
5722292
5722689
5722782
5722909
5723229
5723732
5724565
5726044
5728780
5732321
5733366
5733735
5734300
5735441
5735518
5735924
5736666
5736708
5737955
5738128
5739133
5739184
5739353
5740835
5741036
5742151
5742706
5742966
5744666
5745434
5745529
5746509
5746921
5747447
5747901
5748208
5748642
5749189
5750058
5751622
5752104
5753198
5753525
5754338
5754505
5756050
5757293
5758359
5758398
5759438
5759733
5760852
5761173
5761592
5762463
5764588
5765916
5766344
5766994
5767071
5767587
5768358
5769109
5769134
5770413
5771283
5771716
5771765
5771899
5772716
5772857
5773378
5776202
5776884
5777003
5777069
5778680
5779399
5780362
5780768
5780868
5782951
5782964
5783410
5785081
5785857
5786469
5788371
5788481
5791347
5791804
5792243
5792321
5793530
5794698
5794738
5796828
5798088
5798272
5798288
5799003
5800019
5803399
5803490
5803766
5804123
5804233
5804440
5807045
5807888
5808553
5809509
5809919
5810059
5810677
5811362
5813087
5813507
5813678
5814044
5814583
5814742
5815069
5815277
5815317
5815374
5815435
5816186
5816925
5817383
5818043
5818856
5819452
5820969
5822564
5824040
5825868
5827625
5828105
5829110
5830539
5833624
5833962
5835259
5835358
5836562
5836909
5838956
5842152
5842269
5842749
5843880
5844049
5850123
5850140
5851914
5852292
5852346
5852521
5853286
5853856
5855270
5856422
5858257
5858692
5859603
5860001
5861754
5862219
5862679
5862748
5862912
5863100
5863680
5863904
5865884
5866009
5866688
5866910
5869247
5869357
5870274
5870398
5871290
5871744
5872053
5872612
5873787
5874030
5874253
5875141
5875802
5877990
5878371
5880614
5880925
5881654
5882028
5882069
5882357
5882798
5883084
5883246
5883252
5884229
5884260
5884355
5884942
5885357
5886008
5886233
5886352
5886545
5886635
5887057
5890703
5891633
5891804
5891946
5892206
5893319
5895877
5896008
5897057
5897872
5898351
5899337
5899357
5899746
5899759
5900029
5900450
5902175
5905611
5905737
5906387
5907764
5908293
5910041
5910143
5911390
5913596
5914461
5914988
5915416
5915681
5916006
5916486
5917156
5917469
5919500
5919532
5920505
5920921
5922478
5922754
5922780
5923817
5924085
5925112
5925126
5925674
5927937
5928186
5928192
5930900
5930945
5931872
5932251
5933665
5934155
5934631
5937406
5937464
5937899
5938761
5939055
5939198
5940095
5940208
5940560
5940836
5941882
5942534
5942580
5943788
5944070
5944252
5944761
5946210
5946371
5946544
5947113
5948243
5949112
5949241
5951313
5951421
5952288
5953342
5953662
5955694
5955748
5956089
5958300
5958702
5961879
5963402
5964273
5964824
5967382
5968150
5968527
5969277
5969902
5970533
5970656
5970841
5971972
5972936
5973150
5973613
5973729
5974330
5977435
5978966
5980175
5980965
5981122
5982320
5987051
5987171
5987267
5987414
5987691
5987931
5988966
5989497
5991776
5993126
5993280
5993841
5994141
5994875
5995806
5996184
5996937
5997510
5997532
5998089
5998165
5998590
5999919
6000825
6001140
6001642
6002053
6002662
6004167
6005375
6006054
6006781
6008566
6009420
6009489
6009656
6010289
6011009
6011221
6011759
6011802
6016130
6016191
6016314
6017846
6018347
6020122
6020209
6020547
6021387
6021640
6022351
6023251
6023269
6023563
6023836
6023962
6024622
6025750
6025920
6026150
6026416
6027031
6027225
6027877
6029583
6029618
6030097
6030779
6032689
6035287
6035885
6036160
6036723
6037010
6037726
6038765
6038868
6039563
6039993
6040029
6040374
6040955
6041346
6041995
6043570
6044006
6044252
6044311
6044685
6044927
6045771
6046432
6048891
6048903
6049072
6049116
6049727
6050765
6051970
6053160
6053803
6054782
6055227
6055379
6057805
6060060
6060271
6060903
6061496
6062219
6063773
6063967
6064337
6064838
6064897
6065090
6066332
6066822
6067409
6067582
6067642
6067779
6069091
6069366
6069722
6069820
6070410
6070544
6072262
6072595
6073740
6074181
6074272
6074594
6077234
6077466
6078654
6080323
6080557
6081243
6082408
6082825
6084350
6084433
6084684
6085163
6085189
6086061
6086796
6086938
6087673
6088105
6088634
6089453
6090430
6090823
6091289
6092210
6092256
6094090
6094499
6096135
6096901
6097441
6098603
6098998
6100515
6100698
6100796
6103377
6103449
6103546
6103703
6103904
6106502
6107469
6109836
6109911
6111072
6112013
6113066
6115182
6115458
6115636
6117440
6118031
6118149
6120145
6120835
6121191
6121753
6121898
6122540
6122837
6123864
6123968
6124080
6124596
6125492
6126713
6128470
6128620
6129206
6130951
6131313
6131361
6131697
6131924
6132872
6132885
6133153
6133718
6135713
6136435
6136845
6137582
6137609
6137630
6137730
6138678
6139808
6140333
6140550
6141955
6142715
6143426
6143567
6143621
6143632
6144075
6145034
6145039
6145496
6146606
6146998
6148408
6149103
6149678
6150224
6150361
6151442
6152413
6152676
6152746
6153302
6153317
6155068
6156380
6156434
6157902
6159851
6159986
6160493
6161910
6164887
6165803
6166223
6166676
6167970
6168785
6170880
6173908
6174048
6175790
6176019
6176568
6177449
6177764
6182166
6182177
6182178
6182493
6185870
6186049
6186937
6187299
6189268
6189484
6189656
6190028
6190560
6191470
6191571
6191996
6192707
6194219
6196223
6196845
6197181
6197356
6197621
6198626
6199110
6199324
6199891
6202700
6203726
6204389
6205119
6205234
6205247
6205854
6206802
6206894
6207341
6209054
6211496
6211924
6212823
6213120
6213477
6214026
6214438
6214625
6214776
6215833
6217409
6217657
6218312
6219869
6220103
6222314
6222837
6222948
6223597
6223685
6224310
6224393
6225254
6225403
6225610
6226101
6226224
6228588
6228887
6231064
6231476
6231887
6232923
6233987
6234032
6234036
6234340
6234554
6235117
6236230
6236266
6236904
6238852
6239952
6240563
6242113
6242170
6242299
6242980
6245078
6245427
6245679
6245796
6246946
6247101
6247463
6247539
6247841
6248144
6248272
6249703
6250349
6250496
6251317
6251517
6251983
6254555
6254663
6254772
6254802
6254991
6255946
6256116
6256754
6258047
6258611
6259825
6260491
6260919
6262821
6262887
6263859
6264346
6264411
6264799
6266789
6266892
6266927
6267113
6267182
6267453
6268245
6269220
6272148
6272408
6274438
6274798
6277030
6277174
6277659
6280731
6281005
6282432
6284178
6284732
6285170
6285956
6286698
6286838
6287746
6287849
6288640
6289394
6289964
6290114
6290176
6290395
6291173
6291379
6291637
6291656
6292894
6293528
6293878
6294227
6295016
6295720
6296102
6296256
6297090
6297109
6297596
6297778
6297942
6298286
6298372
6298620
6298696
6299032
6299478
6299555
6300014
6300044
6300562
6302934
6303632
6303736
6304815
6305140
6305878
6306011
6306399
6306798
6309064
6309731
6312585
6313019
6314376
6315469
6315512
6315791
6316151
6317131
6317391
6317909
6319750
6319922
6319942
6320350
6321335
6321635
6322437
6323384
6324179
6324326
6324390
6324576
6325854
6326924
6328382
6329043
6329135
6329884
6330652
6330807
6331015
6331087
6331572
6332610
6333016
6333459
6335149
6335788
6337007
6337233
6337487
6338051
6339037
6339128
6341048
6343470
6343741
6343948
6344345
6344491
6344528
6344572
6344662
6344895
6345584
6346181
6347118
6347331
6347453
6348009
6348202
6348883
6349422
6351248
6351524
6352552
6353977
6354678
6354781
6354805
6355838
6356484
6356648
6356863
6357878
6359019
6359622
6361880
6362769
6363203
6364882
6365141
6365724
6366590
6366661
6366784
6367088
6367891
6367942
6368714
6368944
6369053
6369789
6370045
6370397
6370755
6371805
6372030
6373130
6376390
6376444
6377035
6377794
6380624
6381029
6381115
6381845
6382253
6382863
6382977
6384485
6384579
6384885
6384984
6386433
6387967
6390072
6390244
6391030
6391164
6392141
6393320
6394000
6395511
6395820
6397573
6398039
6399830
6399884
6399984
6400726
6401608
6404442
6404639
6405294
6405734
6405837
6406279
6406630
6407045
6407996
6408684
6409679
6409945
6410164
6411716
6411758
6412271
6412291
6412312
6412604
6413122
6413175
6413294
6414740
6416266
6416387
6416621
6416832
6416894
6416934
6417071
6417138
6417186
6418015
6419565
6419656
6420458
6420545
6421432
6421921
6422117
6422521
6422522
6422784
6423064
6424662
6425083
6426389
6426556
6427090
6427353
6427834
6427882
6428010
6428280
6428412
6430159
6431092
6431725
6431949
6432074
6432151
6432276
6432733
6433281
6433795
6435133
6435333
6435950
6437263
6437516
6437719
6437918
6438046
6438138
6438543
6438921
6438964
6439141
6439707
6443181
6443292
6443383
6444067
6445212
6445834
6446525
6446568
6450245
6452171
6452189
6452756
6454017
6454278
6454368
6456464
6456610
6456896
6457206
6457758
6457816
6459004
6459921
6460594
6462749
6463106
6463135
6463167
6463266
6463471
6463952
6464211
6464756
6465673
6467067
6467104
6467509
6468579
6468699
6468874
6471011
6471161
6471773
6472711
6472889
6473438
6474017
6474376
6474613
6476160
6476912
6478798
6479000
6479200
6480377
6480561
6481004
6481587
6482933
6485275
6485366
6486526
6486954
6487066
6491083
6491172
6491353
6492092
6492263
6492384
6493777
6494669
6495660
6495709
6495713
6496032
6496233
6496809
6496812
6497863
6498039
6498108
6498287
6498459
6499093
6499406
6499476
6499753
6500266
6500299
6502261
6503993
6504195
6504614
6506699
6506768
6507524
6507604
6507829
6508456
6508695
6509014
6509223
6511279
6512132
6512926
6514320
6514344
6514459
6515479
6516168
6516328
6516362
6516514
6516729
6517016
6517233
6518743
6519543
6519827
6520087
6520412
6521610
6522367
6522602
6522821
6524303
6524423
6525087
6525833
6528275
6528361
6528613
6528817
6529652
6530493
6530520
6530729
6531877
6532127
6533255
6533840
6534633
6534710
6536315
6536434
6537139
6537780
6537831
6538048
6538744
6539127
6540144
6540189
6540940
6541073
6541159
6542974
6544746
6545029
6546497
6546920
6548001
6549954
6550148
6550729
6551357
6551496
6551821
6552291
6554110
6554227
6554975
6555572
6556099
6556786
6557339
6557355
6557915
6559848
6562098
6562546
6563042
6563306
6564357
6564875
6565124
6566746
6566753
6567700
6567729
6567781
6568581
6568730
6569106
6569132
6569319
6569370
6569391
6569894
6570440
6570867
6571555
6573148
6574986
6575482
6575549
6575636
6575899
6576873
6577561
6577612
6577794
6578282
6579350
6580139
6580323
6580950
6581044
6581723
6581945
6582136
6583360
6583618
6583940
6584308
6586161
6587023
6587080
6588176
6588177
6590006
6591475
6591922
6592825
6592947
6593343
6595082
6595327
6596432
6597416
6597700
6597884
6598045
6599281
6600048
6601334
6604195
6604717
6605408
6605625
6605843
6606772
6607056
6607130
6607929
6608441
6610523
6612040
6613521
6614581
6615010
6615097
6615434
6616033
6616223
6617186
6618486
6619537
6619743
6620010
6620280
6623528
6624915
6625904
6628033
6628437
6629047
6629197
6629486
6629842
6631225
6631279
6631390
6631944
6631973
6632489
6633238
6633880
6634170
6635987
6636991
6637168
6637735
6637845
6637991
6638002
6638863
6640086
6642284
6642993
6644300
6645341
6647520
6647920
6648118
6649101
6649475
6650801
6652386
6653845
6653940
6655422
6655507
6657170
6657644
6658000
6658084
6660405
6662086
6662615
6662658
6663742
6664020
6664795
6666286
6666863
6666976
6667858
6668011
6669221
6670357
6670495
6673189
6673301
6673795
6674305
6675275
6676155
6676225
6677441
6678777
6679176
6679347
6679570
6679954
6680295
6680776
6680890
6681071
6681468
6682039
6683988
6684597
6684944
6685985
6687314
6687993
6688117
6688863
6689661
6691045
6691085
6692326
6692951
6693322
6693573
6694403
6695392
6695838
6695928