13445
16850
20055
21480
22252
25923
27240
27517
27562
34658
34723
34751
35668
36470
37416
37652
38710
40361
42168
43959
44771
50537
57609
58463
59038
59301
61580
62160
63896
66319
72842
80624
82068
82153
86883
89995
93951
96209
96891
97052
97756
98925
100262
100751
100770
101717
104608
106047
106874
107515
109055
111513
112284
114862
115244
115475
120158
120591
120842
120952
121491
123951
124113
129395
129708
132263
134102
139638
142511
143791
144311
144567
144618
151369
153578
155459
156977
158424
158796
161839
161959
162892
163664
165168
171290
172196
172329
177560
178548
178741
181502
182221
183393
184013
184362
192311
193387
194788
196499
197023
199625
200248
201520
205739
206618
207227
207812
207867
208458
215716
216313
217054
220323
220871
221980
222796
224201
224727
226815
228799
229188
232306
233141
234876
236718
240942
241232
241392
241816
242996
245053
246736
247533
250898
251733
253782
260017
262224
266370
266633
269364
269687
270831
279060
279251
279319
281314
282054
283552
286636
288945
289803
290140
291244
295631
295668
297236
297812
297820
298674
300062
302461
303008
307629
307763
309951
311150
313623
316642
319608
321305
321827
322428
331909
333400
333766
335670
336900
337494
339736
340150
341815
342945
343946
345595
347111
349762
350345
351510
352902
353354
353395
354577
354867
358710
360864
361454
361494
364207
364372
365759
367159
371437
373550
376306
376413
379286
383103
385026
386536
387525
387717
388960
390824
394653
395204
398924
399228
399606
400522
400778
401224
401613
404514
405577
413753
414288
414674
418793
419160
419937
419945
423117
423820
427500
428534
429512
432074
433050
433129
433412
433746
435731
439214
439364
442200
443116
443816
444449
445107
451364
452734
454862
455485
457420
457763
463089
463495
463526
467418
468342
470867
472398
472647
474446
478032
478465
479242
480973
492542
492951
495865
495930
499548
499689
500687
501073
501263
502447
502624
504165
504812
507506
509304
511896
516166
519200
522529
522641
526697
526986
527269
529377
530459
530497
533044
533882
534022
537482
537889
538011
538376
539511
542609
544897
545340
546263
549857
550879
550926
555427
555646
555988
556761
557718
558895
559359
560229
560382
561365
562466
567038
568486
568909
569363
571861
574982
574983
581040
583806
585409
589773
590811
592641
595552
595949
599229
600741
601565
604220
605653
605921
606290
607200
612789
615818
617829
618171
618813
620964
621054
622823
624998
625552
626369
627372
628519
634695
636882
638009
639382
639835
640755
642458
642873
643820
644597
645296
648204
662051
662920
663820
664805
666563
670692
672100
675204
678060
678408
680934
683525
684320
687422
692045
694575
696071
699983
701678
703654
707850
708471
710312
718033
719895
726102
730422
730728
732232
733754
733823
736169
739557
740163
740789
740892
742769
743525
744745
746030
747244
749617
752409
752490
753007
753674
754340
755231
755862
755990
757967
764150
767323
769409
774711
778177
778755
785323
785623
787437
788539
790064
791066
792236
801320
802520
803717
804238
805640
805758
806700
811284
813071
814733
815484
816837
819147
819273
824147
825962
830950
832974
837975
838981
840350
841449
842063
1130085
1131633
1134930
1137884
1138629
1139198
1141795
1142955
1143243
1148526
1151084
1152307
1152969
1153004
1156146
1156365
1157471
1158141
1159379
1161815
1161829
1163609
1170157
1172308
1172882
1173076
1175211
1176590
1178438
1178463
1183675
1184122
1184309
1184758
1185197
1186897
1187570
1187826
1189339
1189791
1196228
1198437
1199296
1199341
1200458
1200717
1200891
1201215
1204386
1204554
1205346
1205488
1206073
1213869
1219125
1221663
1223797
1225253
1225812
1225880
1226682
1227322
1229726
1230333
1232619
1233537
1233822
1235948
1236445
1237798
1239170
1240115
1242786
1245707
1248195
1248758
1249464
1252857
1252990
1254110
1262510
1265521
1266271
1266310
1267103
1268756
1274064
1280346
1282237
1284350
1285138
1290443
1290628
1291506
1292257
1292461
1293656
1294172
1295172
1300489
1302258
1302911
1303200
1308927
1308944
1311453
1312140
1314494
1315481
1315484
1318053
1324428
1324566
1326118
1326626
1327725
1328960
1328982
1332161
1333520
1334964
1336158
1339311
1340869
1343338
1343561
1343835
1344935
1345981
1347170
1349866
1355965
1358226
1358637
1360787
1361366
1363211
1365815
1366371
1366451
1370006
1373597
1374154
1375065
1377453
1377749
1382610
1384673
1385394
1386100
1386390
1397969
1402020
1405117
1406897
1412116
1412956
1415144
1415306
1416080
1418088
1419343
1422863
1424857
1427596
1429361
1430429
1441242
1441915
1447119
1449164
1450578
1452517
1453237
1453962
1461617
1462202
1463303
1466270
1469664
1469823
1471190
1477096
1477554
1478388
1478545
1479973
1481148
1481377
1481622
1483999
1485132
1486537
1488330
1491226
1491411
1492042
1492794
1492921
1493716
1503857
1504181
1505150
1505630
1506367
1506547
1508103
1508907
1511305
1513930
1516538
1516591
1516652
1517382
1518487
1519006
1522378
1522471
1532183
1535371
1537401
1537879
1538542
1540474
1542883
1551870
1551948
1552600
1552666
1560426
1562882
1566100
1574934
1576216
1578545
1580312
1581170
1581553
1586397
1587602
1587843
1591903
1594555
1594561
1596377
1597543
1599933
1602153
1603637
1603975
1606277
1609884
1612640
1617374
1620119
1621029
1621067
1621675
1624669
1625734
1625883
1627575
1629618
1630221
1630316
1631368
1634004
1637228
1638547
1640754
1641746
1641756
1643638
1647276
1648276
1648847
1651817
1652938
1653080
1654445
1658567
1660403
1665034
1665072
1667627
1667793
1674725
1675205
1679638
1680446
1680948
1681368
1681443
846146
848383
848715
849146
852006
854361
855866
857948
861078
862071
863327
864301
865014
865280
872273
872279
873217
873228
873264
879806
879826
883608
887363
896964
898760
898794
900098
904310
905037
908722
908966
909831
910457
911780
913965
914025
914349
918448
918478
921429
921701
923478
923961
924566
925981
926270
926828
928845
932854
934377
943573
944226
947365
950345
955365
957641
959304
960518
961687
962699
963276
965129
969045
969659
972297
973290
975281
976548
977809
982459
983233
984030
987551
990685
994506
996717
997079
998482
999762
999887
1001145
1001428
1003045
1004440
1004981
1005757
1007932
1009370
1010271
1014747
1017833
1022406
1027256
1027352
1027403
1030928
1031612
1031931
1033944
1035513
1036150
1037236
1040647
1040735
1044388
1048143
1048383
1048606
1050031
1050196
1050340
1052746
1058930
1062971
1064816
1066553
1067183
1067599
1068183
1070344
1071067
1072315
1078796
1081974
1082867
1083270
1084930
1085217
1088364
1090490
1091049
1091932
1093256
1095011
1095874
1097498
1097640
1098114
1102481
1102683
1103716
1106252
1108601
1109638
1112426
1113650
1117127
1122599
1122809
1123389
1126079
1685779
1700840
1703200
1706404
1715620
1715726
1716357
1716884
1717515
1718000
1722197
1722703
1728439
1728773
1728873
1729274
1733992
1735913
1737199
1738398
1738926
1739562
1740347
1742246
1744086
1745666
1747641
1747972
1750388
1751242
1757199
1760345
1761273
1763429
1763432
1764925
1764961
1766413
1768095
1768728
1769349
1770157
1770442
1772105
1773493
1774956
1778103
1780011
1780748
1781048
1781856
1783662
1786054
1786087
1790436
1794070
1794265
1797343
1800087
1800120
1801852
1801898
1802448
1802858
1804163
1806667
1806968
1807960
1808224
1808798
1810871
1810980
1813163
1813571
1818438
1818706
1818816
1819301
1823952
1824002
1824548
1824988
1826651
1827192
1832991
1834432
1836679
1839053
1842165
1844364
1846193
1849069
1851338
1854120
1854515
1856699
1856847
1857505
1859275
1862041
1867428
1871688
1871806
1872875
1873642
1875107
1876965
1881904
1883016
1884142
1884374
1887072
1888157
1888191
1889876
1894318
1894518
1895410
1896096
1901904
1902020
1906103
1906156
1907449
1907620
1910218
1913588
1914802
1915178
1916550
1918748
1921919
1926011
1926110
1926877
1926938
1931481
1931676
1931741
1932129
1934625
1937367
1938910
1939998
1941756
1943703
1945151
1948149
1948190
1949895
1949937
1952431
1952756
1954622
1954991
1955970
1956402
1961627
1962144
1965992
1966533
1970024
1971837
1975839
1979033
1980156
1983238
1985409
1986176
1986947
1987627
1988263
1990356
1992437
1994358
1994467
1995498
1996035
2000170
2000999
2001711
2008466
2013383
2013445
2014364
2014385
2015465
2017094
2018114
2019284
2019657
2023978
2029201
2031303
2031483
2034292
2034812
2034854
2035639
2036936
2038668
2042238
2042458
2047454
2049390
2050482
2054545
2055048
2055859
2058001
2058829
2060048
2062229
2062932
2063043
2067424
2067579
2069623
2070977
2071910
2072275
2073363
2075098
2075267
2075882
2078228
2078612
2079032
2083809
2088060
2089234
2090052
2090269
2091093
2092221
2093651
2094427
2094458
2095435
2099519
2102114
2102814
2107811
2108105
2110133
2113451
2114046
2114816
2114885
2122091
2127775
2132259
2134493
2136770
2137312
2138227
2138627
2141657
2141730
2142108
2142900
2143958
2144955
2151704
2153144
2155584
2157388
2164123
2166050
2166334
2168428
2168899
2170945
2172031
2172286
2173899
2174019
2175161
2178433
2178936
2180954
2181982
2182971
2183152
2183320
2183595
2184762
2185442
2185617
2187554
2188724
2190843
2192004
2192723
2194544
2195899
2196384
2197143
2197144
2197900
2202087
2206278
2206657
2208138
2210772
2212235
2212261
2212576
2212860
2215056
2216457
2217103
2217771
2218113
2219380
2220026
2222238
2223861
2224544
2225943
2228487
2230858
2237297
2237973
2239451
2241326
2241380
2243387
2244372
2244532
2253613
2258644
2263380
2264771
2265064
2266836
2268929
2269272
2272041
2272249
2275442
2277855
2278370
2278731
2280333
2281324
2281801
2282166
2282257
2283290
2283446
2285119
2288714
2290528
2292970
2293525
2294675
2295706
2295956
2298417
2299027
2299177
2299192
2299227
2300437
2300596
2302644
2308249
2309046
2312178
2313594
2314277
2316221
2319587
2320106
2321254
2321957
2322655
2324713
2325936
2326422
2328836
2329689
2332521
2334516
2334985
2336920
2340423
2341511
2342911
2344158
2344475
2345719
2346592
2348925
2349116
2349561
2350631
2354225
2356858
2357029
2357269
2358745
2358765
2362347
2363973
2364715
2365992
2367832
2371127
2371811
2376312
2376549
2378689
2379595
2383622
2388866
2390071
2391252
2391283
2393423
2394852
2398050
2399046
2400298
2400646
2401267
2402450
2404639
2406261
2407469
2408024
2412850
2416144
2418236
2418299
2418657
2424893
2426673
2428063
2428544
2429299
2432778
2435059
2436517
2436599
2439096
2439234
2441835
2443055
2443222
2443788
2445837
2446540
2447736
2451038
2452487
2453136
2454658
2457258
2457571
2457841
2458191
2458847
2459931
2462810
2466357
2467465
2470830
2479027
2479267
2484516
2484541
2484741
2486764
2491483
2492349
2493188
2493694
2495876
2499672
2501908
2502652
2503428
2504825
2505196
2510695
2516971
2517489
2520038
2522773
2524276
2524828
2524941
2525969
2528127
2528293
2528402
2528589
2529502
2531002
2532462
2532838
2533281
2538175
2539135
2540495
2541618
2543510
2545152
2546047
2546263
2548697
2550498
2550568
2551683
2554287
2554443
2555128
2556934
2557637
2558105
2558930
2559006
2560058
2563098
2564779
2566458
2566719
2567771
2572931
2574253
2577509
2579886
2583557
2584644
2584721
2585243
2585457
2588695
2589867
2590215
2590619
2591212
2591983
2592563
2592592
2593049
2593116
2594798
2595671
2597241
2598381
2600591
2602880
2607602
2608844
2611993
2612455
2615152
2625421
2627468
2627696
2627707
2627738
2628454
2632603
2634125
2635854
2636390
2636905
2638261
2640932
2641434
2647148
2648269
2653035
2653681
2653817
2654494
2657865
2659745
2660098
2662044
2663474
2668353
2680039
2688201
2691722
2697232
2697378
2699411
2699620
2700137
2700247
2703604
2705479
2706034
2706974
2708868
2709636
2712974
2715154
2719107
2720892
2723554
2724660
2725948
2726137
2726388
2727862
2728377
2730977
2731779
2733855
2734751
2739873
2743717
2747778
2750713
2751472
2753055
2757758
2760075
2761858
2762519
2763136
2764051
2765535
2765841
2766495
2766792
2767370
2769086
2769230
2769245
2770018
2773007
2774395
2774599
2776454
2776523
2776545
2776853
2778090
2779170
2779896
2782240
2783020
2784048
2784400
2790486
2792512
2793230
2798101
2798269
2799234
2800908
2803484
2806113
2806621
2806861
2807607
2808616
2809608
2811448
2818509
2821876
2824154
2824582
2824936
2826953
2827934
2829149
2829731
2829950
2830340
2830678
2831030
2832533
2834238
2836892
2838169
2838476
2838511
2841512
2841692
2842978
2847126
2848109
2849921
2849973
2855490
2859396
2860672
2863146
2863654
2865037
2865681
2865825
2868452
2869266
2872193
2873320
2877345
2879033
2881037
2883793
2884160
2884723
2888005
2888053
2888945
2889448
2892192
2898911
2899717
2902558
2903759
2903940
2909237
2910196
2912587
2913928
2913996
2914508
2914757
2918707
2922447
2923366
2924741
2927587
2927878
2929053
2932497
2939068
2941732
2942686
2945786
2945802
2945861
2946238
2946323
2948348
2950100
2950366
2951899
2952848
2953121
2954080
2954528
2955120
2956750
2958195
2958674
2958708
2959475
2963177
2963717
2966237
2966826
2969932
2972873
2973326
2974474
2975578
2976516
2977854
2977982
2979232
2980018
2980166
2983924
2984729
2985331
2986540
2987925
2988168
2988872
2991608
2992876
2996483
2999740
3000282
3002268
3003340
3004968
3008384
3009410
3010061
3011187
3019255
3020748
3020810
3021737
3021761
3022188
3022602
3022616
3025455
3026022
3026990
3027871
3030177
3032338
3034429
3034580
3036269
3037790
3042174
3045097
3045672
3047186
3047509
3048895
3051649
3051780
3052393
3053108
3054438
3056651
3056774
3060771
3070416
3072771
3075007
3076000
3077283
3077380
3079847
3082469
3094811
3097657
3099270
3100331
3104505
3104674
3107635
3109133
3109681
3109754
3110126
3110987
3115290
3115549
3117384
3119530
3122170
3122852
3125149
3127978
3128195
3128690
3129216
3129417
3130515
3130657
3131016
3132379
3134758
3135143
3135998
3136358
3137138
3138258
3139234
3140040
3141036
3141627
3144106
3144763
3146971
3149701
3149751
3151920
3153337
3154260
3157525
3159549
3162846
3163537
3164813
3165772
3168625
3169990
3171983
3172683
3174020
3174114
3174220
3174896
3175975
3176731
3182608
3187545
3188154
3189830
3192769
3194803
3195111
3196686
3198300
3199075
3200488
3201167
3201467
3202290
3204051
3205627
3205715
3206448
3207950
3208275
3208771
3210622
3213265
3213593
3213969
3214803
3215411
3216599
3216983
3217422
3221243
3224118
3225170
3225418
3225534
3226037
3226255
3228440
3229266
3229456
3230442
3231120
3233293
3234334
3236410
3236994
3239997
3242075
3243784
3248757
3262688
3263160
3266755
3267715
3267974
3270466
3270716
3274492
3274494
3279023
3281437
3290948
3297145
3301759
3303244
3306582
3311271
3312654
3318118
3318251
3320120
3320157
3320302
3321852
3324961
3326934
3331593
3335718
3340932
3342577
3348723
3350710
3354779
3355174
3355335
3355611
3356227
3356260
3356568
3356814
3361849
3363319
3363526
3367071
3369193
3370557
3373286
3375585
3376659
3377526
3379819
3384320
3390223
3392557
3393166
3396303
3396972
3399295
3401365
3404207
3404353
3404393
3406458
3409566
3411442
3413324
3414313
3417948
3418064
3422719
3423693
3424857
3425892
3426613
3427336
3432700
3433029
3435718
3436341
3437310
3437396
3437600
3437975
3439815
3440216
3440968
3441478
3441949
3442291
3443741
3443834
3446021
3446703
3447041
3448829
3449028
3454031
3458106
3460428
3461119
3462753
3462950
3465111
3467109
3467670
3467688
3467879
3467966
3470972
3472125
3474126
3474867
3475388
3477504
3480845
3485972
3486823
3487160
3496324
3498375
3499433
3502650
3503625
3504662
3507217
3507428
3509417
3512555
3514142
3515987
3516049
3519961
3522772
3523465
3523490
3523620
3523945
3524994
3525653
3526423
3526732
3530447
3530506
3532726
3535624
3536516
3537329
3537500
3538313
3539139
3539771
3541337
3545240
3552142
3554387
3556269
3556427
3557283
3557848
3558187
3558665
3559593
3559855
3561913
3565243
3566171
3567842
3569183
3570412
3577144
3584095
3584282
3584343
3585027
3586966
3587072
3590008
3593391
3600119
3600189
3600489
3600650
3601291
3601612
3603645
3606242
3607456
3607680
3608427
3608631
3609240
3612620
3614707
3618051
3619683
3619874
3622409
3623211
3623597
3625034
3625071
3626629
3628267
3630674
3633899
3635934
3636242
3637115
3638390
3641133
3641343
3641344
3644105
3647099
3648798
3649615
3650774
3652807
3653016
3653724
3658808
3659396
3660762
3661409
3662816
3664919
3667082
3667182
3668785
3669086
3671344
3672485
3672650
3676472
3677199
3677336
3681292
3682680
3682771
3683357
3683949
3686239
3692420
3693388
3694467
3698803
3699797
3701525
3703240
3707013
3711586
3715449
3717051
3719707
3722316
3722334
3724771
3730762
3730870
3738126
3739386
3741481
3743165
3743235
3743684
3744049
3744550
3746091
3749594
3753184
3754785
3757332
3762611
3763773
3766823
3767164
3768234
3768342
3770609
3772059
3773729
3775287
3777404
3777661
3778236
3781783
3783809
3785013
3785329
3785625
3786334
3787992
3788885
3789306
3792706
3793039
3793082
3795859
3797050
3798218
3801282
3802060
3804795
3805834
3808440
3810622
3810804
3812088
3815532
3817708
3819168
3821223
3822703
3823934
3824035
3825500
3829492
3833479
3835968
3836824
3838967
3845621
3848943
3849219
3849826
3851815
3853167
3853437
3855616
3857725
3858004
3858119
3858385
3861754
3861971
3865298
3867496
3869939
3870099
3872498
3872586
3874692
3875324
3876687
3877034
3878564
3880480
3882354
3886398
3892360
3894230
3895677
3896446
3896731
3899508
3901323
3904702
3907004
3907168
3909236
3910965
3913955
3915568
3915894
3916547
3919125
3919507
3921045
3925031
3927495
3927827
3928084
3928242
3928380
3930411
3930823
3935371
3936350
3940975
3944743
3945229
3946347
3948170
3948743
3951186
3956102
3956305
3958758
3959339
3960531
3961312
3962278
3963120
3963361
3963848
3966065
3966837
3968639
3969112
3971453
3972910
3973228
3974129
3975946
3981915
3983969
3987214
3987653
3989682
3991623
3992029
3992093
3992526
3993811
3993986
3995129
3996008
3997140
3997821
3997867
4004801
4005158
4005303
4013869
4016634
4018155
4019197
4019573
4022173
4027803
4028331
4028628
4030004
4034529
4037315
4039640
4040252
4050718
4050972
4053537
4053956
4054590
4055309
4057499
4060785
4062073
4062223
4062847
4066418
4066433
4066830
4068704
4069770
4072045
4074688
4076440
4077449
4079150
4082072
4086578
4086773
4089847
4091209
4092153
4092737
4094777
4096025
4098060
4098101
4099820
4100127
4101419
4101742
4102785
4102865
4103266
4103996
4108450
4111535
4114386
4114574
4115694
4116934
4118026
4120347
4122948
4124814
4126601
4127373
4127465
4129959
4130804
4132731
4134443
4135988
4136074
4141256
4143101
4145527
4147050
4147662
4149377
4149733
4155743
4158536
4159113
4160503
4161539
4161678
4162246
4167791
4167905
4168213
4174335
4174788
4174962
4175465
4178312
4180414
4183789
4183830
4186327
4187828
4191257
4193258
4193967
4201058
4204648
4205705
4207015
4209398
4217169
4218499
4225313
4225770
4228328
4229665
4232171
4234236
4234536
4235113
4235785
4239754
4240362
4243679
4252576
4252805
4257222
4258271
4258702
4260538
4263663
4267082
4267095
4268605
4270697
4270765
4271460
4271869
4272659
4272690
4276046
4276372
4277325
4277908
4278251
4284315
4289635
4292476
4292633
4292738
4293200
4293727
4296315
4296804
4298780
4299885
4300693
4300861
4301296
4302215
4303828
4306402
4310854
4312414
4312881
4314189
4315914
4316404
4319786
4326159
4329775
4330154
4332175
4333155
4336153
4336325
4337657
4338784
4342783
4344090
4346539
4349231
4352258
4354106
4354143
4355361
4356092
4360107
4360270
4363141
4376469
4378458
4378583
4381053
4381845
4382034
4383562
4388321
4389482
4389498
4390005
4390827
4390947
4391280
4392033
4393052
4393456
4393521
4394138
4394816
4396778
4398013
4403792
4404674
4405393
4408783
4412102
4412772
4412976
4416205
4420447
4420531
4423301
4423409
4425793
4427924
4428915
4429246
4429570
4438202
4440404
4441295
4441697
4441794
4441817
4442486
4443241
4449565
4449834
4452341
4452859
4452968
4454009
4454360
4455665
4456207
4456368
4458673
4458822
4458997
4465229
4469214
4469232
4477613
4479113
4483029
4483672
4483867
4486299
4486561
4488951
4489696
4492604
4494200
4494879
4496598
4498652
4505548
4507885
4508576
4509260
4509506
4510695
4515605
4515746
4516152
4518856
4520615
4524061
4525838
4528894
4529197
4529323
4529448
4529973
4531175
4532220
4537846
4544896
4545167
4545702
4546520
4548757
4548947
4549718
4549761
4549919
4553507
4555761
4563746
4564895
4566494
4568064
4575878
4575934
4581563
4581669
4582721
4588238
4588884
4591873
4593582
4595237
4605419
4607058
4608746
4609476
4610023
4611173
4616747
4630529
4634264
4635999
4636274
4636314
4638035
4638754
4639203
4640513
4640821
4643858
4646373
4647696
4650314
4650693
4652278
4654551
4655926
4657563
4659848
4664923
4665558
4665765
4666325
4668240
4671076
4671561
4676269
4677653
4678211
4682420
4684632
4685477
4690960
4691001
4694303
4696825
4698933
4700757
4705942
4706208
4706940
4710214
4710822
4711424
4712910
4714947
4716223
4719950
4723027
4724187
4724760
4725514
4727421
4728111
4728567
4728747
4730794
4731905
4732237
4732418
4733582
4734603
4738864
4742815
4743614
4744135
4745479
4745554
4749052
4749127
4751746
4752052
4752093
4753139
4757563
4759742
4761120
4761372
4770601
4773326
4776029
4779290
4781435
4783890
4784821
4785897
4788347
4789571
4791172
4794966
4796958
4799504
4801455
4802026
4803409
4804897
4810133
4810655
4815420
4816078
4818974
4820222
4827470
4828368
4830777
4835234
4836231
4836763
4837956
4840009
4845082
4845357
4848439
4848614
4853566
4854413
4854728
4860091
4861320
4865100
4865257
4865392
4865948
4866846
4868801
4868970
4872751
4875515
4876948
4879293
4881085
4881586
4881997
4883307
4884393
4885395
4888887
4888919
4889104
4890745
4893833
4894054
4896272
4897938
4899193
4904158
4907073
4907430
4908289
4909750
4909957
4915567
4920458
4922059
4922074
4922408
4922662
4923792
4926112
4926496
4930518
4932444
4938705
4939548
4944582
4944735
4948265
4949019
4952983
4953237
4953611
4958250
4960985
4963960
4964845
4964972
4968818
4976796
4977481
4982105
4983187
4985292
4986956
4989786
4992628
4992744
4996557
4996867
4999702
5001232
5003113
5009056
5010401
5011600
5011713
5015919
5016222
5016431
5017392
5018041
5020017
5022314
5022482
5023859
5024428
5024528
5030906
5031659
5040016
5041492
5042655
5043010
5050096
5051929
5051991
5054699
5056945
5058274
5059585
5061405
5061698
5068391
5068630
5071550
5071594
5074163
5075720
5076096
5079708
5086283
5089302
5092436
5093128
5094469
5095042
5097677
5099432
5100006
5100334
5100848
5101138
5109083
5110395
5111745
5115493
5115534
5116066
5118184
5121653
5122949
5130330
5131816
5134578
5140154
5143305
5143493
5143852
5144094
5151076
5153330
5155125
5155192
5158922
5159074
5160928
5162313
5162739
5164651
5165583
5167673
5170559
5172559
5173357
5174219
5175234
5175448
5177003
5181345
5182629
5188136
5188621
5189083
5189444
5190885
5192430
5192745
5194927
5198925
5199198
5200461
5201353
5202166
5208586
5208617
5211751
5211818
5214805
5215118
5215594
5215705
5219824
5219971
5220164
5225102
5226685
5227303
5228122
5231488
5234351
5235402
5236584
5237834
5239156
5239877
5240927
5244732
5244771
5248141
5248174
5248729
5250456
5250641
5252529
5253105
5256089
5257785
5258209
5258356
5260234
5263939
5266937
5269127
5269603
5271403
5272074
5272138
5275314
5279197
5279811
5281790
5284808
5286603
5297436
5297599
5298356
5301189
5301565
5310083
5314375
5317856
5318755
5324516
5329104
5331860
5335444
5335845
5338165
5339180
5342087
5342315
5342365
5344804
5350996
5353063
5354539
5354715
5358174
5358573
5364994
5371451
5372473
5374716
5377005
5379762
5384159
5385782
5386008
5387281
5388579
5389167
5391373
5393530
5398167
5402457
5410036
5410173
5413991
5414688
5414992
5415010
5419655
5420283
5423116
5423820
5426634
5427685
5428255
5428727
5429195
5431259
5432935
5434185
5434705
5437305
5438184
5439329
5439596
5445095
5445142
5446702
5448552
5452428
5462741
5465725
5468254
5470710
5471147
5472263
5472604
5475138
5475631
5476660
5478219
5479808
5483847
5488791
5489175
5489929
5492746
5493505
5494589
5495994
5496404
5499570
5501505
5501746
5504977
5505742
5507052
5508600
5510483
5511667
5514479
5515414
5518184
5518407
5518556
5524960
5529024
5535003
5536306
5536524
5537967
5539491
5545326
5547416
5549393
5552176
5553834
5557146
5558295
5561389
5562230
5563299
5567257
5569956
5572521
5572697
5575195
5577601
5577649
5583267
5585709
5586605
5587682
5588483
5588932
5590003
5591520
5592903
5593902
5594768
5596269
5596667
5598159
5598732
5598786
5599469
5606737
5608037
5608072
5608245
5616437
5618181
5618765
5619515
5624606
5625455
5630563
5632028
5633189
5643068
5643586
5646367
5648184
5648207
5649424
5656880
5658050
5658066
5658216
5658672
5658952
5660939
5668082
5670743
5672237
5672730
5673057
5675213
5676347
5677094
5677731
5681449
5683231
5694742
5702797
5709464
5710709
5711998
5715364
5717822
5720121
5724772
5728569
5731144
5732530
5732921
5737377
5737421
5737955
5737977
5739165
5741559
5742459
5743394
5746174
5746779
5747786
5753429
5754401
5757163
5761199
5761252
5761895
5763372
5765811
5766015
5768858
5774794
5778600
5780481
5784308
5784831
5787111
5787831
5788448
5789633
5794197
5794564
5796835
5798818
5800165
5801334
5801498
5804123
5805770
5807453
5810074
5816811
5818232
5819805
5822877
5825019
5825442
5825877
5826226
5827497
5829117
5829972
5833681
5834851
5838780
5839157
5842569
5845553
5847731
5848229
5852141
5853512
5856824
5859295
5861149
5863069
5863186
5863585
5864114
5865679
5866792
5870450
5880365
5885199
5886300
5887092
5887894
5888103
5888328
5891183
5893220
5893556
5894143
5894904
5898711
5901290
5901898
5902151
5904729
5905547
5906508
5909214
5909768
5911025
5914841
5915726
5916033
5920106
5920145
5920584
5922672
5925915
5928021
5936331
5936896
5937647
5941037
5941166
5943220
5951710
5956625
5958653
5959319
5960254
5961053
5963117
5964492
5965218
5965430
5966343
5966637
5973805
5976364
5979516
5983428
5983943
5985069
5988792
5988845
5992681
5996085
5998307
5999769
6000345
6004155
6008533
6009512
6013738
6015011
6016248
6016286
6019047
6023341
6024390
6024656
6027519
6031854
6034020
6036176
6037872
6041637
6044192
6049573
6051059
6055965
6058693
6060463
6060811
6061579
6062968
6064296
6066599
6072135
6085768
6086851
6088677
6091604
6093138
6093440
6097062
6098364
6100802
6101594
6103341
6103633
6104139
6107792
6110494
6114649
6115038
6115848
6118228
6119600
6121128
6121926
6124517
6129963
6133181
6133366
6136790
6137096
6139245
6139502
6140146
6143149
6144407
6146567
6147269
6147823
6157707
6158617
6159658
6163798
6167062
6169676
6171663
6171683
6173046
6179727
6179911
6182877
6184479
6187646
6191399
6194515
6196547
6203163
6204440
6204919
6206694
6210123
6210148
6213186
6213478
6213618
6218156
6218881
6218909
6224472
6225357
6238640
6239683
6241708
6242038
6242419
6243523
6244091
6247044
6251843
6252595
6252875
6253138
6257978
6258772
6259716
6261802
6263303
6264459
6265065
6267600
6272096
6276594
6277033
6278016
6278105
6279897
6281763
6282561
6290638
6291718
6292565
6294054
6294321
6294544
6295286
6296686
6300226
6301817
6302421
6303950
6304115
6309569
6313587
6315742
6317925
6318707
6319064
6324516
6324924
6326899
6334895
6337014
6339643
6339887
6340486
6341107
6347290
6349056
6357999
6358112
6364028
6366314
6369212
6373682
6375382
6383098
6385507
6388000
6390152
6391309
6396176
6398674
6404227
6405405
6410684
6411404
6412497
6415330
6416200
6419724
6421425
6422933
6423334
6423783
6426244
6426556
6426974
6432460
6436438
6441505
6441599
6441907
6442681
6445196
6446243
6449550
6449869
6456174
6457957
6458168
6460762
6460818
6462901
6463006
6464438
6466172
6468603
6469209
6479884
6481995
6483224
6486833
6486966
6487232
6489054
6490060
6490447
6493730
6494278
6495787
6496514
6498269
6499315
6500188
6506513
6507064
6509967
6512107
6514265
6521226
6523474
6526065
6526252
6530399
6532136
6535831
6537280
6538720
6540150
6541353
6541984
6542363
6542401
6547670
6550191
6551676
6555582
6556115
6560167
6565423
6565665
6572953
6573244
6574155
6575572
6578009
6579971
6581648
6582117
6582723
6584535
6587674
6588198
6589238
6589591
6591364
6591745
6592903
6593911
6594313
6594917
6600111
6602662
6607445
6607721
6607829
6609245
6609948
6616779
6617645
6618771
6618827
6619164
6619481
6619591
6622581
6623285
6623287
6623306
6623891
6624496
6627052
6630439
6634507
6635023
6637292
6637519
6640053
6640682
6642541
6645070
6645965
6651700
6651890
6653906
6656597
6657722
6658070
6658897
6659205
6661613
6662995
6663615
6665256
6668194
6668962
6671983
6672519
6673080
6686944
6688301
6691590
6692670
6693947
6694456
6694851
6695829