52962
59106
108931
152922
187917
188616
281243
310317
398355
422650
423279
545473
574140
753792
779085
812641
1192188
1287743
1292169
1304708
1326642
1359975
1468623
1500241
1558077
1599999
1658437
872993
890472
894518
963605
963851
992941
1038892
1044907
1051478
1085216
1098160
1108614
1728084
1753959
1833561
1913146
2000071
2087994
2111626
2116577
2153099
2169551
2232399
2245491
2245915
2267732
2269021
2276688
2343160
2387251
2392077
2480884
2611505
2643524
2677112
2720696
2755975
2798010
2802538
2839205
2927703
2928906
2941935
2962042
3065842
3088695
3190098
3315523
3463099
3463454
3483016
3519878
3550525
3568153
3578721
3580491
3639098
3693056
3694112
3728993
3763592
3869884
3902880
3931836
4014460
4075296
4107351
4143374
4239881
4241832
4252273
4369778
4390985
4575882
4590706
4626967
4630131
4631231
4749481
4774804
4812531
4827871
4873996
4913033
4946326
5028968
5032262
5032304
5061575
5077973
5097594
5182037
5190581
5217163
5290597
5427826
5441714
5452645
5456466
5492336
5510841
5601364
5664849
5737693
5778272
5813595
5826940
5862946
5870234
5924923
5945805
6055490
6267689
6283149
6305087
6344015
6374731
6383376
6411369
6520040
6657139
6695166