268
358
942
1103
2658
2968
3027
3547
3914
4697
5956
7168
7403
8710
8780
9278
11415
11602
12843
13162
13711
13755
13901
15850
16331
17610
18175
19790
19845
20789
22176
22641
22703
22780
23130
23579
23663
24131
24803
25688
29732
30041
30051
30256
30384
30604
34348
35403
35446
36918
38255
40165
40316
40439
41014
42034
42615
43413
44544
44628
47512
47674
47901
48718
48882
49999
51103
52001
52293
52788
53195
53866
54286
55477
55934
56093
58385
59733
60122
61423
62665
63096
63104
64129
64254
65968
67212
67719
70086
70384
70648
71480
72617
74140
74483
74748
75412
75782
76494
76711
79796
81302
81608
81744
83557
83653
84449
84647
84766
85893
86150
86392
87625
89141
89320
89480
90421
90746
91422
92271
92579
93307
93584
94013
95600
95668
97609
99571
102768
107013
108484
109087
110891
111087
111485
111987
112002
112153
112554
113045
113413
114155
114664
115141
115234
115505
115663
116498
117522
119566
120701
121676
122215
123885
125401
125660
125974
127286
127982
128479
129414
129750
130140
130204
130420
131054
131439
132455
132772
132782
133122
133189
134197
134252
134259
135465
137175
137997
138351
138797
139218
139547
141911
144450
144695
144738
145082
145966
146167
148841
149047
151265
151451
151736
152112
153994
154777
154975
155377
157207
159782
160061
160367
161605
162369
163452
164124
164653
164851
167913
169997
170769
172794
173394
174752
174905
175664
176270
176492
177300
177504
178269
179727
179778
180663
180745
181474
183045
183072
183738
185173
185231
186806
186931
187368
188500
189012
189406
190645
191616
191857
192070
192204
192896
193250
193338
195327
196461
198070
198162
198882
199013
199396
200022
200072
201068
201349
201619
202480
204133
204534
205593
206096
206641
208677
208702
209484
209865
209925
211057
211468
211850
212082
212235
213421
213616
213798
213936
216160
216784
218337
218669
220086
220661
221238
221607
222402
224112
224747
224958
224963
225550
225716
227239
227677
229861
232214
232852
235265
235288
235403
235932
236050
237819
238081
238955
240664
240871
241458
242471
242900
244402
245509
245775
246262
246447
246523
246749
246975
246981
247564
248689
248921
249338
249591
250441
252484
252602
253036
253376
253578
254241
254687
255566
255659
256574
257163
257722
259040
263097
263420
266623
266871
268448
270591
271046
271721
271805
272059
272877
274734
278123
279091
279269
280059
280638
282072
282814
283052
283095
283260
283527
284046
284909
286102
288140
289413
291085
291274
292991
293597
295689
295990
296092
296190
296658
297463
298716
299450
299516
302329
302803
303999
304732
305027
305486
305781
306521
306923
307284
309146
309667
310015
310743
310974
311398
311492
311672
311994
313580
313656
313860
315513
315983
316037
316342
318673
318786
319086
319105
320242
321137
321817
322800
323571
324382
326122
326167
326604
326663
327784
328336
328667
329048
329123
330249
330396
331493
332928
333719
335028
335296
335657
337297
337686
338535
341435
342081
342410
342887
343197
343386
344797
345258
345495
346223
346852
349102
349434
349525
351041
351149
351907
352365
352518
352880
355346
355681
356252
358958
359248
360575
360904
361189
362438
362515
363798
364261
367274
367994
370656
370726
371158
375379
375467
375638
378146
378655
379688
380116
380540
380998
381783
382112
382952
383261
384578
386237
387469
388563
389444
389514
389723
389769
390130
390821
391257
391869
392712
393294
393611
393943
394260
395872
397022
397442
398560
400012
400491
400746
401395
402144
403444
403459
403945
405933
406363
406892
408591
408603
409353
409760
411315
411500
411503
411791
412220
414447
415145
415820
415892
417810
418886
419562
419885
420144
420393
423030
423295
423512
423947
425229
426016
426470
427207
428500
428851
429216
429623
430571
430583
431910
432708
434632
435808
438838
439031
440281
440573
441223
441480
441543
442157
443074
443823
444151
445982
445983
446153
446624
447292
447383
447394
448475
448926
451001
451434
451614
451753
452325
452345
453588
453615
454064
454495
455173
455334
455379
456269
456454
456953
459021
460708
465980
468142
468229
469011
469795
470371
472260
475453
475698
475837
476257
476377
477794
477999
478837
479596
481454
481944
483512
483609
484204
485445
485529
486265
486771
487072
487228
488574
489164
489807
490025
491566
493359
493655
493689
494399
494584
495378
496563
498464
498872
499533
500119
501087
501293
503449
504814
506023
506340
507837
510224
510374
510498
510590
510812
510928
511407
511859
512731
514178
514584
515248
516323
517695
517899
517934
518737
518752
519530
519780
520449
521050
521078
521534
522370
523536
523732
524180
525141
525658
526949
527517
528731
529127
529433
532406
532950
533264
533560
535964
536622
537049
537220
537463
539780
539846
540829
540920
542118
542382
542484
543502
545563
547120
548316
548790
549413
550259
553531
553941
554196
555062
555185
555808
556193
557310
557802
557804
559578
560062
560560
560715
563572
565156
566866
568578
568960
570318
570381
571015
573686
573803
573837
573872
574310
574772
574973
576435
582018
582249
583164
583365
584253
586605
587701
588035
589331
590060
591373
591409
591681
592593
592789
593121
595117
595754
595814
596267
596450
597687
597723
598115
600598
600931
601768
602001
602272
603403
603456
603799
603858
604745
606241
606305
606877
607758
609573
610639
612865
613710
614467
614689
615308
615638
619308
619314
619471
622898
623226
623329
624189
624584
624592
625322
625805
626414
626948
627342
628239
628630
629010
629137
629805
630672
630846
631620
632893
634558
638142
638318
638343
638357
640731
645090
645361
645547
647589
648883
648962
649420
649455
649876
650571
650765
651729
654419
654646
655129
657020
657522
657552
658014
659556
660790
662170
662294
662676
664449
664614
666323
668340
668916
670349
672873
673651
675278
676087
677170
677749
680532
681051
682048
682497
682647
684516
687569
688516
691789
694258
694683
694818
695254
696460
697749
698796
701276
701811
705817
707051
708161
708166
708278
708832
709288
709845
711003
711782
712260
712309
712886
713600
713667
714308
714362
717028
718348
718882
720341
721587
722350
722394
722672
722971
723229
723610
724725
725559
725742
726520
726974
728447
730287
730328
730915
731356
732291
732669
732870
733333
733911
734752
735377
735712
735952
737018
737375
737687
738470
738475
738855
739123
740075
740302
740372
741080
741294
741837
743094
743681
743744
745510
745975
746447
746671
749545
750101
750669
751497
752835
753270
754145
757125
757320
760568
761773
763519
763962
764717
765429
765676
766402
767163
767177
767531
769937
770652
770890
771241
773093
774120
774735
775165
776452
777788
779527
781277
781437
781747
784618
784753
784920
785169
785501
786546
786595
787268
788042
788408
788515
788608
788939
788953
790216
790247
790472
791309
791900
792158
793171
794487
795008
798126
798993
800720
801131
801698
802381
802481
802763
803915
807867
808569
809679
809717
810140
811267
813079
813818
813895
815227
815410
815998
816806
817763
817959
818186
819216
820474
820708
820743
822858
823389
824057
825381
825549
826611
828171
829274
829730
830456
830927
831065
831292
831943
832358
833129
834867
836576
837019
837622
839279
839846
840353
840867
841681
843480
843641
844040
844376
1126940
1128013
1128938
1133547
1135776
1137297
1137422
1138417
1141500
1142950
1142977
1143116
1144582
1144902
1145548
1145949
1146112
1146674
1147644
1148254
1148459
1148653
1148673
1152617
1153512
1154469
1155443
1155582
1156247
1156987
1157673
1159731
1159950
1159994
1161386
1161806
1161883
1162227
1163815
1164112
1164396
1164644
1164891
1167407
1167455
1167747
1168076
1168729
1168849
1169948
1173584
1174008
1174162
1174370
1174873
1174896
1174980
1176530
1176707
1180467
1181543
1182200
1186646
1186826
1188423
1188627
1191031
1192076
1193549
1194600
1195134
1195260
1195460
1196926
1197322
1198364
1199855
1200380
1200540
1202219
1203118
1203586
1203646
1203768
1204405
1205088
1206294
1207027
1207053
1207955
1210442
1211268
1212507
1214347
1214688
1214811
1215623
1218112
1218687
1218760
1219080
1219280
1222335
1222435
1224525
1225077
1225526
1226117
1226764
1226873
1227913
1228894
1229029
1229116
1229791
1230266
1231669
1231705
1232765
1235518
1235526
1239544
1241573
1241977
1242096
1243217
1244358
1245617
1247726
1247905
1248954
1249616
1249633
1250039
1250230
1252000
1253738
1255269
1255548
1256076
1256447
1256563
1256731
1256878
1257565
1257755
1259174
1259708
1260696
1261110
1261466
1261973
1262376
1263232
1264867
1264948
1266509
1267995
1268017
1269027
1269470
1269988
1270479
1270551
1270889
1271719
1273254
1273383
1273889
1274109
1274315
1275514
1276342
1277483
1277544
1278897
1280320
1280861
1281085
1281261
1282289
1282366
1283137
1283429
1284186
1284427
1288959
1290188
1290948
1291552
1293072
1293847
1293950
1294439
1295163
1296661
1297594
1298577
1299806
1301115
1301876
1304153
1304992
1305113
1305699
1307568
1308130
1311406
1315433
1316130
1316486
1316828
1317811
1319006
1319524
1320460
1320478
1320643
1321155
1321854
1322059
1322276
1323220
1324706
1325704
1325855
1326667
1327426
1327860
1328483
1329002
1329521
1329842
1330484
1331039
1331894
1332983
1333162
1335255
1335628
1336435
1338977
1339323
1339737
1341232
1341827
1343650
1344295
1347821
1348368
1349284
1350739
1351582
1351702
1352350
1354599
1360818
1360995
1361511
1361910
1362130
1362839
1362854
1363304
1366231
1366889
1369175
1370570
1370617
1372497
1373304
1373884
1374366
1376776
1376868
1377228
1377388
1377672
1377686
1378201
1378411
1378442
1379431
1380960
1381329
1381817
1381958
1382234
1384268
1384282
1384411
1386233
1386457
1387472
1387870
1388396
1388843
1390700
1393068
1393867
1394254
1395322
1395714
1395811
1397427
1397479
1398125
1398903
1399360
1399442
1399739
1400846
1401125
1401653
1402308
1404517
1405570
1406141
1406960
1407037
1407291
1408238
1408885
1413320
1413488
1413505
1414357
1415525
1417508
1417586
1417975
1418708
1420093
1420766
1422389
1422482
1425681
1426691
1427073
1427489
1427867
1429392
1429536
1430006
1430120
1430413
1430956
1432464
1433922
1435656
1435805
1435890
1435909
1436850
1436860
1437359
1438242
1439222
1441758
1442150
1442369
1443062
1444548
1444941
1447130
1448037
1448688
1449347
1449688
1452747
1454607
1454812
1454958
1456890
1457673
1457738
1457991
1459871
1459920
1459936
1460222
1460334
1460708
1462066
1463203
1464418
1466442
1466446
1466863
1466994
1467056
1468786
1468846
1469770
1470027
1470628
1470684
1471032
1471075
1471454
1472657
1472680
1473403
1474119
1475911
1476187
1476714
1477303
1477710
1478529
1478940
1479350
1480060
1483219
1485373
1486008
1486568
1487067
1488528
1488707
1489060
1489947
1490320
1490329
1491101
1491422
1491704
1491872
1492438
1493787
1495325
1495357
1497169
1498177
1498441
1498513
1499007
1499375
1499954
1501618
1503578
1504153
1504396
1504781
1504908
1507850
1509775
1511454
1511698
1511727
1513255
1514299
1518187
1518193
1519709
1519715
1520256
1520497
1522174
1522748
1523670
1526027
1526058
1526643
1527376
1527916
1528516
1528723
1529115
1529785
1531812
1532304
1532473
1532595
1533359
1534047
1534228
1540063
1541095
1541197
1543361
1545238
1545388
1547675
1551320
1552200
1556708
1557847
1557977
1559209
1560946
1561942
1563409
1566044
1566243
1568206
1570124
1570706
1571886
1571895
1572130
1572840
1573040
1574254
1574644
1574712
1574811
1574879
1576796
1577495
1578243
1579063
1580317
1580858
1582414
1583003
1585214
1585918
1586829
1587193
1587865
1589318
1590513
1591785
1593222
1593317
1594663
1594726
1594997
1595031
1595277
1595852
1596168
1596195
1596420
1596803
1597652
1598759
1599964
1602675
1604979
1605111
1605487
1606352
1606789
1607866
1608832
1609163
1609699
1611965
1612708
1613017
1613189
1613282
1613757
1614285
1614323
1614397
1615284
1616045
1617083
1617487
1619415
1620024
1620359
1620742
1621887
1623009
1624731
1624783
1624966
1625941
1628567
1628786
1628845
1629749
1632458
1633083
1633968
1634275
1634442
1634498
1635189
1635270
1635443
1636664
1636733
1637854
1639522
1641997
1642104
1642447
1642910
1643198
1643555
1643665
1643980
1645549
1645724
1645910
1647220
1648678
1649414
1650618
1650973
1650999
1651577
1652651
1653604
1655893
1656893
1658704
1659405
1661927
1662675
1663536
1664733
1664744
1665443
1665710
1666127
1667035
1667094
1667360
1668325
1669630
1671539
1671698
1672349
1674386
1674627
1674856
1675595
1676686
1676833
1677840
1678218
1679123
1680718
1680874
1681379
1681897
1682298
1682406
1682587
1682755
1682963
1683457
1683740
846102
846856
847757
848141
850424
850867
851461
851815
852181
853960
854260
854704
857241
857469
858162
858586
859189
860203
861199
861674
862151
862287
862373
865572
865804
866229
866850
867448
867722
867867
868879
869813
871418
872136
872834
873060
873363
873659
875540
875785
875851
876275
877278
877340
877466
877678
878070
879323
880626
883678
884017
884429
884799
886424
887146
890333
890837
891470
891801
892728
893349
893525
894486
894970
895094
895284
897119
898985
900583
902153
902449
903703
903830
904477
904525
904528
905509
905888
906144
906546
908451
908806
908864
908924
910023
910265
910321
910938
911608
911871
912342
912873
913575
913692
914273
915801
916997
917182
918080
918193
918921
920018
920442
922561
922780
928288
929607
933397
934380
935893
937012
937714
937933
939236
939596
943680
944042
945990
946097
946583
946781
948429
949855
950075
950132
951369
951400
951901
952065
953930
954521
954816
954902
955268
955815
956943
957296
958280
958308
958755
959012
959342
959513
959732
960572
961016
962285
964084
964259
964703
966612
967769
967824
967828
967967
968578
968803
969885
970947
971985
976777
976840
978557
979851
982039
984581
985302
985341
989559
989572
990161
990778
991554
991619
995543
997335
998176
998352
998447
999625
1000227
1000448
1000861
1002423
1003909
1003970
1004521
1008061
1008084
1008743
1009013
1010328
1010899
1011768
1012070
1014284
1015123
1016331
1017757
1018356
1018996
1019374
1020319
1020517
1025378
1025631
1026506
1027230
1027362
1030076
1030231
1030521
1030564
1031653
1031894
1031933
1032481
1033372
1035882
1036775
1038016
1040169
1042563
1043261
1043655
1044205
1044543
1047779
1048366
1048664
1049188
1049326
1051119
1051371
1051985
1052320
1052365
1052643
1053975
1054019
1055003
1055237
1055741
1056509
1057273
1057671
1058198
1063129
1063637
1064121
1064358
1064664
1064668
1065262
1065829
1066373
1067045
1067566
1068352
1069749
1072085
1073328
1073475
1073712
1073857
1073942
1074587
1075158
1076930
1079609
1080152
1080332
1082896
1083270
1083451
1084778
1085375
1087535
1088339
1089057
1089935
1090416
1090428
1090613
1091086
1091885
1094130
1094592
1094957
1095733
1095854
1097276
1098414
1099079
1100578
1100762
1101072
1101118
1101858
1104504
1104764
1104902
1106621
1109885
1110402
1110418
1112331
1112512
1112786
1113146
1113438
1113599
1114374
1114407
1115996
1117669
1118034
1119214
1119253
1119400
1119595
1120940
1121386
1122695
1123805
1125480
1125591
1685638
1686139
1686879
1689833
1690791
1692253
1692255
1693071
1693698
1695722
1696663
1697423
1697483
1697614
1699249
1699450
1702124
1703255
1703358
1705112
1708857
1710404
1710801
1710904
1711288
1712210
1712357
1713111
1714688
1715461
1715830
1716405
1716422
1717004
1717186
1717675
1719864
1721784
1722937
1723289
1723547
1723812
1725645
1726620
1726792
1727405
1727821
1728274
1728746
1729354
1731797
1734311
1734346
1734451
1738341
1739762
1739803
1740095
1740302
1741332
1742674
1742926
1744091
1745255
1745642
1746412
1746880
1748350
1749179
1749539
1751108
1751868
1752393
1753985
1754821
1756519
1757039
1757627
1757697
1758625
1758921
1759480
1760127
1761587
1761644
1762623
1766812
1767701
1769507
1771378
1771427
1772065
1772397
1772796
1773713
1774039
1776625
1776855
1779216
1782505
1783635
1784348
1785580
1786006
1786987
1788146
1792210
1793335
1794720
1794828
1795033
1795763
1796619
1798249
1798324
1799310
1801240
1801520
1801904
1803135
1804852
1806115
1807056
1808167
1808422
1809534
1809938
1810113
1810143
1810893
1811329
1812050
1812147
1812186
1812696
1813116
1814014
1814752
1817372
1819231
1819892
1820167
1820870
1825005
1827187
1827937
1828075
1829542
1830505
1830622
1831145
1831250
1831780
1831925
1832935
1833884
1833979
1834593
1837592
1839627
1841127
1843134
1844091
1844169
1845341
1845650
1846042
1846490
1849206
1850315
1851016
1851051
1851446
1851599
1852768
1854472
1854861
1854884
1855144
1855469
1856045
1856223
1857014
1859285
1859593
1863012
1863111
1863554
1864182
1864309
1864352
1864579
1865158
1865834
1866021
1866347
1867848
1867972
1867992
1868631
1868636
1871273
1873651
1876520
1877260
1878223
1879563
1880267
1882719
1883245
1885221
1885986
1886431
1886449
1886481
1887448
1888504
1888771
1890725
1892159
1892633
1892979
1893427
1894344
1896701
1897193
1897615
1897646
1898018
1898215
1898845
1899361
1899564
1899935
1901784
1901970
1904426
1904850
1905140
1907791
1908192
1909322
1910195
1910284
1910475
1910754
1911500
1911906
1913291
1913778
1913967
1914906
1914975
1915194
1916915
1916943
1919347
1922449
1922504
1923121
1923154
1923303
1924971
1925624
1926807
1927078
1931772
1931900
1933364
1933761
1933989
1935382
1935399
1936876
1938184
1940859
1941621
1943834
1944668
1946230
1948428
1948754
1949378
1949413
1949946
1951651
1952240
1953197
1953292
1954275
1956189
1961435
1961466
1961536
1961936
1962429
1962746
1965451
1966740
1967821
1967940
1968247
1968862
1971214
1973040
1973788
1974364
1974455
1974624
1974708
1974725
1974754
1977149
1977833
1977843
1977912
1979954
1980245
1980460
1980566
1980660
1982036
1983710
1983819
1984514
1986428
1986690
1987432
1988523
1988617
1989212
1989814
1991622
1991904
1992675
1993389
1993539
1994267
1994693
1995254
1995776
1996148
1996432
1996878
1998131
1998898
2001167
2002266
2003192
2003287
2003366
2003616
2004875
2004963
2005841
2006341
2006513
2007101
2007346
2008479
2009101
2009321
2010294
2010861
2012099
2014211
2014688
2016007
2016034
2016316
2016803
2017693
2018076
2018897
2019758
2020191
2020848
2021315
2021443
2021701
2022675
2023418
2024023
2025106
2026114
2026351
2028336
2029022
2029025
2029456
2030648
2030896
2033215
2035999
2036012
2038274
2038436
2039064
2039341
2039677
2039743
2039845
2041447
2042594
2045654
2046544
2047473
2052694
2054427
2056198
2058767
2059664
2060180
2060568
2060590
2062404
2064225
2065020
2065743
2066215
2066462
2067711
2068685
2069288
2069309
2069504
2069725
2069993
2070513
2070861
2071145
2071769
2071836
2074042
2074467
2075064
2076627
2078085
2078292
2078699
2078943
2081242
2082339
2085190
2085647
2085896
2087482
2088957
2090609
2092359
2094144
2094911
2094924
2095009
2095096
2096093
2096517
2096859
2097185
2097398
2099105
2099239
2099668
2100242
2100438
2100846
2102310
2102469
2102934
2103852
2104849
2105015
2105573
2105582
2107837
2107920
2109693
2110416
2110617
2112972
2113006
2113113
2113286
2114941
2115734
2116726
2117459
2117530
2117695
2118142
2119205
2119927
2121918
2122365
2122989
2123646
2124684
2124924
2125763
2126924
2128111
2128524
2130765
2131172
2131843
2133007
2133205
2133538
2133553
2134008
2134802
2135446
2136109
2136151
2136846
2137119
2137195
2137693
2138408
2139013
2139595
2139698
2140049
2140231
2140492
2141462
2142963
2146286
2146981
2147412
2147419
2147696
2148138
2149129
2149167
2149417
2151487
2152133
2153345
2153834
2156117
2156787
2157094
2157734
2158774
2159506
2160209
2160580
2161894
2162036
2162277
2162889
2165534
2165555
2167792
2170167
2171718
2171922
2171940
2172833
2173139
2177653
2178514
2178708
2180245
2181900
2182194
2183047
2183464
2186223
2186924
2187467
2187733
2187898
2188389
2189043
2189399
2189602
2192440
2192785
2193501
2196964
2196980
2197366
2198382
2200267
2200569
2200854
2201021
2201148
2203427
2203769
2205603
2207101
2210321
2211577
2212559
2214563
2215134
2215517
2215827
2216220
2217265
2217624
2218087
2220639
2221440
2222021
2225358
2225665
2225931
2228005
2231381
2232071
2233598
2234442
2236563
2237988
2238090
2238092
2238421
2239774
2240273
2240415
2240711
2241325
2242065
2244549
2245148
2245168
2245375
2245603
2246367
2247699
2247855
2248556
2249236
2249427
2249622
2250486
2252708
2253599
2255323
2255958
2256110
2259670
2260193
2260409
2260973
2262063
2262197
2262485
2262934
2264113
2264576
2265306
2266281
2266895
2267182
2268889
2269268
2269391
2269826
2270614
2272613
2273037
2273258
2274019
2276926
2276967
2280208
2281560
2281655
2283290
2284469
2286057
2286705
2286796
2286829
2287197
2289267
2289372
2290286
2291546
2291602
2292333
2292535
2293677
2295405
2296515
2297949
2298663
2299119
2299416
2299521
2299593
2301312
2302237
2303103
2303730
2306677
2307700
2308154
2308753
2309533
2309610
2310611
2310918
2311214
2311876
2312733
2313792
2314234
2314405
2315441
2315451
2316607
2317057
2317512
2317817
2317923
2318396
2319300
2319491
2319973
2320964
2321174
2321197
2321509
2322825
2322992
2324458
2325098
2325541
2325742
2326263
2329295
2329959
2332728
2332873
2333175
2333389
2333836
2334899
2336475
2337171
2337589
2338109
2338907
2339092
2339854
2340236
2341688
2342067
2342624
2342715
2342827
2343322
2343725
2344061
2344901
2348349
2349387
2350281
2350755
2352652
2353106
2355423
2355703
2356226
2356322
2356512
2357105
2357194
2357805
2358559
2358629
2359657
2362331
2365126
2365695
2367064
2367660
2367910
2367937
2368609
2369108
2370473
2370699
2372049
2373373
2373452
2374564
2375486
2376398
2376633
2376817
2377143
2379708
2380177
2381958
2382393
2383996
2386300
2386788
2387839
2388951
2390288
2390622
2392237
2393611
2394056
2395235
2395559
2398589
2403299
2404493
2405939
2406076
2406582
2406835
2408981
2409224
2410489
2410561
2411005
2411407
2411428
2411815
2412118
2412971
2414295
2415638
2416656
2416753
2417060
2417461
2417581
2417745
2420203
2420517
2421368
2421408
2421433
2421745
2421837
2423230
2423371
2423793
2424438
2424729
2425315
2425643
2426426
2426687
2426869
2428508
2428861
2430023
2430064
2432737
2432742
2434576
2434995
2436563
2439140
2439856
2441258
2442160
2443976
2445932
2446402
2447359
2449059
2449316
2449871
2451699
2456129
2456231
2456373
2456654
2456692
2456837
2456846
2458505
2459556
2459863
2460382
2460587
2461747
2461953
2466722
2467391
2467974
2468025
2468699
2469071
2469333
2469477
2469749
2469776
2469816
2470217
2471243
2471517
2473086
2473574
2473674
2475504
2476539
2476570
2477165
2477504
2478609
2480067
2480839
2481648
2481807
2481940
2485370
2485939
2488568
2489091
2489474
2489637
2493601
2495883
2497212
2498393
2498970
2499834
2500205
2502306
2505143
2505967
2506322
2507898
2509897
2510349
2510551
2511405
2511633
2512696
2515047
2515714
2516021
2516843
2517363
2518312
2521127
2522813
2523241
2525366
2526029
2527124
2527508
2528305
2528773
2532189
2533126
2533361
2534685
2534707
2535092
2535191
2538254
2538287
2538643
2539053
2540250
2540282
2540920
2541052
2542494
2542534
2543147
2544004
2545761
2547181
2547194
2549067
2549441
2549891
2551114
2551465
2552409
2553331
2554162
2554203
2554253
2554397
2554923
2555064
2555524
2555718
2556198
2558729
2558959
2559020
2559521
2559821
2559838
2561169
2561907
2562535
2562745
2564505
2564970
2565149
2566325
2566617
2567326
2569469
2569635
2570181
2570902
2572259
2572645
2573341
2573412
2573659
2573829
2574226
2575142
2575167
2575727
2576249
2578261
2579171
2581119
2581398
2582283
2582853
2583205
2584034
2584461
2585146
2585694
2586275
2587204
2590242
2593486
2593631
2594038
2595130
2595890
2595948
2596242
2596440
2596763
2597908
2598940
2601278
2601529
2603403
2603423
2603911
2604129
2604430
2604999
2605238
2607629
2607958
2608705
2609804
2611768
2612921
2613429
2614994
2616080
2616483
2617060
2617428
2617786
2618393
2618425
2618531
2619274
2619605
2621382
2621798
2623284
2624389
2624935
2624998
2627661
2628060
2628193
2629307
2629784
2630057
2632288
2632906
2633520
2636043
2637649
2638071
2638878
2639462
2639641
2640611
2640966
2641808
2642454
2642533
2642772
2644961
2645032
2647447
2648006
2648264
2649168
2650785
2652731
2654292
2655581
2655961
2658885
2660024
2660137
2660359
2660501
2660886
2661933
2662649
2663420
2665466
2666356
2666699
2666814
2667174
2667274
2667662
2668008
2668232
2670918
2672374
2672999
2673094
2674389
2674509
2675306
2676371
2677664
2678081
2678642
2679429
2681376
2682244
2682382
2683090
2683762
2684195
2684537
2685009
2685541
2685829
2687117
2687540
2688225
2689572
2690809
2692665
2694338
2695867
2697520
2698010
2701378
2701848
2702374
2703188
2703339
2705147
2706281
2706984
2708920
2709904
2711908
2713125
2714763
2714984
2717042
2717100
2717877
2717965
2720033
2720547
2720555
2721376
2721988
2724786
2726514
2727673
2728923
2729615
2731459
2732769
2733927
2734054
2735267
2736154
2737644
2738254
2740518
2740673
2740999
2741206
2742315
2742573
2742899
2743442
2743770
2744360
2744496
2744594
2745306
2745497
2745613
2746272
2746677
2747438
2748291
2748689
2749166
2749894
2750070
2750587
2751638
2754295
2754581
2755204
2755455
2756220
2756497
2759539
2759715
2759739
2760284
2760459
2761537
2763108
2763257
2764239
2766155
2767276
2767949
2768599
2768651
2769075
2769804
2770445
2772114
2772535
2774541
2774998
2775973
2776144
2776582
2776738
2776891
2777674
2778016
2779694
2780278
2780686
2780967
2782496
2782509
2782518
2782989
2783006
2783410
2783761
2783959
2783974
2784901
2785733
2785911
2786200
2786622
2786719
2787175
2787592
2787642
2788484
2789688
2790543
2791950
2793583
2794522
2796514
2796755
2797065
2797700
2798417
2798957
2800256
2800740
2801353
2802312
2804684
2805977
2806290
2809064
2810662
2811219
2812207
2812830
2813055
2813369
2814805
2816421
2816968
2817341
2818835
2819379
2820870
2820992
2821066
2821559
2822472
2823619
2823873
2824117
2826398
2826751
2827157
2828347
2828471
2829246
2829358
2829581
2829674
2830925
2830980
2831427
2831575
2831961
2832303
2832446
2833926
2835313
2835905
2835959
2836998
2837729
2837738
2838828
2839721
2839973
2841451
2842667
2843082
2843928
2844169
2844465
2845040
2845489
2846439
2847363
2849853
2850358
2851177
2851190
2851503
2852389
2853430
2859580
2860989
2861426
2862498
2863887
2864538
2864793
2865205
2865590
2866069
2866349
2867560
2868199
2868849
2869280
2870833
2871076
2871217
2871650
2871672
2871982
2872506
2875744
2876627
2876992
2880111
2882250
2882733
2883462
2883568
2885580
2886650
2887776
2888820
2890280
2890447
2890882
2892169
2892502
2893538
2894163
2894670
2895077
2896143
2897403
2897636
2899859
2901270
2905758
2905802
2907101
2907165
2908341
2908401
2908498
2908970
2909138
2909631
2910029
2911125
2911796
2912763
2912832
2913220
2913922
2914101
2914734
2915001
2915358
2917776
2918147
2918509
2920749
2920985
2922735
2922905
2923793
2925765
2925853
2927632
2927637
2928058
2928513
2929022
2929121
2931812
2932613
2934009
2934636
2934812
2935806
2937934
2937943
2937965
2942621
2943400
2943866
2943897
2945334
2947615
2950496
2951563
2952554
2952865
2953177
2953355
2953761
2954566
2955111
2955114
2955499
2955514
2957630
2958071
2958817
2961304
2961371
2962600
2964153
2965564
2965912
2966456
2967356
2967612
2968185
2968199
2969595
2969667
2969763
2971477
2971992
2972347
2972501
2972571
2973269
2973592
2973691
2975815
2977340
2977854
2978428
2978636
2981741
2983376
2984412
2985321
2985877
2987351
2987377
2988803
2989474
2989565
2989864
2991035
2991325
2992293
2992448
2992515
2993424
2993907
2994180
2994334
2994874
2994961
2995502
2995536
2998036
2999917
3000552
3001709
3001969
3002333
3003094
3003752
3004402
3008988
3009111
3012927
3016021
3016206
3016652
3018598
3018619
3019452
3023376
3023567
3024283
3024614
3024786
3025233
3026540
3027076
3028799
3029394
3029949
3030182
3030427
3031225
3031340
3032029
3032657
3032942
3033184
3034161
3035727
3035744
3035882
3036573
3036900
3036930
3039302
3040331
3040575
3040796
3041334
3041382
3042183
3043633
3044222
3044667
3045647
3046099
3046266
3047856
3049332
3049924
3050844
3051017
3051072
3051626
3052003
3052861
3055474
3055974
3057099
3057451
3057544
3059192
3059359
3062909
3063217
3064937
3065922
3068380
3069564
3069602
3070009
3071033
3071086
3072690
3072706
3072923
3073775
3073976
3075201
3075635
3075929
3077091
3077209
3078650
3079644
3080941
3081697
3082208
3082254
3083014
3083436
3083607
3084919
3087200
3087438
3087516
3087611
3088945
3089883
3089974
3090831
3091446
3091947
3092052
3093207
3093590
3093839
3093927
3094273
3096307
3100961
3101892
3103985
3104185
3104209
3104351
3105588
3107029
3108337
3108387
3108949
3109492
3111225
3111355
3112130
3112748
3112989
3113647
3114966
3115029
3116603
3116963
3117779
3118283
3119073
3119747
3120297
3123237
3123640
3124619
3126516
3126592
3128136
3128682
3129286
3129482
3130250
3130722
3132454
3133139
3133374
3134811
3135608
3136132
3137124
3137152
3137278
3138424
3138464
3139085
3140638
3140883
3143091
3144191
3145372
3145458
3145866
3146233
3147031
3147718
3149860
3149965
3150659
3151636
3153987
3154813
3155685
3156262
3156443
3156842
3157061
3158318
3158352
3159690
3160411
3162515
3162570
3162838
3164034
3164039
3164739
3165781
3167050
3170414
3171034
3175936
3177680
3179508
3180478
3182601
3182655
3185075
3185401
3185446
3185492
3185821
3185898
3186097
3186206
3186460
3186484
3186820
3189531
3190219
3190767
3191538
3192502
3194018
3194080
3194243
3194740
3194784
3195686
3196568
3197440
3198498
3199171
3201237
3201258
3202029
3202218
3203065
3204218
3205908
3206367
3206460
3206956
3207758
3208194
3208444
3209793
3210774
3211057
3211098
3212563
3213521
3214507
3214605
3215119
3215872
3216264
3216567
3216993
3217424
3217594
3218742
3219496
3222508
3223244
3223609
3225719
3225993
3226802
3227276
3227646
3228043
3228143
3229205
3230106
3230190
3232026
3232618
3233120
3233424
3233501
3237048
3237677
3238474
3240613
3241504
3242409
3242947
3244448
3244584
3244830
3245254
3245453
3246370
3247366
3247717
3248956
3249657
3249907
3250446
3252126
3252670
3253336
3253405
3256334
3258394
3258879
3262109
3262578
3262586
3263634
3265805
3265980
3268399
3268441
3270355
3270650
3271464
3271618
3272699
3272735
3274142
3274932
3275787
3276363
3276787
3276811
3277469
3277518
3277722
3278355
3279461
3279868
3283060
3283191
3283810
3286877
3287810
3288722
3288828
3289401
3291789
3292093
3293564
3294712
3295225
3297400
3298032
3298282
3299082
3299109
3299217
3299611
3299637
3299658
3300248
3300607
3301024
3301311
3301448
3302804
3306077
3306593
3307292
3307987
3308211
3309700
3309965
3310277
3313772
3314655
3314863
3315161
3316383
3317026
3317570
3318656
3319320
3322419
3323345
3325439
3325735
3327807
3327870
3328707
3329421
3329751
3330910
3332999
3333442
3334542
3335783
3335993
3336770
3336783
3338353
3340202
3340809
3342161
3342309
3343334
3343432
3344333
3344972
3345874
3346037
3348279
3348681
3348918
3349771
3350733
3351013
3351195
3351404
3351461
3352880
3353249
3353442
3354696
3355257
3355495
3355923
3356495
3356876
3357331
3359221
3359298
3359378
3360204
3360396
3360419
3360552
3360844
3361653
3362197
3364541
3364824
3365252
3365307
3365458
3366553
3367275
3367670
3367673
3369952
3371151
3371325
3372433
3373272
3373973
3375237
3376280
3376733
3377851
3379427
3379514
3380161
3380384
3380798
3380868
3380940
3381924
3381979
3382736
3383756
3384917
3385284
3385509
3385518
3386531
3386730
3387515
3387617
3388317
3389342
3389557
3389613
3391023
3391101
3391442
3391952
3394444
3394785
3395939
3397020
3397532
3397604
3400488
3400593
3400712
3401565
3401731
3403120
3403777
3403952
3404179
3404578
3404730
3407104
3407205
3407269
3408247
3409236
3409304
3409971
3411028
3411380
3412050
3414291
3415668
3416126
3416384
3417042
3418934
3418987
3419628
3420076
3422239
3422441
3423422
3423542
3425482
3425918
3426837
3427173
3427211
3427955
3428146
3428732
3429746
3431698
3432341
3432905
3434681
3434722
3436474
3436909
3437567
3438100
3438411
3438803
3441123
3442080
3442111
3442114
3442302
3442644
3443391
3443446
3445083
3445819
3447231
3447341
3447350
3448142
3448396
3449702
3449813
3449866
3450017
3452284
3452735
3454898
3455084
3455268
3455390
3455776
3456418
3456583
3457787
3458302
3458725
3458803
3461137
3462164
3463030
3463695
3464765
3464810
3468967
3469838
3469927
3470728
3471589
3473273
3474502
3475137
3475449
3476068
3476499
3480318
3480381
3480446
3480698
3481382
3481648
3482122
3483801
3485176
3486750
3486836
3488222
3488793
3489501
3490468
3491063
3491110
3492832
3494551
3494619
3497946
3498615
3498705
3499934
3500638
3500988
3501121
3501721
3502276
3503194
3503751
3504258
3504338
3506008
3506232
3507060
3508195
3508625
3509922
3511137
3512628
3513208
3515340
3516741
3517294
3517919
3519822
3520110
3522001
3523056
3523264
3526609
3526844
3527115
3527136
3527990
3528724
3529921
3529956
3530361
3531188
3532609
3532854
3533267
3533832
3533841
3534583
3535500
3535582
3538299
3538919
3538965
3539089
3540188
3542201
3542803
3543618
3544123
3544492
3544566
3545416
3545551
3545625
3545730
3546883
3548362
3548667
3552523
3552641
3552884
3554087
3554238
3554594
3554756
3555118
3555739
3555854
3556604
3557482
3559423
3559972
3560424
3561451
3563379
3563589
3565893
3566243
3566682
3567748
3568982
3569663
3570928
3571028
3571175
3573494
3577721
3579009
3580091
3581156
3582104
3582626
3582643
3582855
3584090
3584495
3585153
3585245
3586686
3589818
3590872
3591183
3591683
3593419
3593825
3593956
3594059
3594227
3594386
3596083
3598972
3599037
3600403
3601318
3601369
3601471
3601623
3602258
3604530
3604702
3607423
3607524
3608837
3609345
3611067
3612352
3612541
3612667
3613936
3614420
3614602
3614675
3615731
3616731
3617362
3618095
3621192
3621816
3623659
3623682
3624577
3624650
3629318
3629833
3630601
3632034
3633138
3633854
3634770
3635079
3635417
3635592
3635601
3636556
3636666
3636717
3636952
3637169
3641086
3641351
3641592
3641671
3641879
3642666
3643029
3644100
3645156
3646887
3647448
3648653
3649939
3649972
3653754
3654310
3654619
3654794
3655854
3655860
3656366
3656749
3657630
3657724
3658601
3658682
3659230
3659827
3659998
3661023
3661403
3661645
3661745
3661886
3662133
3662212
3664312
3664323
3664651
3664810
3666469
3666731
3667154
3668528
3668808
3669086
3670956
3671162
3671498
3672385
3672861
3673080
3674474
3675128
3675301
3677216
3678303
3678548
3679019
3679604
3679689
3679923
3680466
3680480
3680605
3681867
3683009
3683841
3684560
3685704
3685822
3686256
3686892
3686947
3687295
3688313
3688777
3689715
3690759
3690898
3690948
3691269
3694042
3694710
3695501
3695594
3695637
3695735
3699806
3699971
3700097
3700113
3700704
3701289
3701385
3701538
3701543
3701951
3702500
3702895
3703516
3707403
3708074
3708115
3709331
3709827
3709931
3711704
3712045
3715773
3716631
3717264
3718650
3719412
3721570
3721981
3722793
3723468
3724028
3724262
3725110
3726669
3726931
3727021
3727755
3728811
3730042
3730268
3731493
3731548
3731569
3732731
3732983
3734859
3736995
3737059
3737088
3737093
3738585
3738923
3739596
3739845
3741000
3741560
3743064
3743779
3744301
3744808
3745290
3745577
3746198
3746645
3746984
3747985
3748443
3749100
3750563
3751131
3752170
3753736
3755040
3755150
3755951
3756601
3756746
3758563
3758651
3758877
3759670
3759697
3760311
3760354
3762888
3763710
3763718
3764903
3764940
3765184
3766932
3767903
3768128
3768553
3769489
3769753
3769805
3771310
3771527
3771832
3772066
3772422
3772456
3772756
3773192
3775015
3775361
3775393
3778896
3779141
3779984
3780255
3780575
3782852
3783811
3785204
3785867
3786632
3787892
3788054
3788777
3788821
3790731
3791383
3792083
3792603
3792866
3793902
3794491
3794514
3795912
3796797
3798749
3799093
3799696
3799785
3803169
3803573
3805522
3806746
3810567
3811288
3811791
3811838
3813220
3813526
3814465
3814558
3814637
3815079
3815462
3818101
3818192
3819516
3823368
3823461
3825052
3825336
3825928
3826051
3826278
3826623
3827208
3827979
3828301
3828642
3828865
3829614
3829768
3833649
3833758
3833836
3835070
3835411
3835735
3835942
3836286
3836769
3836970
3837256
3837951
3838189
3839428
3842222
3842808
3843179
3843578
3845286
3845289
3847932
3848198
3848579
3848843
3849041
3852957
3855161
3856896
3858110
3858870
3859038
3861884
3862586
3864317
3865122
3866546
3867310
3868772
3869594
3870540
3872006
3872402
3872713
3872945
3873203
3873376
3873654
3874204
3875202
3875514
3875517
3875536
3877052
3877424
3878891
3879986
3880887
3881346
3882703
3882724
3884021
3884762
3885230
3886594
3886689
3887035
3887478
3887488
3888626
3891045
3895719
3895875
3896776
3897551
3898735
3899003
3899138
3900609
3900633
3900909
3900980
3901244
3901517
3902035
3902175
3904536
3904725
3906187
3908159
3908198
3911774
3911856
3914625
3914944
3916239
3919143
3919398
3920022
3921267
3921811
3922961
3926078
3926133
3927141
3927643
3928580
3930409
3930806
3931494
3931686
3933106
3933153
3933469
3934828
3935102
3935365
3935472
3935521
3935817
3936103
3936913
3936931
3937136
3937678
3940982
3943063
3943520
3943580
3944235
3945042
3946354
3946730
3947884
3947915
3948824
3948937
3949969
3951142
3951367
3952842
3953130
3953444
3953924
3954009
3954766
3958163
3959547
3959909
3961002
3961965
3962453
3962984
3964282
3965354
3966238
3967151
3970139
3970790
3970828
3970952
3971642
3972243
3974591
3974686
3977075
3977831
3979531
3981195
3981447
3981542
3981594
3982082
3982531
3982857
3982865
3983096
3985148
3985846
3985885
3986548
3987288
3987724
3988005
3988990
3989012
3989017
3989413
3989439
3990121
3991751
3992183
3994038
3994212
3994242
3994421
3995854
3995865
3995930
3996217
3996515
3996906
3997818
3997873
3998276
3999764
4000301
4001048
4001073
4001080
4001114
4001300
4001448
4001857
4002014
4002072
4004194
4004387
4005049
4005131
4007289
4007449
4007902
4008649
4009143
4009365
4009847
4012065
4012191
4014271
4014584
4014602
4015264
4015920
4016259
4016348
4016969
4017110
4018048
4019021
4019834
4021048
4022627
4024027
4024042
4024713
4025002
4028045
4028898
4035406
4036567
4036662
4036957
4037683
4038188
4038225
4038387
4039095
4039274
4040420
4040878
4045023
4046915
4048879
4049698
4050188
4050237
4051248
4051760
4052134
4052226
4052741
4053244
4053311
4054702
4056344
4059278
4061249
4065085
4068791
4069887
4071291
4071821
4071883
4075335
4076337
4076630
4076950
4077030
4077101
4077759
4078934
4079596
4085303
4086083
4086429
4087540
4087851
4088494
4088835
4090075
4091186
4091410
4092839
4093522
4093906
4095994
4096271
4097757
4098354
4098622
4098991
4099176
4099531
4100106
4100701
4101249
4101723
4102499
4102564
4104660
4104732
4104791
4104970
4106242
4108022
4109559
4110683
4111138
4111687
4111942
4112769
4113561
4114199
4115961
4117817
4118467
4118567
4118793
4119203
4119692
4120026
4120774
4121400
4121618
4122184
4122722
4122833
4124532
4124710
4125002
4125649
4125760
4126488
4126585
4127567
4128290
4129045
4129732
4131580
4131855
4131932
4132590
4133712
4134119
4134179
4136018
4136176
4137045
4138179
4139453
4139622
4139712
4140845
4141357
4142223
4142998
4144394
4144424
4144830
4145360
4145441
4146769
4150193
4151035
4151862
4152632
4152965
4154001
4157217
4159406
4159658
4161101
4161885
4162979
4163993
4166594
4166857
4167617
4167996
4169571
4170127
4170161
4171164
4173724
4173921
4175446
4175788
4175794
4176206
4176264
4176692
4177342
4177412
4177665
4177716
4178017
4178134
4178901
4179252
4180709
4181600
4181890
4183379
4183449
4183713
4183807
4184078
4184819
4184933
4184963
4185724
4185993
4186097
4186164
4188868
4189868
4190974
4191790
4191838
4192263
4193046
4193592
4193837
4195216
4195924
4196409
4196800
4197531
4197738
4200052
4200618
4201031
4202106
4204381
4205023
4205591
4206383
4207855
4210248
4210352
4211428
4212126
4213246
4213688
4214108
4215503
4216048
4216506
4216916
4216927
4217379
4217496
4219049
4219128
4219251
4221888
4222266
4222376
4222754
4222808
4223035
4223534
4224830
4225014
4225887
4225928
4226277
4226846
4227861
4227918
4228369
4229376
4229563
4230704
4231579
4233312
4233685
4233986
4234073
4234525
4235522
4237076
4237275
4237464
4237814
4238564
4238899
4240528
4240787
4241338
4241824
4244185
4244420
4245462
4246883
4247046
4248787
4249011
4249745
4250017
4250052
4251029
4251243
4253462
4253825
4254279
4255083
4255162
4255741
4256439
4259422
4259745
4261827
4261976
4262343
4263476
4264806
4264945
4265505
4266684
4267176
4267536
4269777
4269842
4270135
4270172
4270623
4272658
4273357
4275719
4276893
4277046
4277531
4277644
4277759
4278125
4280503
4281297
4282094
4282815
4283076
4284310
4284631
4285856
4285890
4287466
4288715
4289260
4290417
4292071
4292298
4292738
4293970
4295481
4295631
4296703
4298271
4300817
4300834
4301331
4304376
4305029
4305339
4306317
4307146
4307187
4307247
4308070
4308178
4309021
4310498
4312676
4313578
4313588
4313742
4313865
4314198
4314915
4314986
4315448
4315573
4316594
4317813
4318067
4319612
4319655
4320181
4320651
4320882
4321347
4321573
4321664
4322248
4323354
4324830
4325107
4327069
4327433
4327671
4327893
4328350
4331531
4332655
4334444
4334672
4336406
4337236
4338102
4338826
4339551
4339833
4341376
4342765
4344379
4345231
4345894
4346441
4346626
4347929
4348849
4350065
4350241
4350338
4351105
4351402
4352037
4352548
4354599
4355553
4355653
4356114
4357719
4358151
4359963
4363095
4363645
4364481
4364918
4366419
4366467
4366920
4368211
4368438
4368911
4369351
4369618
4369919
4371482
4372311
4372517
4373690
4375657
4376740
4376868
4377313
4378146
4378285
4379570
4380552
4384357
4384706
4385690
4386260
4389655
4390496
4391336
4391389
4391839
4393089
4396012
4396571
4396611
4396937
4399035
4399354
4400540
4400850
4400888
4401724
4406077
4408121
4408763
4408817
4409392
4410418
4411304
4412914
4414714
4415897
4416045
4416366
4417137
4417378
4421845
4422581
4424779
4425248
4425560
4427181
4428078
4428246
4428804
4430451
4432009
4432256
4433169
4434088
4434685
4435793
4436645
4436857
4437439
4440297
4442343
4442412
4442429
4444828
4445404
4446396
4447057
4447730
4448135
4448424
4448686
4448998
4449672
4450609
4450786
4450792
4451368
4452487
4452765
4455013
4455868
4456160
4456290
4456486
4457872
4458542
4458819
4460932
4461980
4462308
4462474
4463226
4463799
4464178
4464740
4465424
4465476
4465984
4468166
4468349
4468461
4469801
4471561
4472532
4474316
4475237
4475274
4475976
4478669
4479040
4479383
4482391
4482700
4485298
4488547
4489075
4489237
4492005
4492279
4492874
4495040
4495957
4495960
4497744
4497810
4498439
4498620
4498870
4499664
4500721
4501070
4502356
4502815
4503182
4504643
4505414
4506047
4509412
4509457
4511361
4511992
4513244
4513405
4514235
4514561
4514678
4514844
4516419
4516488
4517889
4518687
4520305
4520860
4521847
4522211
4523539
4523908
4524660
4524945
4525136
4526473
4527176
4528523
4528766
4529069
4529255
4529887
4530171
4531106
4532133
4533026
4534271
4534349
4534382
4534720
4535136
4536656
4536819
4538909
4539166
4539498
4541795
4542506
4543162
4543364
4543630
4543710
4544879
4545123
4545463
4547699
4549262
4550482
4551059
4551088
4552197
4553427
4554130
4554691
4554753
4555035
4555584
4556407
4556636
4557313
4557621
4557703
4558546
4559375
4559403
4560230
4561620
4562236
4562932
4563523
4563805
4564070
4564532
4565550
4567206
4568639
4571366
4572656
4572890
4574389
4574445
4574543
4575187
4575608
4576427
4576592
4576726
4577513
4577932
4579179
4581231
4582626
4583458
4585778
4586137
4587832
4588243
4588324
4590660
4590886
4591476
4593236
4593457
4595522
4597746
4598698
4598856
4599621
4599744
4599802
4603710
4603944
4605228
4605770
4606516
4611068
4616196
4616559
4617178
4617672
4617869
4618468
4618790
4618968
4619405
4622183
4622288
4622645
4623764
4626116
4626585
4629090
4631681
4631765
4632976
4632995
4633958
4634069
4634073
4634257
4635420
4635585
4636878
4637148
4637183
4637693
4637992
4638342
4639503
4640312
4640315
4640438
4640886
4641350
4642126
4642369
4643051
4643224
4644689
4645672
4646051
4647389
4647910
4648364
4648610
4648688
4649821
4650166
4650269
4651123
4652500
4652925
4652977
4653366
4654514
4654846
4655325
4656030
4656763
4657529
4657726
4659709
4660564
4661125
4661551
4662454
4662920
4663897
4664609
4665129
4666542
4667531
4669219
4669797
4669919
4670011
4670735
4671214
4671276
4671441
4672383
4672747
4674088
4674947
4676099
4676665
4677149
4678330
4679169
4679256
4680735
4681742
4682694
4683355
4687253
4688491
4689482
4690362
4690441
4690514
4691273
4692191
4692620
4694130
4695364
4695397
4696944
4698938
4699099
4699278
4700511
4701355
4701388
4701460
4704528
4704624
4705924
4706718
4707219
4707482
4707511
4707970
4708657
4708669
4710850
4710999
4711711
4712060
4712897
4714532
4714706
4715028
4715266
4715315
4715518
4715961
4718411
4718608
4718682
4722471
4722826
4723364
4724708
4724919
4725893
4726678
4729225
4732811
4733243
4733416
4733715
4734054
4734190
4734634
4737111
4737273
4738358
4740127
4743725
4743831
4743910
4744909
4745450
4745917
4746767
4746824
4747301
4748877
4750384
4750785
4751172
4752553
4753967
4754611
4755308
4756164
4756216
4756921
4757638
4758170
4758184
4758932
4759873
4760422
4760514
4760532
4761538
4762039
4764339
4767221
4767253
4768468
4771549
4771760
4773964
4776769
4777189
4778055
4780439
4782461
4782912
4783302
4783378
4783471
4784445
4785157
4785366
4785504
4786832
4787024
4787402
4788239
4788766
4790859
4792912
4793363
4795798
4795945
4796090
4798403
4798411
4799085
4801941
4804072
4804790
4805440
4806424
4808085
4808924
4809788
4813368
4815255
4816890
4819022
4821013
4821201
4821696
4821761
4823581
4823956
4824255
4824340
4824419
4825665
4826030
4826074
4826108
4826816
4827079
4827803
4827938
4829478
4830591
4831582
4832915
4833172
4833205
4835682
4836565
4837808
4837972
4838945
4839153
4839183
4839556
4840330
4842478
4843313
4844344
4845490
4847759
4850360
4850612
4850894
4851170
4851429
4851723
4851961
4852613
4854849
4855075
4855121
4857825
4857831
4859746
4859918
4860034
4860624
4861965
4862439
4862596
4862867
4862999
4864373
4865170
4865772
4866174
4868074
4869856
4870547
4870566
4872023
4873187
4874251
4875714
4876410
4876533
4876827
4877232
4879136
4879350
4880125
4881235
4882320
4882520
4883361
4884036
4885319
4885972
4886038
4887395
4889952
4890315
4891151
4892179
4892372
4892553
4892583
4893040
4893413
4893798
4894036
4894179
4895802
4895958
4896276
4896658
4896677
4896758
4897013
4899580
4901001
4902092
4903514
4906914
4908202
4908392
4908579
4908927
4909101
4909444
4909818
4909966
4911248
4912471
4914644
4915229
4916003
4916020
4916682
4917135
4917783
4920080
4922243
4922680
4923491
4926041
4926052
4926109
4926120
4926949
4928005
4929149
4931963
4933483
4934116
4934529
4934538
4935431
4936529
4936837
4937631
4937770
4938157
4938388
4938688
4938737
4939020
4939902
4940906
4941782
4942102
4942139
4942691
4943770
4944082
4944348
4944660
4945524
4947380
4947856
4948338
4949407
4950294
4951611
4953338
4954100
4954331
4955458
4957278
4958594
4959292
4959583
4960154
4960720
4961553
4963955
4964521
4964720
4968422
4968952
4969151
4969210
4969449
4969805
4970074
4970796
4971401
4971537
4971715
4972714
4972739
4973389
4973571
4973735
4974857
4975929
4978064
4978828
4979178
4979754
4980076
4980978
4981580
4981781
4982852
4983295
4983928
4984031
4984215
4985547
4986035
4986620
4988566
4989584
4992465
4992973
4993735
4995269
4995453
4996039
4999982
5001020
5001098
5001182
5003017
5003183
5003983
5004340
5004872
5006032
5007250
5009211
5009666
5010919
5012000
5012512
5012684
5013167
5014480
5014571
5014634
5015088
5015380
5016287
5017501
5017633
5020624
5021210
5025458
5025526
5025743
5027119
5027339
5027649
5028172
5028994
5029119
5030236
5030323
5031097
5031641
5032012
5032237
5032513
5033721
5036597
5038326
5039095
5039671
5043067
5043217
5043538
5044745
5045446
5045554
5046025
5046291
5046298
5046819
5047218
5047471
5047607
5048461
5048544
5050829
5051056
5052921
5053315
5053700
5054209
5054508
5054520
5054908
5055096
5055721
5055743
5056116
5057176
5057524
5057813
5058345
5059067
5059136
5059190
5059621
5059716
5059957
5059970
5061547
5061876
5062106
5062355
5065499
5065598
5065868
5066683
5068309
5068764
5068857
5069868
5070200
5070636
5071628
5071911
5072480
5073511
5075051
5075652
5076083
5078098
5078407
5078889
5079407
5081844
5081846
5082671
5086414
5086489
5086752
5087196
5087283
5087438
5087841
5088277
5089085
5091221
5092772
5095047
5095425
5095754
5095908
5095970
5096118
5096590
5099120
5100136
5100256
5100394
5100672
5102098
5102122
5102974
5103972
5104494
5104876
5105148
5105409
5105417
5107653
5109013
5110165
5110513
5110820
5112238
5112312
5112884
5115328
5115790
5117038
5117416
5118268
5118941
5119526
5120068
5122633
5122787
5123167
5123437
5123543
5123566
5123789
5123894
5124012
5124094
5126450
5126890
5129191
5129828
5130893
5131189
5132508
5133535
5134273
5134369
5135866
5136294
5136897
5136947
5136955
5136986
5139211
5139619
5139707
5140862
5140919
5142075
5143292
5143913
5144047
5145545
5145926
5146648
5147131
5147595
5149260
5150137
5151301
5151701
5151798
5153035
5154188
5155190
5155466
5156083
5156318
5157087
5158527
5158571
5158582
5158743
5160347
5161696
5162043
5162944
5163093
5164972
5165649
5166944
5167557
5168059
5168948
5171409
5171620
5171677
5171792
5172213
5172756
5172932
5173526
5173880
5173928
5174067
5176654
5176828
5176893
5177882
5179308
5179559
5181789
5182205
5182319
5182841
5182992
5183981
5184064
5184211
5184767
5184932
5186091
5186247
5187482
5188462
5188619
5189131
5189535
5189944
5190144
5190352
5190874
5191042
5191053
5191243
5192015
5192099
5192106
5192118
5192939
5193142
5193223
5193994
5194366
5196045
5197031
5197352
5197623
5198515
5199349
5199630
5200222
5201458
5201521
5203833
5205699
5205740
5206415
5206424
5207968
5209124
5210913
5211190
5214334
5215383
5215458
5216154
5216226
5216452
5217422
5218686
5218998
5219626
5219843
5221155
5221806
5222798
5223098
5223808
5224554
5224962
5225040
5226788
5227717
5228160
5229007
5229826
5229895
5230876
5231316
5231432
5232353
5232496
5234742
5235602
5237004
5237498
5238169
5238449
5239649
5239895
5240865
5242120
5242411
5242674
5245528
5246330
5247289
5248662
5249309
5250109
5251841
5252202
5252454
5252612
5253464
5253589
5254687
5254792
5254862
5255296
5255309
5255961
5256404
5257285
5257629
5258717
5258762
5259166
5260114
5260729
5261308
5261327
5262734
5263447
5263925
5264104
5264117
5264238
5265509
5265668
5267055
5267641
5267822
5268994
5270914
5271304
5272102
5273608
5274223
5275610
5276952
5277168
5278714
5278958
5280276
5282203
5282793
5285171
5285512
5287921
5288511
5288550
5289055
5289192
5291047
5292206
5292418
5293089
5293614
5293698
5294021
5294768
5299877
5300243
5301359
5302015
5302040
5303508
5303855
5304786
5304829
5307042
5307592
5307851
5310435
5310825
5313650
5313950
5316261
5316640
5316681
5317692
5319429
5319761
5319786
5319867
5320276
5321117
5321712
5322318
5322508
5322607
5322986
5325556
5325618
5325833
5327086
5327319
5327756
5327925
5328050
5328465
5328472
5329726
5331809
5334110
5334821
5334902
5334920
5335591
5335610
5336996
5337019
5337920
5338078
5340926
5342453
5343003
5344983
5345126
5349094
5351097
5351241
5352896
5353413
5355541
5355824
5356898
5357013
5358227
5360354
5360360
5362966
5363150
5365070
5366898
5366929
5367674
5369655
5370529
5370715
5370763
5371362
5371941
5372821
5373680
5373689
5374091
5374462
5375438
5375724
5377835
5378641
5379001
5379671
5381667
5383239
5383255
5384223
5384373
5384507
5384762
5385924
5387057
5387247
5387393
5389026
5389207
5390451
5390785
5390944
5391466
5391697
5392071
5392082
5392331
5393071
5394040
5398107
5398427
5400160
5401825
5404162
5404196
5404858
5404961
5405458
5406076
5406761
5407422
5407582
5409800
5410201
5411568
5411630
5412609
5413140
5413277
5414399
5414628
5415932
5418606
5419698
5422375
5423154
5423821
5424183
5424876
5427391
5427614
5427925
5429463
5429648
5430077
5430474
5432066
5432373
5433963
5434379
5435520
5437581
5439500
5441153
5441706
5441842
5442016
5442436
5445791
5446051
5446554
5446806
5446918
5447228
5448653
5448773
5448857
5450972
5450981
5451233
5452269
5452389
5453075
5453278
5454020
5454354
5454633
5457394
5457681
5457705
5458193
5459822
5460637
5460645
5462596
5462664
5463569
5463979
5464801
5466214
5467220
5468783
5469163
5469667
5471520
5471891
5474076
5474418
5475813
5477204
5477636
5477686
5478425
5478644
5478912
5479241
5480055
5480510
5482176
5482724
5483328
5483676
5483729
5484592
5486390
5487401
5487995
5488682
5489188
5489649
5491680
5493272
5493707
5493776
5493781
5493903
5495415
5495841
5496933
5497193
5497201
5497308
5497426
5497430
5497568
5498990
5501733
5502098
5503131
5505116
5505543
5506139
5506997
5508228
5508888
5510171
5510638
5511266
5511968
5512408
5512618
5514656
5514877
5514981
5515677
5515916
5517238
5517882
5518156
5519491
5521530
5521591
5521909
5523194
5523510
5523904
5524151
5524193
5525981
5525996
5526286
5526660
5528184
5528617
5529091
5529220
5529766
5529903
5530603
5530716
5533103
5533573
5533605
5534807
5535658
5536311
5537340
5538588
5539670
5540059
5540120
5541101
5541163
5542858
5542865
5543354
5544088
5544988
5547447
5548172
5549186
5549211
5549335
5549453
5549843
5551042
5552684
5554194
5554727
5555093
5555610
5556819
5558836
5559435
5560190
5561579
5561964
5562176
5562414
5563054
5563317
5563801
5564070
5564851
5564972
5566380
5568766
5568800
5571445
5571614
5571888
5574228
5574493
5574885
5574913
5576122
5577028
5577857
5578963
5579589
5580063
5580146
5581274
5582716
5585234
5586104
5586691
5587100
5587805
5588083
5589088
5589163
5589572
5590324
5591405
5591445
5593552
5593822
5594661
5594842
5595245
5595387
5595682
5595719
5597586
5600109
5601133
5601198
5601883
5602389
5603905
5604324
5604923
5606672
5606796
5606891
5607606
5609561
5610460
5611622
5611958
5612549
5613292
5614334
5614441
5614706
5616467
5619254
5622449
5622572
5622582
5623433
5623469
5624673
5624911
5625960
5626412
5626478
5627845
5628052
5628155
5629138
5631452
5633062
5633464
5633724
5635277
5635313
5636413
5638750
5639369
5640281
5640814
5640874
5641302
5641666
5641748
5644830
5646080
5646276
5646600
5647366
5647889
5648852
5649911
5650390
5651296
5652218
5653052
5654878
5655287
5655580
5655836
5656108
5656974
5658003
5658866
5658936
5660958
5661481
5661494
5662476
5662963
5664195
5664552
5665007
5665287
5666411
5667686
5669563
5669930
5670181
5671692
5671860
5673116
5673184
5676298
5677003
5679327
5679751
5680323
5681414
5687448
5689062
5689153
5690151
5691081
5691433
5691950
5692443
5692830
5692974
5693798
5693872
5693978
5694266
5694688
5694862
5695190
5695611
5695685
5696975
5697190
5698255
5698526
5698756
5699362
5702123
5703022
5704316
5704702
5704833
5705676
5705773
5706545
5708479
5708665
5711118
5711221
5711586
5712010
5714318
5715494
5715810
5717326
5717653
5717672
5718234
5719952
5720723
5720739
5721700
5722242
5722526
5722603
5723244
5726034
5726799
5727459
5727534
5729704
5731045
5732257
5732370
5732978
5733031
5733879
5734421
5737693
5738203
5738397
5739587
5740152
5741042
5743208
5743541
5743914
5745590
5749529
5751314
5753149
5754898
5755364
5756184
5757886
5758536
5758712
5758983
5759951
5760121
5761971
5764076
5765170
5767158
5767412
5767905
5768974
5769011
5769383
5770830
5771871
5774202
5774374
5777757
5778260
5778385
5779044
5779308
5781076
5782704
5784380
5784527
5785331
5785760
5786623
5787731
5788255
5789233
5789649
5790080
5790253
5794000
5794092
5794298
5797389
5799162
5799609
5799650
5800108
5801136
5802235
5803991
5804055
5804864
5805488
5805855
5807247
5809096
5809697
5810311
5810598
5810998
5811882
5812738
5816653
5817508
5817900
5818153
5818695
5819789
5819982
5821020
5821741
5823433
5823836
5824776
5825086
5825626
5826016
5826478
5826796
5827082
5828075
5829708
5830178
5832491
5832634
5832897
5833226
5833560
5834885
5838858
5839191
5840277
5845020
5846911
5847005
5848384
5850409
5851389
5851779
5851785
5852579
5853691
5853734
5854180
5854573
5855417
5858393
5859162
5859225
5860385
5861426
5863690
5863920
5864476
5866883
5867970
5869069
5869091
5869728
5870279
5870792
5870929
5872402
5872824
5873024
5873396
5873583
5877595
5878163
5879357
5879870
5881348
5881742
5886662
5887369
5887576
5891816
5893974
5894081
5895244
5896048
5896138
5896340
5897629
5897733
5898438
5899979
5901467
5902356
5902388
5902699
5902803
5902848
5902898
5903886
5904238
5907553
5908272
5908310
5908485
5912722
5912933
5913523
5915169
5917098
5918630
5918726
5918789
5918856
5919631
5921145
5921220
5921785
5921989
5922109
5922377
5922517
5922990
5923428
5923989
5924662
5924748
5925806
5926558
5927089
5928620
5929060
5929223
5929293
5930583
5931361
5932561
5933989
5934104
5935033
5935869
5937730
5939035
5939086
5940651
5941143
5941422
5942845
5943346
5943851
5944127
5944259
5947887
5947943
5947989
5948789
5948824
5949148
5949319
5950785
5950840
5950960
5951902
5952218
5952378
5955015
5955194
5955448
5955919
5957371
5957454
5957623
5957780
5958689
5959877
5961342
5963912
5964341
5965185
5965382
5965400
5965675
5966382
5967153
5967205
5967876
5968756
5969237
5969242
5970053
5971166
5971891
5973337
5973919
5974260
5974670
5974973
5976742
5976880
5976949
5980170
5981407
5981974
5981975
5984721
5986163
5986291
5987222
5987358
5988432
5988953
5989260
5989458
5989823
5990249
5990651
5991006
5991532
5993502
5994349
5994444
5994943
5995266
5995707
5995893
5996935
5997607
5999840
6002029
6002036
6004424
6004934
6005258
6007551
6008205
6008862
6010408
6012062
6013503
6014466
6014734
6015040
6015966
6016031
6017264
6018019
6018460
6019563
6019718
6020554
6020857
6021046
6021230
6021489
6022547
6023259
6023686
6024258
6025626
6026610
6028522
6029318
6029946
6030978
6032856
6033938
6034569
6034580
6035948
6036780
6040543
6040882
6041092
6042712
6043256
6043947
6044449
6044644
6047659
6049738
6049820
6050763
6052581
6052687
6052960
6054350
6054742
6059965
6065760
6066431
6069036
6070205
6070633
6072579
6073218
6073808
6074125
6077627
6078301
6080045
6082257
6082437
6082566
6083012
6083097
6084370
6084723
6084926
6085716
6086402
6086937
6086959
6087717
6087981
6088709
6089266
6090877
6091425
6092198
6092808
6094456
6094729
6095303
6097275
6098104
6098512
6099899
6100970
6101581
6101693
6102368
6104340
6105375
6106379
6107249
6107451
6113425
6114727
6114978
6116809
6118798
6119798
6121076
6123523
6126629
6126732
6126784
6127978
6128433
6129421
6132445
6132656
6134081
6134229
6134677
6134959
6135228
6135288
6135995
6136093
6136441
6138289
6138464
6139004
6141108
6141285
6141879
6142238
6142269
6144811
6145433
6145509
6145589
6147141
6149580
6149918
6151506
6151649
6151868
6151941
6154055
6154631
6155452
6156310
6158528
6159059
6161415
6161938
6162354
6162915
6163758
6167868
6168577
6169181
6170762
6170975
6171218
6171836
6173018
6173702
6174025
6174942
6175870
6176245
6177066
6177934
6179382
6179690
6180268
6181706
6182221
6184951
6186923
6188150
6189202
6189665
6189922
6190604
6190871
6192449
6194237
6194573
6194655
6195611
6195966
6197302
6197308
6197506
6200286
6201487
6202664
6202751
6203337
6203726
6206525
6207957
6208532
6209733
6211546
6214096
6214104
6214395
6215940
6216155
6217609
6218773
6220703
6225088
6225397
6225750
6226225
6226280
6227391
6227703
6228109
6229794
6229997
6231369
6231691
6231920
6232014
6232085
6232687
6233400
6236111
6238254
6238670
6240765
6241159
6242143
6242287
6242901
6243570
6244060
6246016
6246408
6246699
6247042
6247718
6248842
6250737
6250830
6252768
6252778
6253948
6253999
6254410
6254777
6255631
6255923
6259366
6259706
6260778
6261057
6263296
6264667
6265846
6268552
6268986
6269819
6269872
6270138
6270234
6270859
6273987
6276906
6277250
6277445
6278000
6278072
6278134
6279326
6280184
6280195
6280318
6280515
6281083
6281182
6281983
6282365
6282840
6283085
6283865
6285366
6286920
6287060
6287412
6287564
6287930
6289591
6290643
6290753
6291269
6291815
6291987
6295414
6297114
6297547
6298806
6300198
6304114
6304434
6306590
6307494
6308440
6309932
6310563
6311283
6311376
6311622
6312874
6312962
6314961
6315026
6315510
6317279
6317610
6317767
6317891
6318107
6318392
6318556
6318705
6318929
6319140
6321269
6321924
6322996
6323555
6325007
6325386
6325998
6326203
6327401
6327661
6328095
6329568
6329740
6334447
6337687
6338358
6340843
6341028
6344357
6344506
6347896
6348792
6348950
6349381
6351333
6351553
6353270
6353409
6355794
6357034
6357079
6357471
6358098
6358530
6359171
6360709
6360910
6361115
6364875
6365197
6366977
6367684
6368516
6369118
6369642
6369994
6371618
6372869
6374340
6374516
6374783
6375868
6375991
6376494
6377129
6378507
6379005
6379115
6379461
6383862
6384842
6384855
6385458
6385802
6387072
6387871
6388585
6389213
6389549
6389687
6390213
6391347
6393037
6393279
6394675
6395016
6395099
6395860
6396907
6398822
6398989
6399243
6399961
6400116
6401396
6401405
6403452
6403468
6404086
6404092
6404455
6406915
6408227
6408325
6408975
6409878
6409919
6410915
6410921
6411069
6411507
6411936
6413036
6415257
6416892
6417126
6417359
6417534
6418106
6418769
6419256
6420728
6420946
6421167
6421291
6422548
6422673
6423056
6424557
6424740
6426642
6428436
6428443
6432898
6433875
6435628
6436160
6437735
6437969
6440840
6443318
6443517
6445027
6445632
6446027
6446343
6447457
6447526
6448393
6449868
6449904
6450467
6451120
6451907
6452565
6454178
6456259
6457532
6458917
6459308
6460948
6462301
6462617
6463193
6466118
6466670
6466694
6468915
6469326
6470043
6471153
6471361
6471450
6471960
6472093
6472907
6473699
6474025
6475584
6476222
6477281
6477706
6479322
6480748
6481124
6482088
6482321
6482949
6483895
6484182
6484777
6485684
6486084
6487306
6487699
6489293
6489905
6490936
6491045
6492516
6492551
6494109
6494251
6494550
6495152
6495368
6496075
6497524
6499069
6499366
6500233
6500697
6501693
6502317
6503616
6507339
6507762
6511988
6512472
6512816
6513531
6514244
6515354
6516539
6516778
6517056
6519239
6519644
6521156
6521186
6522031
6522666
6523213
6523474
6524642
6524686
6524726
6525514
6526555
6526863
6529257
6529816
6530405
6531497
6532650
6534484
6536374
6536799
6536886
6536916
6537502
6537518
6539048
6539419
6540766
6541181
6541708
6542114
6542204
6542750
6544313
6545006
6545020
6545526
6545948
6545959
6546844
6547134
6550512
6551119
6551513
6551910
6552482
6553144
6553502
6553777
6554445
6554631
6554737
6555303
6555695
6556003
6556130
6556288
6556730
6557494
6558001
6558126
6558531
6558704
6558988
6559197
6559209
6561614
6561995
6562005
6562200
6563456
6563625
6563693
6564040
6564435
6565088
6565813
6567551
6568206
6569188
6569564
6570992
6571059
6571683
6572837
6573102
6573143
6574276
6574425
6575435
6575528
6576117
6576243
6577227
6579034
6579304
6579724
6580047
6580911
6581092
6581956
6582960
6583471
6584182
6584386
6585622
6585873
6587440
6587652
6589340
6589997
6590029
6590520
6592546
6592854
6593478
6594276
6594469
6595050
6595786
6596599
6598179
6600723
6601256
6601484
6601599
6601759
6602220
6602836
6603091
6603591
6603726
6604442
6604684
6605204
6607052
6607264
6609466
6609639
6611319
6611887
6613539
6613683
6614163
6614504
6616905
6620245
6621040
6621848
6622257
6624888
6625926
6627066
6628052
6628290
6628804
6629349
6629974
6630394
6630796
6631523
6633555
6633596
6633633
6634106
6634655
6634836
6634878
6636262
6636592
6637849
6638727
6640154
6640300
6641674
6643268
6643848
6646548
6647598
6647817
6647842
6648314
6648588
6648766
6649006
6649725
6650058
6651480
6651537
6652644
6652967
6654303
6655412
6656649
6658639
6658811
6659438
6659904
6661691
6662940
6663019
6663594
6664908
6666386
6667518
6668064
6668141
6669073
6669860
6670213
6670258
6671114
6672149
6672368
6672584
6676808
6676858
6677878
6678604
6679540
6679810
6680899
6681809
6682619
6683129
6683903
6683993
6684780
6684988
6685071
6685217
6686320
6686579
6686985
6686997
6687108
6688022
6688834
6689611
6689733
6693096
6693986
6694900
6695356
6695448
6695816