2037
2563
3919
4508
5366
5677
7363
7420
7707
7943
8811
11594
11645
12812
12870
13089
15077
15277
16584
16930
18394
18931
19620
19652
20490
21069
22355
22644
22787
22794
23114
24584
24885
26323
26883
29794
30478
30767
30837
31665
32351
32385
32649
32933
32968
33227
35930
36302
36922
37379
39882
40165
41892
41945
42495
43102
43683
43816
44418
46411
46905
47132
47658
47676
47815
48481
48615
49780
50164
50228
51502
52680
53013
53101
53270
53731
53888
55136
56034
57307
59146
59655
60397
61725
61852
61935
62135
62522
63011
63030
64973
65801
66164
67014
67857
68140
68874
69508
69618
69830
69906
70089
71546
71949
72737
74386
75221
75430
76643
77295
77620
77747
77873
78242
78255
78333
78409
79103
79175
79704
79998
80079
80103
80433
81045
81305
82353
82913
83043
83065
83483
83556
85323
86307
86372
86844
88157
89582
89933
92637
93163
93241
93941
96276
96731
96736
97240
97745
98741
99375
100197
101817
102050
102201
102496
102540
103340
103451
104183
106867
108014
108327
108479
110474
111086
112881
113215
113344
113404
114113
114188
114493
114755
117381
117857
118701
118991
119647
119788
119888
120410
121925
122148
122509
122577
123407
123452
123610
123727
124903
126479
126723
127576
128214
128565
129610
129618
129730
130089
130250
130668
130875
131234
131521
132180
132673
133117
133443
133742
134722
134993
135296
135409
135502
135830
136500
137956
138101
138289
138301
138469
138580
138833
139031
139707
140629
141669
142199
142279
144477
145350
146985
147228
147272
148232
149390
149685
151930
152087
152412
152414
152717
153124
154572
154593
155673
156111
156234
157722
158906
159421
160028
162363
163018
163712
163743
164154
164974
166490
169100
170298
170303
170826
172425
173688
174438
175119
176344
176891
178054
178588
178589
179405
179638
180126
181404
182022
182147
182402
182403
183138
184872
187368
187429
187499
187583
187810
188497
188955
189711
189858
190028
190766
190767
192033
192087
192880
194821
195714
196773
197644
198236
198352
199367
200194
203056
203745
204465
204709
204918
206050
206552
207046
208617
209184
210727
211783
212632
213814
213976
214288
214606
215302
215631
216607
217419
217890
218626
219861
219918
220736
220885
221961
222446
223499
224280
224740
225035
225333
226732
226846
227184
227654
227937
231500
232116
232222
232679
233813
234117
234162
234371
235956
235991
236612
236814
238142
238466
238593
238661
238955
239141
239492
241292
242578
243063
243306
243488
243899
245092
245775
246232
247626
247866
249523
250033
250403
251076
251504
251610
251900
252248
252567
252675
254801
254854
255647
256058
256708
256768
257899
258305
258370
260016
260489
260848
261441
262812
262993
263894
263912
264696
264997
265817
266807
266957
268383
268589
268819
269918
270615
270669
271945
272597
272910
272922
272929
273197
273219
273605
274170
274422
278586
278679
279945
283411
283527
283783
284190
284258
286859
287832
288891
291573
291830
292069
292315
295136
296228
296582
297082
297770
297986
298879
299576
299933
300360
300536
301442
301577
302410
303471
303835
303903
304531
305823
305826
306521
306785
307388
308614
309227
309996
310213
311986
312475
312755
312802
313061
313656
314811
317411
317426
318068
318356
318462
318635
319542
320352
320979
322545
322607
324243
325414
325904
326663
326747
326902
327089
327961
328566
330653
330844
330879
333717
333763
334360
334455
334941
335030
335513
336271
336544
336872
337668
337886
338083
339805
341098
341376
343360
343888
344240
344469
345612
345701
345723
345953
346037
346192
347571
348131
349478
349629
350943
352293
352640
352844
352880
352950
353062
353225
353547
353892
354373
354883
355704
356502
356541
356925
357582
358092
360615
362374
362645
363039
363230
363730
363745
363980
364552
365851
365979
366004
367066
368017
368901
370552
370817
371148
372030
372654
373615
375111
375379
375999
376067
376089
376160
376453
376458
376604
376679
377363
377659
378659
379802
382976
383093
383305
384998
387124
387662
388099
388203
388263
389700
390015
390570
390618
391944
392356
392712
393121
393595
395131
395132
395260
396508
397072
399484
399936
400150
400972
404385
404889
404949
406470
406951
407578
408038
408304
408687
409231
410163
410286
410541
411004
411027
411179
411621
416249
416820
416889
416983
417206
417306
419519
420149
420966
422041
422909
422997
424532
424871
424896
425529
427455
427606
427635
429328
430651
431240
431427
431852
432653
432999
433056
433612
433663
435197
435249
435631
435876
436015
436018
438423
438755
439298
440032
440375
441113
441224
441391
441523
441543
442601
442690
442778
443113
444124
444785
445541
445983
446110
446438
447394
447664
448095
448174
449456
451314
451339
451355
452164
452237
452275
452329
452500
452558
452579
452750
453245
453289
453378
453607
453849
454857
454889
455962
456387
456578
456718
457847
458149
458829
458929
459634
459855
459902
460278
461663
462045
462576
463071
464312
464599
464659
465700
465891
468738
469371
469523
470604
470788
472766
473924
473992
474360
475112
475181
475369
477053
477604
478547
478813
479448
479457
479865
480081
480914
482491
482849
483865
484039
485266
485576
486076
486829
486932
487464
487713
488249
490018
490155
490290
490928
491158
491656
491822
492008
492313
492712
493655
493959
494609
495122
496354
496677
497496
497679
499186
499567
499855
499932
500061
500542
501090
502055
502784
504062
504153
504932
505007
505191
505824
506092
506218
506388
506390
506814
507045
507909
508862
509481
509513
510130
510143
510195
510737
511443
512805
513826
514390
514821
514844
515270
515315
515660
517022
517734
517887
518663
518815
518854
519417
519584
519722
520656
520961
521292
522474
522994
523651
524524
525027
525667
525776
526044
526526
528090
529247
529983
531542
531793
531831
532089
532713
533074
533446
533743
533853
534455
534773
535079
535193
535861
537038
537451
537682
538328
538553
539462
541193
542140
544218
545680
545955
546285
547374
548906
549061
549351
551737
552900
553147
553471
553531
553885
554061
554283
554384
556012
556761
557172
557486
557829
557850
559345
560548
560962
561015
562128
562975
564806
565896
565978
566233
566543
567329
568958
569489
570649
570950
571067
571333
571757
573248
573749
574973
576373
576476
576586
576611
576836
577645
578224
578504
578633
579060
580184
581114
581474
582393
583809
584186
584360
586883
588381
588386
588522
588563
589954
590612
590755
590968
591284
591789
593669
594158
594599
594814
597299
597478
597632
597687
599847
600686
600979
602403
602739
602870
603581
604038
606010
606872
608248
608327
608882
609424
610938
611325
611940
612003
612986
614602
615292
615314
616105
616423
616875
616935
617660
618312
619842
619972
620595
620711
622496
624127
624962
625646
626334
627144
627667
627998
629637
629954
630184
630907
631925
632087
632265
632783
632986
633097
634502
634868
635687
635997
636170
638266
638586
639749
640247
640490
640606
640613
641615
643106
645358
645399
645603
646687
646890
646891
647957
647976
648004
648783
649501
649753
649869
651729
651763
651923
651944
652181
653068
653393
653938
654250
655427
655996
657460
657536
657677
657863
658142
659564
660042
661078
662246
663497
663948
664748
665190
665847
666299
666860
667112
668306
668374
669256
669845
670621
671511
671577
672766
672891
673291
676286
677816
677955
678370
679922
681019
681671
682042
682809
684473
685294
685556
686336
686500
687635
687735
687756
688516
688877
689990
690360
690440
690638
691025
691741
692158
692949
693212
694653
695094
696230
696614
696929
698171
698417
698488
698782
700694
702146
702272
703113
705141
706348
706530
706688
706981
707391
707612
708271
709705
710671
714005
715251
715587
715793
717735
718470
718949
719823
719966
720220
720267
720388
720479
720510
724235
724425
725632
726509
726861
727564
727982
728447
729087
731488
732305
732578
733645
734752
735358
735967
736733
736738
736893
736971
737524
737960
738071
738695
738713
739111
740280
740992
741058
741154
741396
741424
743094
743767
744308
744372
744517
744736
745510
745786
745943
746245
746668
746929
747729
747873
748110
748143
748913
749028
749735
750246
750591
751207
751541
752022
752174
752558
752706
752803
753127
753165
754076
754628
755701
756774
757231
757458
757773
758205
758678
758765
759291
761138
761236
762763
763340
763866
765226
766517
766955
767164
767365
767595
767626
767911
768035
768990
769328
769970
772219
773660
773798
775043
775291
777668
777788
778415
778913
779922
782282
782358
783491
783540
784691
785308
786527
787052
787487
788042
788212
788628
790082
790733
791600
792506
793169
793678
795524
796765
797954
798350
798798
799617
801556
801562
801743
802271
802296
802562
803432
803449
803833
804837
805188
805373
805392
807500
807710
807995
809534
809620
809791
809898
810052
810403
810421
810582
810869
810938
811164
811184
811192
811783
812932
814227
816054
817056
817421
817930
818025
818088
818115
819133
820783
821207
821575
821771
822021
822129
822502
823057
823599
823873
824869
824898
825075
825508
825522
825684
826426
829001
829293
829356
832101
832801
834203
837474
838939
839563
839689
840289
840381
840604
841900
842372
843609
1128084
1130722
1130972
1131670
1131738
1131867
1132563
1134843
1135194
1136543
1136550
1137354
1138050
1138711
1139709
1140522
1141038
1141061
1141725
1142035
1142114
1143209
1143253
1143523
1143568
1143598
1144784
1145140
1145829
1146238
1147290
1148511
1149165
1149618
1149710
1149722
1149987
1150935
1151189
1152042
1152903
1154085
1154745
1155024
1155470
1155941
1156769
1156952
1157743
1158052
1158296
1159412
1159430
1160726
1162902
1163093
1163215
1163406
1163769
1164191
1164684
1165205
1167705
1168370
1168461
1168971
1169244
1170214
1170225
1171202
1171276
1173220
1173345
1173346
1173654
1175803
1175926
1176320
1176433
1176700
1176914
1177320
1179243
1179418
1179429
1179952
1180186
1181438
1182721
1183499
1183984
1184998
1185798
1185975
1186690
1187571
1188778
1188784
1189544
1189830
1190707
1191061
1191318
1191394
1192640
1192953
1193412
1196242
1196280
1196531
1196857
1197517
1197647
1198388
1198672
1199428
1201072
1201386
1203645
1206221
1207273
1207406
1209413
1209658
1209756
1209817
1210894
1211027
1211455
1212472
1213060
1213211
1214158
1215833
1215941
1217417
1218402
1219092
1220110
1220121
1220452
1222739
1222865
1222955
1223350
1223482
1224256
1225100
1226364
1227183
1228130
1229028
1229029
1229452
1229790
1231255
1232232
1232625
1233224
1233328
1234899
1235668
1235887
1235928
1236754
1237160
1238484
1238626
1238691
1240288
1240731
1241291
1242004
1242241
1242629
1246432
1246792
1247000
1247675
1247924
1247962
1248092
1248542
1248574
1249089
1249119
1249607
1250686
1252507
1252650
1252876
1253009
1253661
1255617
1257317
1257917
1258007
1258848
1259384
1259513
1259825
1259827
1259913
1260342
1263066
1263425
1263488
1264139
1264494
1264502
1264690
1264867
1265038
1265302
1266509
1266579
1267025
1267403
1267567
1269818
1270149
1270761
1271080
1272523
1273393
1273604
1274981
1276525
1277484
1277732
1277760
1278592
1278728
1279147
1279572
1280161
1282535
1282642
1282962
1283249
1283702
1284732
1285109
1285373
1286994
1287949
1288195
1288844
1289181
1291673
1292115
1293051
1293153
1293609
1294325
1294392
1295834
1296865
1296911
1297328
1297444
1297641
1297714
1298905
1298961
1299932
1301827
1301914
1302812
1302837
1304112
1304240
1304947
1305026
1305630
1305667
1306235
1306687
1307164
1310960
1313362
1314169
1315245
1316534
1316878
1316956
1317263
1317876
1318406
1318527
1319329
1320274
1320394
1321156
1321546
1321588
1322341
1323815
1325577
1325693
1326093
1326672
1327130
1327638
1329178
1329253
1329439
1330366
1331105
1331252
1331370
1333232
1333408
1336731
1336871
1337904
1337954
1338000
1338574
1339017
1339240
1339470
1340014
1340463
1341123
1341328
1342113
1342717
1343813
1344256
1344341
1344751
1346267
1346408
1346725
1348336
1349229
1349640
1349934
1350951
1350999
1353045
1354556
1356152
1356206
1356244
1356396
1358494
1358601
1359846
1360292
1360438
1360624
1363212
1363463
1364441
1364587
1364647
1365566
1366861
1368217
1368346
1368713
1369435
1370221
1370588
1373571
1373869
1374259
1375458
1375840
1375842
1376163
1376388
1376868
1378102
1378226
1378938
1381231
1382225
1383209
1383331
1384850
1385713
1385911
1385999
1387052
1387785
1388599
1389339
1389737
1390159
1390374
1390726
1391262
1391479
1391639
1392243
1392505
1393602
1393881
1394754
1395080
1395667
1395948
1396299
1396741
1396782
1397112
1397981
1398950
1399051
1399715
1401115
1401497
1401653
1403208
1404264
1404589
1405280
1405761
1405829
1408010
1408139
1409099
1409547
1410007
1410450
1410806
1411597
1411918
1414563
1414757
1415287
1416912
1419968
1421899
1423058
1423678
1425668
1425709
1426073
1426683
1426785
1427421
1427538
1427572
1428101
1430251
1430465
1431726
1432315
1432817
1433297
1433528
1434252
1434371
1434514
1435006
1435260
1438354
1439279
1439566
1439617
1440406
1441881
1442454
1443212
1443477
1443620
1443780
1443817
1444436
1445642
1445873
1446662
1446940
1446946
1447076
1447340
1447968
1448131
1448158
1448234
1448301
1448498
1449238
1450585
1450786
1452285
1452747
1454812
1455223
1457430
1458345
1458581
1458755
1460065
1460150
1461857
1464947
1465886
1466224
1467271
1468473
1468735
1470005
1470661
1471263
1472046
1473995
1474001
1474335
1474879
1475009
1476384
1476699
1479181
1479274
1479763
1480728
1482384
1484232
1484541
1484730
1485848
1485989
1486720
1486736
1486881
1487073
1487535
1488037
1488546
1489310
1489524
1490098
1490704
1490985
1491966
1493013
1493241
1494408
1494991
1495605
1495705
1496062
1496196
1496930
1497026
1497770
1498334
1498463
1498526
1499290
1499598
1501875
1502808
1502894
1503349
1503463
1503583
1504163
1504456
1505848
1507051
1507507
1507527
1508283
1508822
1509377
1509447
1509845
1510480
1511237
1511522
1512543
1513050
1513091
1513883
1514510
1514822
1515080
1516335
1517220
1518143
1518640
1520502
1520810
1521013
1522431
1522488
1522748
1523270
1523630
1524145
1524785
1525008
1525700
1525922
1525993
1526414
1526741
1527766
1530355
1531132
1531285
1532263
1533332
1533419
1534310
1536355
1537797
1538618
1539143
1539341
1539747
1540838
1541527
1541679
1542022
1542180
1542322
1543115
1543568
1543893
1544634
1545162
1545974
1547379
1547429
1547998
1550495
1551977
1552744
1553521
1554291
1554482
1554626
1554805
1554908
1554957
1555858
1557323
1557776
1558451
1558816
1559530
1560198
1560351
1560439
1560848
1560939
1560961
1560979
1561836
1562309
1562687
1563976
1564448
1564627
1564837
1565186
1566392
1566469
1566660
1566806
1566976
1567307
1567675
1567780
1568948
1569195
1569588
1569639
1570451
1571840
1574104
1574307
1574651
1576395
1576619
1576691
1576794
1577298
1578504
1579009
1579365
1579485
1581380
1584086
1584623
1584984
1585241
1585283
1587841
1587967
1588729
1589593
1590188
1590241
1590351
1590657
1590969
1592384
1593190
1593322
1593666
1593930
1595119
1596030
1596168
1596945
1597079
1597846
1598660
1600397
1601049
1601381
1601562
1602174
1602851
1604578
1604826
1605016
1606290
1606696
1607875
1608491
1608864
1609087
1609352
1611164
1612075
1612135
1612823
1613426
1614859
1615100
1615346
1616334
1616965
1617215
1617963
1618103
1618748
1619021
1620468
1620684
1620934
1621028
1622297
1623250
1627660
1627992
1628786
1628787
1630390
1630609
1633618
1634051
1634399
1634549
1634777
1635758
1636076
1637663
1637693
1637715
1638010
1638234
1638295
1639278
1639490
1640471
1640645
1640855
1642351
1643242
1643258
1643396
1643555
1643920
1643985
1644243
1644392
1644480
1644495
1644987
1645121
1646734
1647621
1648148
1648260
1648938
1653185
1654349
1654704
1655862
1656171
1656406
1656467
1657726
1658628
1658763
1658991
1659795
1661644
1661765
1661829
1661837
1661841
1663192
1663207
1664782
1665803
1666352
1668874
1669579
1670621
1671426
1672042
1672459
1673671
1673935
1674065
1674472
1675493
1675691
1676393
1676551
1676683
1677175
1677595
1677646
1677926
1677950
1678217
1678825
1678943
1678961
1679702
1679936
1680046
1680250
1680364
1681167
1681425
1681625
1681927
1682739
1683331
1684677
846981
847654
848787
848883
849783
849918
850994
852598
852881
853039
853252
854259
854357
854862
854955
854974
855672
856047
857282
858746
860030
860054
860471
860514
860619
861854
861984
862522
862629
864510
865247
865924
866187
866229
867192
867898
868537
869016
869227
869309
869678
869686
870825
873053
873431
873754
873784
874751
874766
875474
876681
876731
877851
878070
879365
879675
881637
881707
882238
882508
882635
883649
883820
884752
885996
886943
887862
888340
888420
889639
889698
890137
890404
890629
892193
893406
893522
893852
894015
894970
895410
896252
896669
897467
897739
898425
898521
898659
899105
899378
901327
902323
903024
903209
903251
903597
903703
903742
904455
906546
906795
907367
908281
908451
908643
908823
909419
909473
910744
910957
911034
911316
911347
911358
911951
912622
912700
913183
914886
915111
915325
915609
917575
918050
918080
920568
920862
921720
924004
925634
925934
925945
926429
928372
928852
929001
929410
930066
932137
932150
932352
932755
933245
933684
933830
934529
934797
937160
937258
939287
941109
943064
943873
945029
945273
945809
945978
946676
946699
948157
948379
948477
948912
949087
949198
949519
949792
952119
952470
953343
953376
953908
955294
957525
957771
958688
961287
962162
962759
962844
964018
964112
964141
964353
964612
966414
967066
967857
969406
969620
970424
970726
970798
971970
973297
973679
974393
975304
975606
975609
975728
976836
976878
976894
977260
979271
980186
980595
980984
981066
981074
981510
981709
982499
982971
984340
984510
984581
984713
985143
985749
988524
989515
989927
990037
990570
991724
992470
993013
993323
993533
993537
994045
994101
994253
994372
994464
994491
994740
994957
996153
996469
997388
997961
997971
998321
998363
999411
1000232
1001586
1001847
1001955
1001981
1002874
1003338
1003572
1003628
1005179
1006435
1009422
1009737
1012063
1012362
1012603
1013070
1013944
1014556
1015082
1016914
1016966
1017180
1017415
1017810
1017897
1018874
1019002
1019623
1020134
1020235
1020463
1021100
1022079
1022407
1022467
1024729
1024764
1025811
1028273
1028730
1028943
1029488
1030841
1031139
1032589
1033368
1034079
1034721
1035112
1035725
1036623
1037158
1037198
1037636
1038618
1039142
1039640
1041021
1041195
1041254
1041672
1041983
1042656
1043399
1043677
1044164
1044247
1044301
1044505
1045396
1045487
1045607
1045889
1046430
1049668
1050805
1053034
1053681
1054206
1054340
1054444
1055766
1056935
1057604
1057669
1057857
1058831
1059419
1059611
1059696
1061183
1061633
1062037
1062171
1062808
1063179
1063533
1065070
1065169
1068101
1068454
1068897
1069188
1069485
1070466
1072577
1073850
1074440
1075940
1076346
1076559
1077795
1078993
1079926
1080062
1080353
1080608
1081954
1082432
1083978
1084276
1084697
1085811
1086889
1087613
1087885
1088470
1090181
1090440
1090640
1091580
1092223
1092788
1094319
1095142
1095223
1095224
1096752
1097246
1097604
1097788
1098401
1098654
1099254
1099517
1099562
1101118
1102366
1102703
1103062
1104184
1104331
1104739
1104907
1105482
1106098
1107758
1107854
1108427
1109035
1109604
1109936
1111083
1111433
1112566
1112867
1113495
1113549
1113778
1114526
1114987
1116106
1116979
1117810
1119743
1119987
1120689
1121224
1121368
1122131
1122734
1123358
1123555
1123869
1125148
1125356
1686339
1686461
1687348
1688642
1688674
1690273
1690550
1690595
1691647
1691867
1693055
1693199
1694365
1694723
1694801
1695715
1695762
1696899
1698034
1698125
1698419
1698652
1699199
1699207
1699559
1699858
1699874
1700276
1702242
1702292
1702829
1703048
1704693
1705413
1705573
1706198
1708656
1709392
1709757
1710502
1710804
1711257
1711394
1711716
1712814
1712880
1713981
1714193
1714921
1716006
1716548
1717266
1717273
1720174
1720383
1721604
1721607
1721949
1722017
1722477
1722839
1722987
1724394
1725939
1726073
1726074
1726381
1727548
1727741
1727896
1729895
1731319
1731812
1732467
1733075
1733804
1734250
1736032
1736217
1736552
1736763
1737361
1737464
1737619
1738781
1741046
1741823
1742232
1743561
1743664
1743695
1743889
1745420
1745999
1747775
1747882
1747933
1748334
1748847
1748860
1749029
1751047
1751312
1752413
1752977
1753609
1754025
1754266
1755143
1755279
1755296
1756629
1757407
1758049
1759786
1760413
1762025
1762271
1763712
1765258
1765367
1765388
1765550
1766104
1766267
1766507
1766713
1767705
1767917
1768462
1768850
1769432
1769973
1770128
1770323
1770990
1771399
1772339
1773680
1773863
1774051
1774229
1775020
1775286
1776180
1777642
1778034
1778320
1780238
1781618
1782848
1783126
1783866
1784047
1784771
1785050
1785836
1786788
1786966
1787168
1787312
1788014
1788290
1788481
1788496
1788512
1789471
1791325
1791432
1791599
1793357
1793379
1794261
1794502
1795186
1796928
1798093
1798930
1798960
1800092
1800344
1801526
1801846
1802030
1802045
1802078
1802433
1802478
1804037
1807165
1808141
1809335
1811841
1811986
1812488
1813165
1813936
1815070
1815861
1815931
1816547
1816724
1816734
1817321
1817337
1817444
1818630
1819115
1819848
1820584
1820785
1821214
1821239
1821552
1821663
1822214
1822540
1822730
1823152
1823549
1823942
1823967
1824577
1825816
1826927
1827402
1827456
1828735
1829712
1830491
1830609
1831036
1831094
1831225
1831246
1831465
1831763
1832063
1832329
1832749
1832948
1833328
1834742
1835616
1836846
1837159
1837877
1837910
1838781
1838874
1840012
1840302
1842079
1842379
1842677
1842966
1843448
1846086
1847052
1847223
1847501
1848254
1848644
1848812
1849048
1849108
1850195
1850256
1851556
1851645
1851695
1851706
1853070
1853258
1854145
1854963
1855188
1855910
1856036
1856236
1856982
1857004
1858965
1859216
1859685
1860242
1860697
1861273
1861459
1863888
1865488
1865540
1866877
1867586
1867780
1867880
1868918
1870151
1870307
1870794
1871137
1872152
1872594
1873182
1873342
1873682
1873996
1874622
1875882
1876676
1878733
1879417
1879828
1879852
1879916
1880078
1880267
1881196
1882495
1882936
1883006
1883207
1883559
1884058
1884978
1885010
1885085
1888169
1888929
1890230
1890244
1890604
1890975
1891146
1891152
1891368
1891464
1891511
1892165
1892938
1893693
1894227
1895584
1896524
1897193
1898309
1898554
1898790
1899763
1899856
1900694
1901170
1901829
1901898
1902379
1903279
1904292
1905986
1906480
1906512
1906764
1907574
1907634
1908581
1909122
1909618
1909943
1910013
1911296
1912068
1912613
1912955
1914147
1914254
1915094
1915276
1916134
1916153
1916977
1917213
1917972
1918120
1918468
1918765
1919027
1919307
1919530
1919594
1919991
1920098
1920266
1920614
1920903
1922150
1922156
1922194
1922426
1922934
1923751
1924878
1925214
1925793
1926241
1926452
1926971
1927099
1928092
1928227
1928359
1931597
1931930
1934005
1934248
1934401
1935281
1935465
1935611
1935854
1936584
1936640
1937887
1937890
1938186
1938368
1938909
1939044
1939758
1940355
1940798
1943099
1943876
1943998
1944512
1944577
1944735
1945074
1945249
1945305
1945842
1946661
1947051
1947764
1948552
1948638
1951897
1952205
1953824
1954404
1954453
1955446
1955627
1956143
1956425
1957091
1957178
1957225
1957383
1958453
1960360
1961726
1962501
1964523
1964968
1965534
1966744
1967253
1969454
1970267
1970374
1971100
1971393
1971537
1972469
1973425
1973617
1974467
1974797
1975058
1975404
1975515
1977619
1979030
1979293
1980013
1980600
1981628
1982254
1983424
1983458
1983653
1984631
1986699
1986866
1987542
1988387
1988515
1988663
1988743
1988748
1988984
1989470
1989816
1990349
1991011
1991231
1991727
1992036
1995250
1995254
1995269
1995618
1995776
1995878
1996799
1997485
1998119
1998154
1998262
1998458
1998809
2000430
2000947
2001600
2002096
2003366
2004091
2004140
2004657
2005026
2005235
2005305
2005365
2005494
2005835
2006197
2006242
2007002
2007491
2007811
2007923
2008061
2008276
2010703
2012516
2013184
2013842
2015888
2016952
2017206
2017477
2018688
2020191
2020880
2020958
2021372
2021476
2022349
2022600
2023542
2024579
2024849
2025520
2025831
2026054
2026511
2027210
2028338
2028367
2029247
2033264
2034049
2035066
2035461
2036993
2037048
2037882
2038523
2038864
2038997
2039269
2039911
2040526
2041354
2041641
2041761
2041997
2042110
2042632
2042863
2044794
2045566
2045596
2045951
2046044
2046612
2047779
2048082
2048119
2048576
2048831
2050280
2050295
2051210
2051905
2052343
2052376
2052721
2052801
2053308
2053953
2054647
2055323
2056424
2056693
2057157
2058244
2059971
2060590
2062377
2062816
2062951
2063907
2064391
2064743
2064845
2065026
2066756
2067967
2069087
2069674
2071171
2071472
2072069
2072268
2072892
2072906
2073096
2073240
2073281
2073993
2074151
2074416
2076163
2076852
2077511
2078702
2078793
2079025
2079595
2079748
2080620
2080836
2081005
2082715
2082984
2082990
2083444
2083695
2083772
2084855
2085691
2087310
2087824
2088404
2089786
2090073
2090124
2090283
2090306
2090911
2090931
2092348
2092649
2092700
2094178
2094626
2096276
2096363
2096997
2097208
2098142
2098295
2099000
2099427
2099563
2100242
2100306
2100538
2100693
2101060
2101237
2103051
2103164
2103402
2104304
2105302
2106471
2106520
2106732
2107626
2107706
2108390
2108526
2108804
2111431
2111839
2112301
2112342
2112651
2112778
2112787
2112848
2113019
2113095
2113134
2113686
2114121
2114612
2115015
2115062
2115784
2116204
2117311
2117937
2118362
2120003
2120405
2120665
2122553
2124635
2125398
2125521
2125598
2125966
2126054
2126345
2127902
2128332
2129199
2129627
2130201
2132231
2134481
2135634
2135735
2135949
2136149
2136462
2136997
2137360
2137368
2138833
2139982
2139991
2140016
2142090
2142889
2143497
2143545
2143670
2144437
2145638
2146682
2146798
2147155
2147183
2147504
2149007
2149274
2149278
2149656
2149926
2150655
2151420
2151989
2153515
2155103
2155227
2156370
2156374
2156395
2156707
2156945
2157671
2158143
2158514
2158567
2159526
2159818
2159888
2160399
2164215
2164584
2164696
2167168
2167375
2168872
2169269
2169791
2170425
2170448
2170829
2170908
2172455
2172767
2172808
2172937
2174352
2174411
2174414
2174983
2175481
2176066
2177188
2177927
2178708
2178857
2178908
2181364
2181592
2182037
2182093
2182344
2183016
2183020
2183478
2183728
2183730
2183994
2184934
2185219
2185843
2186840
2187790
2188330
2189212
2190947
2191619
2191851
2191946
2192346
2192569
2192783
2192815
2193322
2193746
2193795
2194429
2194522
2197043
2197282
2197412
2198877
2198977
2199078
2200614
2202340
2202345
2202554
2203081
2204979
2205739
2205961
2207625
2208098
2208280
2210535
2210890
2211393
2211783
2212066
2212510
2213024
2213482
2214115
2215465
2215903
2216747
2216992
2218143
2219806
2219945
2220313
2220787
2221187
2221484
2222088
2222198
2223963
2224199
2224274
2224889
2225280
2225506
2226954
2228705
2229444
2230809
2231412
2232106
2232337
2233150
2234046
2234622
2234636
2235407
2236068
2236559
2238257
2238476
2240101
2240300
2240711
2240836
2241657
2241907
2242833
2243275
2243797
2244504
2244618
2245147
2245745
2245794
2245841
2247339
2247628
2248300
2248726
2248763
2249256
2249279
2250052
2250703
2251563
2252478
2252853
2253145
2255441
2255807
2255929
2256662
2256979
2257210
2257282
2257498
2257598
2257966
2258761
2258814
2260430
2261163
2261541
2262436
2263244
2263334
2264625
2265350
2266027
2266045
2266805
2266983
2267511
2269146
2271978
2272061
2272258
2273164
2273361
2273517
2273688
2274195
2275318
2277005
2277108
2278175
2279473
2280061
2280238
2280248
2280615
2280687
2281565
2283338
2283690
2284768
2285598
2286305
2286352
2286392
2286457
2286773
2287126
2287246
2287377
2289965
2290277
2290375
2295456
2295565
2296136
2299119
2299526
2301140
2301210
2301279
2303000
2303133
2303491
2303610
2304226
2304255
2304302
2304313
2304506
2305827
2306210
2306621
2308268
2308840
2309202
2309566
2310559
2310595
2311604
2311617
2311737
2312021
2312942
2313727
2314110
2314708
2314997
2316122
2316749
2317194
2317206
2318004
2318119
2320126
2320214
2320234
2321077
2322335
2322503
2322781
2324271
2324368
2325734
2326642
2327570
2328712
2329445
2329451
2329589
2331711
2333189
2334177
2334857
2334899
2337316
2337709
2338347
2339466
2340084
2341594
2342285
2343725
2343737
2345271
2345330
2345807
2346076
2346687
2346916
2347187
2347595
2348096
2348734
2348782
2349520
2351436
2351905
2353507
2353930
2354464
2354930
2355323
2355703
2356237
2356246
2356585
2356623
2359264
2360293
2361140
2362247
2363002
2363331
2363707
2365126
2365331
2366504
2366636
2366688
2367400
2367657
2367730
2369357
2369470
2369878
2370560
2370594
2370659
2371286
2371633
2372334
2372732
2373002
2373617
2374788
2375213
2376202
2376572
2376817
2377569
2377670
2377779
2378239
2378482
2379308
2379385
2379811
2380029
2380151
2380610
2381087
2382198
2382785
2382839
2383174
2383986
2384733
2386520
2386979
2390138
2390335
2393329
2394849
2395235
2395477
2397048
2397823
2398117
2399306
2399467
2399742
2400159
2400609
2401077
2401218
2402862
2404525
2404699
2405521
2405789
2406036
2406042
2406488
2406974
2407629
2408233
2409783
2409885
2409952
2410197
2410553
2410594
2414712
2415346
2415740
2415964
2415975
2416396
2418148
2418625
2420265
2420650
2420789
2421609
2421767
2422437
2422487
2422536
2423010
2423597
2424438
2424726
2424828
2424905
2425456
2425875
2426314
2427304
2427370
2429558
2429652
2430064
2430181
2430689
2432547
2433657
2434164
2435133
2435310
2435815
2436563
2439635
2439868
2440119
2441580
2441842
2442498
2442891
2444003
2444123
2444213
2445092
2445265
2445330
2445592
2445719
2445890
2447760
2448123
2448191
2448595
2451240
2451410
2452344
2452373
2452797
2452971
2453444
2453634
2453828
2456065
2456184
2456827
2457280
2457331
2457786
2458828
2460257
2460338
2460754
2461135
2461886
2462392
2464058
2464471
2465644
2466491
2468864
2471243
2471502
2472450
2472787
2472895
2473116
2474358
2474545
2476236
2477165
2477461
2479165
2480040
2480073
2480918
2482481
2483842
2484330
2485444
2485987
2486062
2486592
2486707
2486787
2488448
2488500
2490487
2490980
2491117
2492394
2493576
2493583
2494264
2495419
2495505
2496490
2497269
2498799
2499608
2499795
2500360
2500766
2500796
2501711
2502486
2503360
2503665
2503911
2504975
2505464
2506571
2506984
2507188
2507399
2507536
2507718
2508282
2511267
2511404
2512878
2513021
2513424
2513893
2514208
2514894
2514937
2515096
2515385
2515954
2516196
2516575
2517241
2518101
2518807
2519279
2519501
2520233
2521297
2522035
2522464
2522501
2522945
2523288
2523743
2524453
2525894
2526311
2526935
2527640
2529058
2529061
2529078
2530900
2531386
2531779
2532184
2532881
2538405
2539941
2540149
2540613
2540852
2540998
2541170
2541301
2541953
2542234
2543107
2543429
2544080
2544213
2544254
2544707
2545567
2545601
2546434
2546585
2546651
2546735
2546776
2547363
2547498
2548341
2550964
2551412
2551852
2551994
2552183
2552785
2553392
2553474
2553641
2553990
2555000
2555022
2555213
2555800
2556088
2556345
2556980
2558369
2558718
2559154
2560039
2560068
2560795
2561015
2561052
2562678
2563404
2564554
2564801
2565012
2565483
2565568
2566004
2566659
2567602
2568883
2569090
2569149
2569205
2570041
2571167
2571201
2571599
2572515
2573059
2574902
2574985
2575225
2577216
2577809
2578861
2579371
2579382
2579578
2579612
2579862
2580144
2580618
2580989
2581504
2581729
2582160
2582815
2582947
2583600
2584490
2585112
2585848
2586772
2587349
2587569
2587989
2588440
2589022
2589242
2589534
2590527
2591444
2592049
2593334
2593418
2593631
2593813
2594027
2594287
2595179
2595689
2596711
2598159
2598889
2599937
2599949
2600502
2601167
2601699
2602226
2602694
2603979
2605206
2605922
2607241
2607725
2607761
2608457
2608643
2609471
2610316
2610650
2611013
2612600
2615644
2616599
2619400
2619700
2620944
2621228
2621877
2621912
2623446
2625574
2626317
2626588
2627822
2628060
2628121
2628622
2630424
2631445
2632955
2633295
2634190
2634258
2634695
2634871
2635581
2635906
2636156
2637764
2637864
2637990
2639211
2641680
2641757
2642372
2642730
2643021
2643979
2645311
2645644
2645647
2645731
2645770
2647017
2647323
2647444
2647982
2648004
2648112
2650703
2651703
2652028
2654447
2655830
2656194
2656379
2656857
2659169
2659389
2660908
2661103
2661126
2662095
2663362
2664760
2664825
2665401
2665819
2669463
2670844
2672488
2673005
2673134
2673193
2673468
2674141
2675076
2676274
2676403
2677657
2677667
2680682
2680917
2681226
2681337
2681621
2682884
2683064
2683327
2683330
2683577
2685474
2685639
2686257
2686305
2688304
2689264
2689335
2689883
2691425
2692039
2692490
2693044
2693532
2694072
2695748
2696652
2696833
2701651
2701992
2702296
2703554
2703712
2704806
2704997
2705701
2705889
2706675
2707281
2707997
2708270
2708523
2710729
2710857
2711269
2712211
2712635
2713851
2714160
2716190
2717121
2718038
2719771
2720205
2721404
2723050
2723533
2723590
2724270
2724931
2724987
2725089
2726858
2726888
2728505
2728964
2730314
2730932
2731607
2731753
2732839
2733171
2734153
2734927
2735290
2735315
2735516
2735990
2737282
2738072
2738122
2738358
2738654
2738662
2739344
2739504
2740658
2740982
2741312
2742144
2743405
2743600
2743739
2744064
2744107
2744661
2744739
2744834
2745269
2745289
2745413
2746854
2748066
2748399
2749958
2752864
2753895
2754463
2755356
2756511
2757017
2757930
2758439
2758737
2758790
2759147
2760133
2761573
2761626
2762309
2768068
2768145
2768651
2769695
2770233
2771371
2771454
2771619
2772384
2772819
2772892
2773188
2774571
2774817
2774915
2775303
2775559
2776167
2776767
2777198
2777832
2778798
2780094
2780121
2780686
2782902
2783038
2783266
2783542
2785733
2785914
2786355
2788290
2788338
2788724
2788829
2791591
2792404
2792906
2793010
2793661
2794060
2794177
2794478
2794522
2794618
2795053
2796275
2796644
2797053
2797301
2797366
2798039
2798799
2799103
2800072
2801075
2801469
2804020
2804291
2804824
2805505
2805605
2806392
2807546
2807954
2808400
2810626
2810843
2810889
2814276
2814488
2814775
2816009
2816366
2816889
2816949
2817444
2818128
2818357
2818918
2819161
2819331
2820716
2822153
2822644
2823267
2823441
2823822
2824260
2824342
2824492
2824897
2825611
2826065
2826715
2826751
2827487
2828373
2829196
2829358
2829810
2829883
2830685
2832890
2832965
2833926
2833930
2833973
2835389
2836156
2837555
2837676
2838497
2840399
2840544
2840613
2840793
2841343
2841380
2841448
2841849
2843088
2843146
2843172
2843583
2843595
2844478
2845127
2845489
2847303
2847658
2847977
2848264
2848611
2849218
2849375
2849526
2849803
2849804
2850831
2851093
2851281
2852540
2853679
2854121
2854905
2855822
2856694
2856981
2857162
2857241
2857581
2857951
2861382
2861620
2861852
2861853
2862677
2863243
2863701
2864409
2864850
2865536
2866168
2866288
2867996
2868856
2869640
2869983
2870530
2870815
2870869
2871174
2871408
2871679
2872051
2872476
2872544
2872999
2873601
2874429
2874572
2876485
2877166
2878315
2878627
2879072
2880352
2880497
2881945
2882185
2882584
2882968
2883414
2883680
2883958
2884203
2884685
2884709
2885223
2887372
2888307
2896191
2896343
2896389
2896539
2896562
2896896
2896959
2896970
2897366
2897688
2897756
2897838
2898386
2898546
2899921
2900196
2901740
2901982
2902225
2902404
2902769
2902862
2903177
2903348
2903538
2904270
2904829
2904882
2905063
2905167
2906928
2907050
2907315
2908146
2909138
2909556
2910708
2911515
2911728
2913274
2914687
2914734
2914765
2914823
2914977
2915207
2915669
2915787
2916603
2916683
2916757
2917912
2918147
2918891
2920236
2920422
2920855
2922552
2922615
2924133
2924326
2925018
2925423
2925747
2926378
2927632
2927665
2927822
2928149
2929064
2930249
2931143
2932000
2932361
2932829
2933007
2933197
2933321
2934055
2934948
2935824
2935908
2937011
2937099
2937692
2938346
2938953
2939091
2939300
2940102
2941634
2941767
2942767
2943690
2944518
2945278
2945323
2945869
2946526
2948716
2949264
2950305
2951697
2952930
2953685
2956487
2956582
2956630
2957421
2958031
2960064
2961461
2961696
2962774
2963113
2965517
2965819
2965968
2966398
2967227
2967477
2967931
2969856
2971859
2973110
2973334
2974006
2974351
2974498
2975342
2975344
2975372
2975709
2976320
2977251
2977340
2977590
2978528
2979849
2979993
2980142
2981506
2982049
2982095
2983358
2983613
2983971
2986238
2986259
2986344
2987053
2988495
2988506
2989176
2989638
2989927
2990086
2990636
2990977
2991065
2991465
2991508
2991527
2992231
2992808
2992817
2993403
2994198
2994978
2995313
2996067
2996356
2996515
2996608
2997014
2997241
2998550
2998836
2998877
2999095
2999165
2999498
3000353
3000712
3001492
3002459
3003194
3003248
3004178
3004402
3004644
3004707
3006431
3006592
3007529
3008932
3009213
3009216
3009300
3010708
3011839
3012484
3012542
3012566
3013122
3013391
3014039
3015014
3016973
3017056
3019669
3019749
3020763
3021843
3023354
3023363
3023913
3024153
3024932
3026571
3027233
3027247
3027448
3027771
3028108
3028343
3028980
3028984
3029168
3029520
3029954
3030768
3030914
3031652
3031861
3031907
3032740
3033134
3033495
3033932
3034232
3034342
3034500
3034760
3035172
3036120
3036124
3037050
3037860
3039611
3042319
3045112
3045223
3045235
3046054
3047181
3047237
3048496
3048512
3049454
3050343
3050387
3050545
3051135
3051994
3052311
3053093
3053282
3055239
3056762
3057185
3057807
3058610
3058630
3058989
3059384
3059543
3061324
3061422
3062499
3063667
3064049
3064392
3065627
3066102
3066658
3067099
3067300
3068151
3068626
3068869
3069009
3069191
3070163
3071033
3071706
3071790
3072229
3072728
3073123
3073552
3075390
3075509
3075631
3075729
3076178
3076361
3076946
3078868
3079307
3079318
3079608
3079913
3080638
3080783
3081009
3081103
3081469
3082866
3083505
3083817
3084765
3085228
3085351
3086114
3086465
3086712
3086876
3087992
3088090
3088680
3089126
3089948
3089974
3089979
3091128
3091211
3091288
3091294
3092346
3093665
3093908
3094281
3094476
3094712
3096068
3096300
3096988
3097015
3097187
3098196
3098313
3099761
3100417
3100992
3101029
3101126
3101381
3103255
3103404
3103738
3104065
3104306
3105139
3105421
3106177
3106337
3106499
3107514
3107899
3108179
3108310
3109038
3109522
3111628
3112713
3112885
3115644
3116219
3116976
3117553
3118051
3118139
3118470
3119424
3119606
3120016
3121446
3121889
3122004
3122796
3124369
3124678
3124713
3124838
3124846
3124910
3126516
3126784
3129702
3130049
3130352
3130991
3131394
3131513
3133423
3133568
3133614
3135142
3136461
3136492
3137165
3137579
3137972
3138359
3138374
3138454
3139323
3139715
3140870
3141630
3141986
3142183
3142308
3142476
3142944
3143444
3143959
3144170
3144471
3145208
3146907
3146970
3147271
3147646
3148313
3148835
3149722
3150602
3151493
3151796
3151923
3152000
3153036
3153175
3154346
3154399
3155183
3155493
3155757
3156062
3156723
3157125
3157824
3159001
3159374
3160732
3160953
3162496
3162697
3163988
3164851
3165781
3165855
3166041
3166729
3166898
3166993
3167761
3168208
3168646
3169683
3170193
3170916
3172328
3174811
3175124
3175708
3175813
3175992
3176025
3176749
3178904
3178978
3180863
3180944
3182712
3182764
3183290
3184093
3184111
3184322
3185087
3186117
3186438
3187824
3189881
3190923
3191320
3192614
3193952
3194544
3197269
3198064
3198203
3198318
3198526
3198777
3199171
3201328
3202338
3202692
3204170
3205599
3206228
3206465
3207514
3208001
3208173
3210071
3210552
3210810
3211280
3212041
3212859
3213373
3214847
3216703
3217400
3217704
3219545
3219688
3219842
3221028
3221053
3223244
3223495
3228669
3228804
3230318
3230386
3230525
3230580
3233585
3233788
3233925
3234306
3234327
3235833
3236694
3236926
3237925
3238997
3240090
3240096
3240392
3241873
3242064
3242802
3242868
3242871
3243973
3244046
3244569
3246243
3247218
3249534
3249539
3249867
3252670
3252882
3253669
3254256
3254284
3257094
3258074
3258107
3258126
3259170
3259268
3259862
3260946
3261658
3262157
3262661
3262696
3263353
3263535
3263858
3263906
3264564
3264722
3265905
3265951
3266079
3266196
3266292
3267670
3268190
3268375
3268445
3269376
3269697
3270790
3271176
3271343
3271425
3271567
3271617
3271907
3272018
3273835
3274142
3274211
3274223
3274410
3274515
3275074
3275249
3275488
3277214
3277818
3278846
3279079
3280175
3281643
3281703
3281938
3282370
3282452
3282858
3283176
3283230
3283699
3284104
3284534
3284568
3284619
3284743
3285582
3285615
3285930
3286042
3286665
3288551
3290245
3290415
3291260
3292875
3293040
3293923
3294041
3296239
3297005
3299600
3300338
3300826
3300993
3301491
3301703
3301980
3302153
3302241
3303853
3304279
3304513
3305869
3305955
3305989
3306598
3306847
3307372
3308901
3309332
3309700
3309805
3310441
3310923
3311385
3311873
3312199
3312606
3312842
3313373
3313463
3313550
3313643
3313709
3314124
3314308
3315421
3318277
3320720
3320752
3321446
3322261
3322552
3322834
3326317
3326406
3326513
3327420
3328007
3328602
3328950
3329333
3330312
3331404
3331645
3333987
3333995
3335164
3335239
3335882
3336418
3337818
3338152
3338204
3338378
3340531
3340562
3341065
3341670
3341896
3342400
3342846
3342934
3343104
3344533
3345357
3345396
3345833
3346015
3347438
3348014
3348042
3348966
3349418
3349559
3349579
3350635
3350970
3351227
3351301
3351717
3351774
3351813
3352311
3352764
3353384
3353460
3353595
3354111
3354327
3355782
3356872
3357709
3357809
3358054
3358241
3359613
3359745
3360981
3361064
3361862
3361872
3362957
3363016
3363657
3365701
3368107
3368317
3368932
3369217
3369242
3370722
3371900
3373836
3374089
3374260
3375126
3375635
3375740
3376283
3376643
3376694
3376863
3377405
3377765
3378022
3379257
3380330
3381217
3381404
3382058
3382164
3382169
3382672
3383349
3383589
3385143
3385363
3386016
3386097
3387533
3389806
3390144
3391133
3391677
3392487
3392977
3394693
3394939
3395711
3396100
3396271
3397113
3398328
3400004
3400476
3400479
3400676
3400964
3401032
3401306
3401363
3403461
3404208
3405491
3405859
3406125
3406133
3406550
3406851
3407428
3407453
3408848
3409097
3409411
3410877
3411416
3411832
3412540
3413022
3413882
3414038
3414491
3414946
3415513
3416064
3416205
3416226
3416423
3416787
3418289
3418523
3419443
3419797
3420079
3421752
3422399
3422441
3423641
3424933
3425412
3425873
3426853
3426989
3427121
3427136
3427471
3427848
3428247
3428315
3430374
3431032
3431323
3431571
3431916
3431934
3432152
3432367
3432614
3433587
3433705
3434574
3436934
3437122
3437518
3438181
3438367
3441283
3441700
3442522
3443494
3444250
3444440
3444653
3444904
3445105
3446489
3447085
3447132
3448020
3448356
3448425
3451296
3453125
3453956
3454658
3456198
3457155
3457225
3457285
3458580
3458842
3458998
3460731
3461614
3461810
3463385
3463893
3466685
3468107
3468770
3468940
3470275
3470433
3471439
3472161
3472322
3472357
3472817
3473273
3474574
3475236
3475898
3476499
3476783
3476932
3477237
3477400
3477451
3478607
3478766
3478855
3478923
3482852
3485983
3487079
3487659
3488135
3488251
3489077
3493136
3493180
3493473
3496459
3497241
3497459
3497586
3497594
3498128
3498325
3499048
3499220
3499547
3499884
3500109
3500253
3500601
3500956
3501402
3501621
3502450
3502832
3503852
3504142
3504167
3504716
3504836
3504908
3505304
3506700
3507122
3507277
3507832
3508242
3508499
3508704
3509881
3510630
3511429
3511499
3511773
3511862
3515012
3515027
3515172
3515212
3515476
3515759
3516782
3517549
3517587
3517609
3518410
3520127
3520800
3520875
3521452
3521765
3521995
3522418
3522679
3522808
3523428
3523843
3525027
3525180
3525966
3526538
3526568
3527929
3528013
3529606
3530052
3530492
3530644
3530939
3531452
3531459
3531617
3531913
3532077
3532768
3532918
3533548
3533814
3534856
3535643
3537655
3538823
3539174
3539232
3539270
3539367
3539399
3539421
3539424
3539535
3539855
3540188
3540501
3541026
3541469
3541929
3542106
3542182
3542458
3542586
3542811
3544490
3546447
3548008
3548704
3549710
3550060
3550500
3551463
3551544
3551768
3552518
3552641
3554020
3554143
3554322
3555109
3555444
3556228
3556454
3556620
3557168
3559026
3559040
3559108
3559218
3559232
3560525
3561458
3562559
3562921
3563039
3563865
3564708
3565546
3566735
3568582
3569636
3569955
3570232
3570495
3570523
3570626
3570803
3572842
3573154
3575215
3575312
3575320
3575910
3575962
3577401
3579059
3580081
3580331
3581104
3581403
3582038
3582352
3582543
3583568
3584526
3585097
3586859
3587776
3587955
3588161
3588283
3588510
3588882
3590275
3591228
3591292
3591737
3592470
3592860
3593764
3593929
3594772
3596563
3597348
3597638
3598101
3598181
3599142
3599327
3599410
3600095
3600935
3601596
3601924
3602201
3602300
3602323
3602723
3602822
3602829
3603229
3603918
3604010
3604067
3604834
3604857
3605097
3605463
3605954
3606164
3607314
3607865
3608090
3608126
3608655
3608795
3608837
3609617
3611067
3613283
3614359
3615752
3618110
3620078
3620184
3620320
3620375
3620467
3621625
3622785
3622978
3623865
3624650
3625184
3625236
3625286
3626030
3627791
3628390
3628573
3629103
3629248
3629311
3629658
3630509
3630956
3631708
3632015
3632544
3635159
3635945
3636845
3636962
3637079
3638280
3638533
3640103
3641705
3642155
3642714
3643013
3643546
3644381
3644785
3645635
3646538
3649325
3649455
3651169
3651250
3654310
3655129
3655889
3656264
3656294
3656398
3656590
3659112
3660217
3660395
3660523
3661251
3661495
3661612
3661626
3662206
3662549
3662774
3663065
3663381
3663804
3663840
3663939
3664118
3664212
3664670
3664760
3666320
3668634
3668701
3669356
3669949
3670043
3670183
3671008
3671162
3671408
3671780
3672803
3673262
3673407
3674222
3675073
3676187
3676521
3676799
3676816
3677637
3677816
3677973
3678232
3678404
3680351
3680605
3681818
3684541
3685704
3686195
3686313
3686548
3687043
3687686
3688324
3688483
3688884
3691960
3692141
3692553
3693029
3696254
3696789
3697004
3697316
3697338
3698063
3698066
3698201
3698499
3699484
3699587
3700097
3700584
3701030
3701134
3701429
3702372
3702512
3702517
3702542
3703144
3703192
3703611
3704150
3705263
3709228
3709594
3709628
3712007
3712072
3712261
3712532
3713060
3713481
3714045
3714067
3714415
3714805
3716106
3716508
3716622
3716805
3717333
3717921
3718926
3719167
3721356
3721856
3722302
3725476
3726783
3727180
3727696
3727834
3728389
3729724
3730262
3730377
3731667
3731752
3732151
3734109
3734955
3736670
3738246
3738893
3739152
3741193
3741688
3741909
3742194
3743036
3745962
3746094
3746567
3748091
3750561
3750959
3750974
3751533
3753701
3753860
3755139
3755769
3755831
3755902
3756362
3756768
3757208
3757533
3758167
3758563
3758864
3759109
3760400
3760556
3762417
3762801
3763388
3763788
3763798
3765024
3765996
3766159
3766415
3768169
3768207
3769118
3770046
3770718
3771285
3771631
3772012
3772037
3773978
3774074
3774280
3776412
3776718
3777468
3777825
3778106
3778339
3778833
3779634
3781022
3782454
3782735
3783865
3784286
3784300
3784382
3784595
3784847
3786556
3787337
3787679
3788729
3789605
3790198
3790421
3790432
3790886
3792984
3794124
3794827
3795960
3795991
3796680
3796840
3797037
3797780
3797798
3798677
3798789
3800716
3801670
3802287
3803156
3803614
3803833
3804352
3804749
3804892
3805414
3805663
3806020
3807924
3808666
3809454
3810125
3810435
3811586
3811628
3812743
3813145
3814328
3814693
3815376
3815843
3817232
3818003
3818206
3819516
3820798
3821031
3821264
3821278
3821646
3821652
3822526
3822852
3823631
3824280
3824311
3824826
3824857
3826442
3826622
3826916
3827731
3827979
3828343
3828524
3829422
3829556
3829938
3830875
3831222
3831978
3832520
3833993
3834225
3835152
3835662
3837012
3837907
3838904
3840271
3840341
3841170
3841181
3842273
3843179
3844599
3845088
3845378
3845398
3845654
3846756
3848996
3850133
3850567
3852730
3853191
3853588
3853892
3854373
3854416
3854838
3856101
3856137
3856381
3856396
3856720
3857020
3857568
3857838
3857884
3858143
3858406
3859278
3859323
3859618
3861208
3861408
3861538
3861652
3862570
3862647
3862708
3862720
3863192
3863266
3864929
3864938
3865457
3866343
3866714
3866891
3866896
3867271
3867276
3867341
3867731
3867762
3868065
3868379
3868464
3869140
3869910
3870391
3872303
3872309
3872452
3872713
3873192
3873386
3873694
3874279
3874515
3875536
3876526
3877122
3878284
3879213
3880142
3880604
3881991
3884134
3884447
3885312
3886239
3887037
3887136
3887977
3888412
3890431
3890486
3891065
3891916
3891917
3891949
3892165
3892605
3892957
3893915
3894096
3894740
3895373
3895719
3898033
3898371
3899346
3900133
3901674
3903502
3904089
3906746
3907416
3907486
3907538
3907620
3908270
3908307
3909691
3912376
3913121
3913341
3913366
3913892
3914327
3914903
3915338
3916240
3916470
3916556
3917341
3917646
3917892
3918204
3919143
3919356
3919493
3919825
3919913
3919918
3920394
3920531
3920627
3921314
3921498
3921791
3921811
3922482
3922979
3923909
3924079
3925124
3925312
3925790
3925944
3925956
3926024
3926078
3926772
3926802
3926806
3928425
3928795
3928924
3929164
3930050
3930683
3931072
3931192
3934473
3934627
3935498
3935966
3936788
3937561
3938072
3938556
3939665
3939689
3940211
3941602
3941681
3941990
3942138
3942354
3943436
3943648
3944751
3945787
3945890
3947000
3947254
3947915
3949002
3950252
3950966
3951177
3951286
3951338
3952270
3953289
3955017
3955041
3955153
3955333
3956066
3956872
3957365
3958176
3959183
3959430
3959847
3959915
3962116
3963375
3964225
3964319
3965015
3965140
3965653
3965912
3967660
3968072
3968320
3968933
3969873
3969928
3972193
3972438
3972533
3972751
3975090
3975642
3976124
3976250
3976462
3976935
3976944
3977969
3978459
3979101
3979164
3979263
3979475
3979531
3981086
3981733
3983373
3983563
3984155
3984285
3984489
3985902
3987421
3987739
3987780
3988005
3988265
3990048
3990050
3991186
3991217
3991353
3993171
3994187
3994465
3995120
3995666
3995886
3996393
3996514
3996531
3996562
3996665
3997894
3998937
3999241
4000007
4001131
4001987
4002062
4002980
4003555
4004123
4005519
4007510
4008260
4008265
4008502
4009885
4010014
4010794
4010976
4011926
4012004
4012639
4012904
4014194
4015940
4016791
4016799
4017242
4018324
4018877
4019085
4022635
4024239
4024544
4024644
4024664
4026130
4026153
4026699
4026867
4028638
4028659
4028864
4029040
4029321
4029674
4030054
4030141
4030276
4031684
4033338
4034519
4034721
4035380
4036247
4037718
4037920
4038021
4039683
4040147
4040353
4041610
4041737
4042169
4043439
4043828
4044378
4044586
4046501
4046768
4046849
4046895
4047727
4048350
4048981
4049239
4051228
4051845
4053549
4053917
4054695
4055238
4056067
4056157
4058498
4058947
4059614
4060021
4060916
4061348
4061714
4062062
4062089
4062922
4063075
4063633
4065499
4065840
4067049
4067241
4067479
4068216
4068311
4068323
4069736
4070624
4072427
4073042
4073155
4074798
4074884
4075148
4075264
4076391
4077030
4077807
4078128
4078822
4079945
4080139
4081770
4082242
4085887
4085989
4087243
4087521
4089180
4089344
4089478
4089630
4090601
4090997
4091177
4091812
4092717
4093109
4093156
4093612
4093821
4093979
4094415
4094961
4096450
4097247
4097723
4098047
4098687
4099517
4100576
4102414
4102552
4103022
4104131
4104326
4104732
4105552
4106624
4107280
4108199
4108330
4109461
4109503
4109514
4110803
4111044
4111557
4112634
4113406
4113463
4114384
4115286
4116195
4116199
4116575
4116811
4118222
4118914
4119203
4121249
4122541
4122782
4123840
4125333
4126393
4127041
4128428
4128480
4128537
4128612
4129237
4129732
4131549
4132072
4133005
4133107
4133425
4134136
4135498
4137271
4137359
4138322
4138787
4139160
4140982
4141760
4141807
4141894
4142431
4142877
4142934
4143655
4144624
4144857
4144882
4144942
4146035
4146241
4147835
4147869
4149025
4149103
4150732
4150753
4150894
4151005
4151270
4152554
4152581
4152898
4154674
4154918
4156037
4156354
4156970
4157853
4159533
4161543
4161728
4164372
4165394
4165849
4167195
4167450
4168379
4169088
4169313
4169434
4169657
4170127
4172169
4172969
4173019
4173314
4173473
4175243
4177205
4177433
4177457
4177665
4177710
4178146
4178207
4180982
4182446
4183728
4184048
4184245
4184306
4186224
4187021
4189574
4190938
4191219
4191562
4191820
4191907
4192092
4192777
4192907
4192933
4193046
4193541
4193698
4193785
4194117
4194384
4195455
4196875
4197329
4198160
4198605
4200052
4200574
4200894
4201190
4202362
4202944
4203806
4205587
4206024
4206973
4207746
4209449
4209533
4212615
4214727
4215580
4215664
4215981
4216697
4217316
4217900
4218044
4219409
4220057
4220419
4220833
4220952
4221529
4222734
4222971
4224345
4225739
4226121
4227002
4227270
4227282
4229333
4232057
4232600
4233140
4233526
4233663
4233923
4234365
4235261
4235702
4235914
4236988
4237313
4237692
4238742
4239242
4239941
4240640
4240778
4240793
4241010
4242344
4243167
4244475
4244830
4245112
4245494
4245665
4246512
4246516
4247605
4247834
4248112
4248206
4248908
4251961
4253105
4253423
4253826
4255741
4255913
4256479
4256579
4257748
4258630
4259115
4259314
4259337
4260044
4260196
4261507
4261787
4261885
4263516
4263757
4263841
4264682
4264730
4264757
4266159
4266327
4266333
4266680
4267787
4269040
4269180
4269198
4269955
4270560
4270805
4271462
4273246
4273310
4274675
4274820
4275237
4275478
4276331
4279556
4280043
4281742
4282177
4283538
4284397
4286721
4287046
4287501
4287634
4287831
4288131
4288538
4290052
4290964
4290973
4291368
4292674
4292831
4293815
4297825
4297901
4298593
4301662
4301848
4303504
4303826
4305231
4306204
4306503
4306734
4306825
4306997
4307833
4308011
4310154
4310687
4311626
4312002
4312469
4312943
4313468
4314149
4314238
4314355
4314849
4315113
4315904
4316490
4317221
4318886
4320285
4320312
4322067
4322380
4322382
4324146
4325007
4325292
4326052
4326467
4327022
4327682
4328770
4328782
4329120
4329697
4329848
4330142
4330736
4330775
4331184
4331922
4332652
4332900
4332968
4333027
4333365
4333872
4334268
4334435
4334509
4335273
4336367
4337563
4337831
4337929
4338951
4339271
4339660
4340634
4340987
4341087
4341176
4342054
4343367
4343413
4343724
4345752
4346209
4346427
4346788
4347217
4347537
4347644
4348188
4349569
4351852
4353600
4354147
4355262
4355880
4356200
4357437
4358451
4360547
4361114
4361635
4362791
4366411
4368559
4369025
4369797
4370287
4370649
4370878
4370980
4371035
4371196
4371560
4371591
4371623
4371798
4371960
4372551
4375298
4375404
4375535
4376175
4377151
4377505
4377759
4379405
4379885
4380657
4381436
4382848
4382881
4383713
4384744
4385216
4385835
4386247
4387026
4387772
4388051
4388151
4388200
4388430
4388508
4389279
4389396
4389941
4390439
4390817
4390991
4391703
4393262
4393794
4394579
4394692
4395068
4396049
4396113
4396257
4396384
4398328
4398467
4398752
4399438
4399659
4400403
4400819
4400850
4401092
4402622
4404839
4406010
4406077
4406126
4406248
4406660
4407185
4407349
4408134
4408171
4408434
4408841
4409377
4409379
4411001
4411382
4411996
4413108
4413438
4413687
4414351
4414565
4415574
4415600
4416367
4416588
4416641
4418601
4419316
4419656
4419705
4419839
4420511
4421941
4423264
4423889
4427057
4427973
4428476
4428508
4428731
4428961
4430283
4430762
4432270
4432745
4432853
4433778
4433979
4435143
4436342
4436969
4437664
4438600
4442066
4442789
4443164
4443798
4444694
4444921
4445007
4445116
4445360
4445609
4446098
4446210
4446401
4446605
4446710
4447948
4448250
4449234
4449471
4449598
4450746
4452077
4452112
4452293
4452405
4452714
4453512
4453615
4454500
4456233
4457244
4457479
4457576
4457710
4457872
4458108
4459324
4459390
4460615
4461042
4462024
4462394
4462524
4462684
4462694
4463505
4464189
4464375
4465053
4465095
4465934
4466436
4467154
4467666
4468176
4469165
4471692
4472103
4472828
4473078
4473138
4473422
4473634
4475054
4475535
4475550
4475726
4475744
4475857
4475889
4476147
4477460
4477532
4478458
4478682
4478819
4480448
4481139
4482227
4482537
4482700
4485113
4485298
4485419
4486128
4486660
4487697
4487893
4488056
4488068
4488127
4488226
4488417
4488632
4489488
4489647
4489930
4490498
4490604
4491118
4491550
4491899
4492488
4493151
4493580
4493612
4494087
4494900
4495460
4497389
4500421
4500766
4500871
4501963
4502778
4504106
4506354
4506364
4509872
4510142
4511057
4511677
4512931
4513128
4513973
4514081
4515557
4515611
4515791
4515874
4516172
4517523
4518167
4518387
4519439
4519812
4520122
4520409
4520486
4520532
4521440
4521849
4522211
4522321
4523328
4523678
4524507
4524594
4524692
4526052
4526473
4526624
4526813
4527456
4527913
4528784
4529930
4529942
4532638
4533160
4533967
4534044
4534910
4535525
4535545
4535663
4537073
4537548
4538177
4538943
4539418
4539960
4540477
4541166
4541596
4541663
4541671
4541795
4542736
4542859
4543473
4543722
4543802
4544392
4544839
4545138
4545967
4548019
4548652
4550857
4550870
4552080
4553238
4554635
4555058
4556033
4556124
4556930
4557804
4558304
4558751
4559513
4561026
4561996
4562184
4562851
4563892
4564016
4564070
4564162
4564508
4564855
4565196
4565508
4566134
4566152
4566216
4566262
4566392
4566901
4567171
4567525
4568395
4568736
4568894
4571227
4572503
4573624
4574084
4574721
4575231
4575306
4575754
4576608
4577821
4577896
4578197
4578410
4578822
4579578
4579582
4579835
4579840
4580632
4582417
4582661
4584273
4585304
4586024
4586290
4588113
4588264
4590264
4590942
4591131
4591277
4592096
4592107
4592912
4593725
4595068
4595691
4596915
4597279
4597746
4598453
4598588
4599164
4599521
4600307
4600467
4600569
4601016
4601026
4601759
4602178
4602679
4603091
4603525
4603552
4603991
4604125
4604354
4606204
4606628
4606743
4607513
4607895
4608020
4609316
4611561
4611913
4612082
4613854
4614019
4615029
4615518
4615552
4616196
4616684
4616786
4617245
4617470
4617672
4617969
4618009
4618513
4618516
4618847
4619205
4620356
4620464
4621189
4622215
4622857
4622905
4625715
4625951
4626031
4626461
4627433
4627508
4627755
4629009
4629074
4629736
4629884
4630102
4630168
4631018
4632239
4632694
4632902
4634012
4634404
4634427
4634913
4634941
4636475
4637764
4637939
4638569
4639686
4640699
4640790
4642569
4645195
4645414
4646061
4646295
4646856
4647288
4647610
4648228
4648233
4648877
4649629
4649725
4649863
4649907
4651815
4651881
4653174
4653776
4654161
4654654
4656148
4656276
4658720
4658998
4659597
4660196
4661093
4661338
4661741
4662468
4664047
4664898
4665709
4666381
4666386
4666639
4666949
4667866
4668122
4668688
4668851
4669077
4669427
4669651
4670135
4670463
4670657
4671031
4671444
4671720
4672501
4673896
4674119
4674123
4674931
4675365
4675673
4675785
4676665
4677043
4677066
4677959
4678005
4681255
4681614
4682109
4682738
4683290
4683531
4683655
4683824
4684521
4685250
4685483
4685572
4687095
4687998
4688983
4690031
4690875
4691377
4691778
4691847
4691931
4692767
4692786
4693080
4693938
4694161
4694740
4695108
4695364
4695609
4696256
4697392
4697831
4697949
4701563
4702715
4705302
4705924
4706364
4707229
4707588
4707853
4709223
4709775
4710897
4710999
4711759
4712180
4712238
4712912
4713333
4714234
4716192
4716674
4717857
4717880
4718171
4718672
4718911
4719059
4719093
4719463
4720118
4720338
4720928
4721454
4721554
4723708
4725471
4725993
4726182
4726327
4727635
4728156
4729125
4729325
4729557
4729570
4731012
4731174
4731479
4731868
4732235
4732290
4732978
4734231
4734564
4734811
4735830
4736847
4737624
4737858
4738074
4738971
4739208
4739400
4739868
4740168
4740625
4740997
4741191
4741324
4741391
4743324
4743774
4743927
4744213
4744394
4745593
4745917
4746811
4749173
4749685
4750235
4752399
4752436
4753405
4753452
4753527
4754772
4754811
4755486
4756710
4757372
4757386
4757664
4757946
4758600
4758954
4761075
4761312
4761438
4761771
4762039
4762503
4762899
4764084
4764601
4765269
4765939
4766879
4766886
4767672
4767826
4768830
4769321
4769794
4770151
4770310
4770922
4770969
4771394
4771421
4772319
4772456
4773862
4773964
4774451
4775388
4775393
4775811
4776359
4776397
4776769
4777256
4777438
4778249
4779302
4779545
4780756
4780817
4781047
4781096
4783719
4784021
4784330
4784705
4785887
4786002
4786829
4787315
4787582
4788386
4788465
4789949
4790418
4791284
4791378
4792310
4792823
4793616
4793847
4794051
4794206
4794884
4794898
4795194
4795413
4795637
4796118
4797755
4798527
4799540
4800053
4801291
4801543
4801921
4802033
4802662
4803663
4803966
4806114
4806143
4806215
4806729
4806889
4807527
4808592
4808666
4809387
4809869
4810015
4810035
4810659
4810981
4811100
4811157
4811455
4811583
4811598
4811932
4812369
4812568
4813363
4814280
4814549
4821201
4821712
4821801
4821934
4822020
4822970
4823753
4824060
4824660
4824725
4825915
4826285
4827319
4828219
4828676
4828928
4829677
4829689
4829906
4830015
4830028
4830115
4830401
4831052
4831287
4832548
4832911
4833344
4833525
4833871
4833921
4834083
4835232
4836761
4836934
4837124
4837449
4837972
4838740
4839242
4839579
4841372
4842331
4843045
4843900
4844792
4845245
4845699
4846436
4846521
4847451
4847532
4848014
4848737
4848790
4853639
4853805
4854066
4855428
4855462
4856003
4856414
4856723
4857451
4857457
4857525
4858448
4858562
4858654
4859071
4859441
4859536
4859650
4860848
4861046
4861663
4862599
4864309
4864390
4866825
4867454
4867480
4867683
4867852
4869203
4869448
4870040
4870910
4870940
4871239
4871326
4871553
4871841
4871927
4872190
4872723
4872743
4873121
4873317
4873322
4873825
4874031
4874732
4874843
4875231
4875878
4876654
4876700
4876798
4878462
4878565
4879668
4880227
4880299
4881173
4881615
4881637
4881646
4881657
4881918
4882213
4882873
4883245
4883264
4883824
4883980
4884209
4884477
4884744
4885266
4885288
4887133
4887237
4887322
4887568
4887651
4887946
4887950
4888113
4888574
4888701
4889313
4889591
4889637
4889984
4890843
4890999
4892051
4893265
4893660
4893978
4895041
4895161
4895308
4897109
4899160
4899284
4900174
4900981
4901001
4901069
4901831
4903003
4903760
4905376
4905872
4906143
4907415
4908459
4909240
4909259
4909619
4909846
4909946
4910111
4910308
4910633
4910938
4911313
4913997
4914240
4914333
4914699
4915201
4915762
4916003
4916126
4916383
4916516
4916682
4916916
4917537
4918463
4919266
4919969
4920713
4920848
4920897
4921130
4923229
4924449
4924516
4924662
4925296
4925646
4926902
4927730
4928675
4929715
4929758
4930299
4931516
4931555
4932218
4932401
4932551
4932646
4932744
4934029
4935661
4935723
4936644
4939668
4939790
4939811
4939864
4940649
4941406
4942743
4943408
4943704
4943800
4943818
4945169
4945289
4947546
4949060
4949213
4950527
4952121
4952810
4953467
4953644
4953863
4955418
4955565
4955764
4956715
4958686
4960724
4960879
4961539
4962327
4963720
4965227
4965783
4966390
4966779
4967514
4967626
4968144
4968498
4968536
4968932
4970693
4970768
4970770
4971078
4971715
4972069
4972815
4974457
4975477
4975754
4975888
4976490
4976736
4977531
4977624
4977974
4978316
4978325
4979379
4979950
4980617
4981042
4981196
4982557
4983752
4984534
4984640
4984711
4986265
4987826
4988004
4989402
4989428
4989865
4990448
4991034
4991833
4992242
4992391
4992982
4993890
4994689
4995318
4995406
4995706
4995721
4995734
4996882
4997561
4999589
5000532
5001174
5001803
5001990
5004405
5004660
5004754
5005378
5005412
5006162
5006282
5006436
5006615
5006843
5006884
5008047
5008758
5009709
5010366
5011627
5011963
5012830
5012923
5013558
5013652
5014851
5016162
5016576
5016740
5016746
5017566
5018461
5018814
5020741
5022135
5023066
5023514
5023772
5024453
5025163
5025856
5026763
5027564
5028295
5028435
5029701
5029820
5029918
5031016
5031044
5031166
5031242
5031309
5032384
5033293
5033328
5033463
5033757
5034661
5035523
5035558
5035841
5036559
5037041
5037635
5038305
5038901
5039193
5039352
5039681
5039897
5040088
5042781
5043019
5045556
5045997
5046045
5046542
5047951
5048544
5048844
5049639
5049738
5049883
5051002
5052302
5053806
5054530
5055714
5057052
5057054
5057118
5057645
5057966
5058097
5059582
5059870
5060241
5060302
5060692
5060716
5060907
5061401
5061406
5062564
5065118
5065561
5065937
5066133
5066467
5066481
5068593
5070390
5071245
5071446
5072005
5072256
5072689
5072928
5073386
5074134
5074182
5074934
5075295
5075920
5076107
5076511
5076991
5077304
5078819
5079359
5079555
5079684
5081150
5081656
5082681
5082966
5083604
5083953
5085612
5085972
5086282
5086420
5086426
5087886
5088649
5088802
5088837
5089545
5089728
5089985
5090867
5093851
5094578
5096194
5097281
5097987
5098524
5100725
5101255
5101764
5102077
5105787
5107402
5107466
5107485
5108344
5108654
5109144
5110820
5111691
5111870
5112014
5113863
5113887
5114422
5114654
5115581
5115878
5115930
5116007
5118829
5120599
5120667
5121002
5121295
5122289
5122815
5125602
5125843
5126316
5127903
5128648
5131736
5132143
5132403
5132480
5133027
5133437
5133822
5135687
5135817
5136439
5136626
5137927
5137947
5142208
5143223
5143292
5143531
5144024
5144180
5144279
5146160
5146272
5146709
5147647
5147836
5148330
5148730
5149774
5150799
5151982
5152578
5152881
5154592
5154859
5155448
5155733
5156122
5156568
5156966
5157401
5157568
5158275
5158508
5159412
5159435
5160032
5160541
5161095
5162845
5163175
5163204
5163905
5163914
5163916
5163927
5165437
5165916
5166029
5166122
5166145
5166159
5166474
5166800
5167570
5167671
5168877
5169724
5169768
5170318
5170732
5174473
5174492
5175799
5175857
5176217
5176436
5176491
5176573
5176654
5177166
5178021
5178033
5178060
5179948
5181732
5181894
5182158
5184960
5185099
5185296
5185999
5186361
5186381
5186758
5187279
5188463
5188477
5189610
5189795
5189899
5190378
5190451
5190485
5190567
5190660
5191462
5191502
5192836
5193180
5193828
5195011
5195740
5195862
5197813
5198180
5198298
5198423
5198739
5199361
5200564
5200751
5200784
5200880
5201851
5202267
5202626
5202843
5203521
5205232
5206401
5206415
5207285
5208804
5210566
5211100
5211951
5212690
5213494
5214765
5215657
5215745
5215749
5218643
5219541
5219660
5220231
5220436
5221104
5221288
5222380
5223454
5223889
5223967
5224268
5224706
5224908
5225385
5225408
5226085
5226418
5228958
5229733
5229895
5230109
5230457
5230810
5231105
5231193
5231380
5232769
5233334
5233600
5233662
5233957
5233990
5234175
5234277
5235254
5235826
5236240
5237956
5238202
5238601
5239102
5239964
5240852
5241471
5241852
5242022
5243311
5244184
5245957
5246189
5246345
5246907
5247185
5247316
5247701
5247800
5248819
5249399
5249900
5250661
5251263
5251678
5253429
5253520
5255075
5255392
5256011
5256229
5257139
5257158
5257378
5257653
5259463
5259585
5259602
5259800
5260063
5260066
5260758
5261382
5261677
5261970
5262541
5262571
5262804
5263284
5264238
5265039
5265101
5265431
5266862
5266898
5267454
5268287
5268401
5269303
5269343
5269452
5269534
5270760
5271272
5271557
5272249
5272731
5273501
5273821
5275103
5276549
5278423
5280492
5282956
5283018
5283648
5283829
5285378
5285927
5285979
5286176
5286722
5287012
5287147
5288454
5288875
5289061
5290577
5291155
5291366
5293139
5295653
5296090
5297218
5297854
5298087
5298575
5299742
5301413
5301722
5302170
5302422
5303155
5306907
5307278
5307956
5309009
5309331
5309443
5309965
5310518
5310653
5311334
5311839
5313861
5314293
5315864
5315872
5316062
5317141
5317142
5317167
5317231
5318990
5319348
5321117
5321572
5322208
5323147
5325316
5325494
5326077
5326849
5327265
5328688
5329623
5330432
5330564
5330614
5332533
5333260
5334048
5334412
5334866
5337073
5337099
5337117
5337130
5337989
5338223
5339390
5340873
5341298
5341952
5342130
5342808
5343140
5343649
5344246
5345045
5345134
5345378
5345945
5347340
5347927
5348020
5348937
5348996
5349413
5351092
5353148
5353909
5354112
5355908
5356360
5358212
5359217
5359889
5360436
5361436
5362711
5363994
5365290
5368508
5368661
5369043
5369123
5369233
5369437
5370206
5370293
5371202
5371261
5371362
5371447
5371570
5371926
5372406
5373089
5374627
5375268
5378390
5378753
5381838
5382215
5382435
5382459
5383317
5383476
5383649
5385754
5385941
5387522
5388744
5389507
5391515
5391590
5392178
5392781
5392967
5394317
5394668
5394768
5394991
5396013
5397043
5397824
5397850
5398074
5398272
5398524
5398915
5399020
5399484
5399963
5400189
5400502
5402225
5402962
5405531
5405772
5405927
5406254
5406617
5406773
5407366
5408686
5409594
5410096
5410496
5410823
5411858
5412065
5412957
5413714
5414001
5415123
5415485
5415850
5416859
5416925
5417489
5419220
5420612
5425164
5425195
5426177
5426867
5427555
5428827
5428874
5430134
5430843
5431900
5431980
5432928
5433074
5434000
5435361
5435440
5435780
5435943
5436727
5437394
5438124
5438141
5438443
5438754
5439470
5439485
5439644
5439731
5440500
5440718
5441220
5442636
5443563
5444054
5445629
5446013
5446410
5446523
5446663
5447744
5448125
5448636
5448804
5449267
5449716
5449848
5451208
5451390
5451799
5451826
5451837
5451869
5452182
5453445
5453857
5454650
5456730
5457114
5458953
5461608
5461821
5462593
5462860
5463851
5464312
5465507
5469153
5469996
5470251
5471056
5471891
5472182
5472200
5472417
5472925
5474249
5474689
5475530
5475764
5477011
5477686
5479099
5479334
5479910
5480035
5481785
5482220
5483404
5483740
5483775
5484125
5484359
5485257
5485937
5491364
5491762
5492049
5492378
5493109
5493246
5493776
5496056
5496116
5497536
5497703
5498055
5498601
5498889
5499137
5499352
5500225
5501455
5501478
5502940
5502943
5503520
5503670
5504063
5504670
5506201
5506455
5506667
5506930
5507525
5507562
5510830
5511285
5512038
5512876
5513527
5514073
5515190
5515686
5516266
5516341
5516675
5517227
5517229
5518350
5518989
5519240
5519418
5520481
5521217
5522626
5522862
5522932
5523227
5523510
5523816
5525106
5525371
5526140
5526409
5526943
5528184
5528569
5530163
5530781
5535065
5535487
5537340
5538988
5539064
5539090
5539626
5540452
5540535
5541116
5541181
5541869
5542753
5543111
5543585
5543690
5544289
5544749
5545136
5545291
5545831
5546972
5547212
5547718
5547794
5547983
5549335
5549505
5549550
5550678
5550686
5550816
5551042
5551162
5553403
5553485
5554588
5554833
5555093
5556258
5556398
5556710
5556726
5556744
5557358
5558553
5559865
5559903
5560332
5563309
5563630
5564381
5564754
5565336
5565416
5566035
5566262
5566808
5566868
5567763
5568237
5569215
5570466
5574918
5575656
5575996
5576217
5577080
5577410
5578101
5578167
5579305
5579812
5580329
5580633
5581849
5585525
5585991
5585994
5587559
5587753
5588379
5589581
5590987
5591073
5592098
5592527
5593008
5593682
5596448
5596721
5597306
5597442
5597570
5598375
5599233
5601149
5601302
5601895
5602866
5603397
5603442
5603963
5604657
5606027
5606095
5606156
5606232
5606339
5607413
5607939
5608929
5609010
5609205
5609551
5609561
5611420
5612819
5615246
5615628
5615826
5616804
5616956
5617742
5618485
5619717
5619937
5620323
5620729
5621212
5621591
5621875
5624036
5624861
5624927
5625739
5627648
5628034
5628705
5628986
5629357
5629492
5632634
5632733
5632803
5633062
5633170
5633776
5634275
5635959
5637532
5638140
5638551
5640517
5640716
5640795
5640923
5641605
5642825
5643075
5643238
5643242
5643466
5644023
5644192
5644445
5644599
5646385
5646407
5646409
5646933
5648530
5648543
5648706
5649557
5649563
5650105
5650253
5652073
5652329
5653864
5653962
5654431
5654611
5654803
5656342
5657439
5658420
5658715
5659058
5660548
5662774
5662920
5663221
5664246
5664437
5664989
5665177
5666753
5668357
5669965
5670618
5670631
5671459
5671859
5672313
5673742
5676453
5676547
5676606
5676686
5678359
5678647
5679110
5679821
5680219
5681098
5681896
5682199
5684715
5687482
5687742
5688154
5689075
5689153
5689285
5689383
5692119
5692376
5692850
5693684
5693954
5694225
5694925
5695099
5695611
5695805
5696205
5696690
5697370
5698716
5699120
5699195
5699351
5701085
5702094
5703089
5705211
5705583
5705927
5706736
5707109
5707273
5707895
5708301
5708665
5709520
5709769
5712646
5713777
5714111
5714523
5715639
5715748
5716492
5716718
5717609
5718150
5718423
5718621
5718840
5719020
5720486
5722196
5723698
5723847
5723895
5724161
5724164
5724398
5725318
5725506
5725770
5726581
5726682
5727142
5729429
5732007
5732161
5732262
5732412
5733318
5734060
5734884
5734971
5735006
5735392
5735484
5735525
5736512
5737219
5737945
5738153
5738168
5738545
5738995
5739067
5739270
5739353
5739657
5741173
5741571
5742019
5742059
5744673
5747398
5747459
5747765
5748915
5749529
5749994
5752397
5752583
5753434
5753525
5753648
5754359
5754464
5754628
5755187
5755425
5755473
5756766
5756869
5757789
5758257
5758892
5759399
5760487
5760529
5760535
5762610
5763247
5764825
5765256
5765400
5765480
5766170
5767503
5767919
5768733
5768933
5769007
5770305
5770711
5770852
5771100
5771252
5771382
5771741
5771767
5772028
5772325
5775776
5776763
5776839
5776953
5777565
5777714
5778318
5779801
5780360
5780860
5780976
5782781
5782889
5783152
5784857
5785165
5786140
5789321
5790151
5790568
5790756
5791245
5791352
5793057
5794205
5794784
5796391
5798571
5800038
5800460
5800672
5800747
5800762
5801070
5802277
5802512
5802790
5803010
5803853
5804742
5805132
5805195
5805217
5805641
5806669
5806866
5807067
5807091
5807317
5808667
5809203
5809501
5809525
5809919
5810675
5812897
5815298
5815706
5816252
5816859
5816992
5817099
5817389
5817660
5818204
5818536
5819150
5820286
5820526
5821291
5821451
5821588
5821601
5821646
5821697
5822485
5822711
5823202
5824402
5827394
5828300
5828433
5828436
5828481
5828633
5829254
5829971
5830147
5830598
5830630
5831721
5832350
5832463
5832553
5833461
5834328
5834670
5835352
5837571
5837921
5838317
5838502
5838655
5839344
5839361
5840160
5840166
5841189
5842869
5842953
5844393
5844474
5844594
5844775
5845921
5846214
5847808
5847822
5848363
5848834
5849073
5849505
5851151
5852339
5853493
5853548
5853775
5854269
5854665
5854697
5854989
5855099
5855105
5855757
5855835
5856385
5856892
5857030
5857237
5857483
5859118
5859392
5860451
5860795
5861216
5863234
5863957
5864300
5864600
5865111
5867470
5868849
5869547
5870031
5870195
5870279
5870811
5870864
5871098
5871221
5871363
5871397
5872268
5872928
5873322
5873686
5873928
5875162
5875934
5876012
5877706
5878456
5878492
5878617
5879316
5879509
5879652
5879846
5880558
5882557
5882879
5883475
5883791
5884154
5886678
5887748
5888117
5889196
5889229
5889869
5891037
5891471
5891732
5891805
5892386
5892835
5893114
5893150
5894264
5894991
5895490
5895752
5896633
5897151
5897957
5898435
5898946
5900748
5901625
5901779
5902303
5902513
5903012
5905653
5906984
5907690
5907841
5908272
5908753
5908838
5908947
5909157
5909854
5910360
5910488
5911141
5912338
5912870
5913025
5914550
5915383
5917601
5918770
5919480
5919631
5921052
5921647
5923442
5924179
5924448
5924502
5924798
5929293
5930545
5930610
5930994
5931859
5931979
5933345
5935363
5936421
5939020
5939413
5939657
5939884
5940152
5940243
5940508
5940695
5940952
5941365
5941726
5942128
5942756
5943336
5944578
5945295
5945490
5946003
5946658
5946944
5947737
5948592
5948824
5951185
5952119
5953843
5954172
5954696
5954801
5954850
5955570
5956186
5956529
5959076
5959086
5959362
5960680
5960827
5961282
5963135
5963582
5964062
5964531
5964747
5965770
5966174
5967152
5967946
5968246
5968576
5969751
5970944
5971372
5971993
5974333
5975547
5976100
5976389
5978210
5978669
5979030
5981180
5981216
5983194
5983736
5985485
5986097
5986717
5986865
5987649
5988616
5988983
5989953
5990083
5990931
5990994
5992657
5996839
5996979
5997187
5997567
5997638
5998225
5998829
5998923
6000536
6000574
6000883
6001252
6002313
6002419
6002722
6004417
6004591
6005569
6006245
6006294
6006607
6006681
6007644
6008284
6008577
6008914
6009073
6009128
6009343
6009511
6009893
6009967
6010341
6010781
6010907
6010980
6011174
6011683
6011996
6012080
6012662
6012932
6014105
6015400
6015528
6016713
6017308
6017999
6018077
6018127
6018920
6018931
6018939
6019655
6019966
6020342
6021315
6022172
6023686
6024875
6025664
6025999
6027154
6028522
6029946
6030128
6031221
6031825
6032482
6034339
6034969
6036116
6036912
6038025
6038204
6038268
6038641
6038763
6038994
6039096
6039654
6040150
6040749
6042688
6043159
6043163
6044449
6044797
6048500
6050111
6050210
6050427
6051039
6052524
6052986
6053183
6054588
6054727
6054769
6056302
6057071
6057437
6057628
6057808
6059306
6059442
6060325
6061176
6061475
6061770
6063402
6064131
6064911
6065737
6065769
6065825
6068287
6068450
6068676
6069596
6070160
6071492
6072310
6072378
6072792
6073647
6074388
6076127
6076526
6077730
6078214
6078712
6080822
6080976
6081102
6082113
6084035
6084697
6085193
6085340
6086348
6086937
6088067
6088109
6088655
6088910
6090499
6091125
6091290
6093873
6093955
6094788
6095120
6095332
6095598
6095629
6096320
6096703
6096758
6096864
6097032
6097593
6098058
6098102
6100460
6100689
6101275
6101339
6101914
6105705
6106323
6108676
6108708
6109380
6110553
6110611
6112415
6112521
6112700
6114374
6114887
6115353
6115485
6116067
6118057
6118245
6118641
6119053
6119157
6119764
6120166
6120212
6120362
6122674
6123499
6123578
6123933
6124432
6125425
6127505
6129042
6130175
6130820
6135181
6136030
6136215
6136667
6136804
6136978
6137368
6138252
6138606
6140455
6140456
6143674
6143737
6143849
6145753
6145762
6146498
6148520
6148917
6150399
6151062
6151297
6152116
6152468
6152494
6152584
6152807
6153535
6153988
6154702
6155331
6155814
6155816
6155855
6156575
6156841
6158374
6158715
6158900
6161536
6161825
6161883
6162177
6163166
6163846
6163986
6165036
6165356
6165546
6165957
6166752
6166995
6168389
6171066
6171079
6171095
6171382
6171945
6172202
6172362
6173554
6173796
6174040
6175339
6175356
6175361
6176793
6177066
6177774
6178929
6181209
6182537
6182627
6182924
6183276
6183867
6184202
6184697
6186297
6187248
6189596
6190352
6190493
6190914
6191141
6192287
6192357
6192618
6193272
6194723
6195205
6195616
6195751
6195786
6196481
6196543
6196871
6197266
6197506
6198525
6199557
6199707
6200296
6202102
6202568
6202751
6202787
6204465
6205760
6205930
6205948
6206546
6206639
6207286
6207691
6207975
6208171
6208315
6208433
6209289
6209913
6210101
6210589
6210770
6211125
6212074
6212726
6213304
6213695
6214045
6214194
6214273
6215067
6216043
6216470
6217776
6217925
6219276
6220278
6220733
6221800
6222747
6223956
6224273
6225080
6225218
6225872
6226804
6227570
6228149
6228356
6229371
6229741
6230638
6231738
6231873
6234330
6234729
6237162
6237638
6238280
6239734
6239894
6240854
6242810
6243029
6243483
6243915
6244741
6245595
6246454
6247068
6247090
6247356
6247868
6249010
6249658
6249946
6250749
6250812
6250838
6251701
6252672
6253434
6254275
6254514
6254559
6255795
6258000
6258303
6259188
6259229
6260275
6260778
6261514
6262301
6262501
6263582
6264369
6264527
6264752
6265230
6265255
6265270
6265811
6266106
6266150
6266585
6266743
6266934
6267854
6268411
6268481
6269033
6269059
6269776
6270011
6271750
6272290
6272298
6272474
6272648
6272757
6272817
6273193
6273439
6273535
6273550
6273815
6273868
6275746
6275892
6276277
6276929
6277163
6277379
6278127
6278779
6278840
6279492
6280508
6281175
6281747
6283797
6284207
6284476
6284532
6284578
6285723
6285925
6285952
6286020
6286919
6286920
6287623
6287930
6287931
6288301
6288415
6289206
6291428
6292261
6293879
6294050
6294209
6294650
6294762
6294865
6296026
6297103
6297560
6297955
6298306
6300917
6301376
6302495
6303153
6303707
6304706
6304710
6305017
6306691
6307494
6307851
6307857
6311405
6312144
6313771
6314379
6314730
6314949
6315906
6316025
6316313
6318814
6319984
6320486
6320642
6321393
6325997
6326272
6326291
6327622
6328092
6328175
6328430
6330471
6332967
6333045
6333174
6333382
6334743
6335316
6335543
6336559
6336937
6337548
6339262
6339358
6339366
6339376
6339512
6339535
6340487
6340512
6340805
6341971
6342446
6342479
6342762
6343085
6343932
6346411
6348538
6348982
6351264
6351410
6351538
6351553
6351689
6352271
6355030
6355138
6356059
6359164
6359686
6360562
6361379
6361828
6362343
6363093
6363379
6363463
6363468
6363895
6364832
6365068
6365119
6366983
6367511
6367726
6371055
6371133
6371177
6372327
6372501
6372960
6375772
6376007
6376369
6376430
6377708
6379964
6381094
6381877
6382149
6382489
6383884
6384706
6385458
6385643
6387389
6388405
6388554
6388675
6389687
6389807
6390640
6392039
6392707
6393900
6394619
6396661
6396839
6398843
6399646
6399733
6400042
6400374
6400755
6400932
6401212
6402723
6403377
6403459
6406717
6407995
6408030
6409060
6410370
6411300
6411682
6412104
6412793
6415173
6415458
6415838
6416906
6418083
6418497
6419143
6419165
6419343
6420284
6422098
6422135
6422771
6423412
6423734
6424983
6425051
6426052
6427919
6428365
6428469
6428770
6429048
6429507
6430234
6430276
6430327
6430652
6431040
6431128
6431197
6431355
6432678
6432990
6433847
6434669
6434983
6435307
6435734
6435880
6435915
6437546
6437681
6437923
6438347
6440437
6441072
6441121
6441259
6441420
6442569
6442604
6442833
6444360
6444607
6446034
6446618
6447166
6447346
6447551
6447818
6448432
6449069
6449283
6451073
6451901
6453509
6455359
6455854
6457845
6458046
6458115
6458539
6458782
6459537
6459706
6459808
6459889
6460848
6460945
6461419
6461757
6461879
6461976
6462118
6463155
6463775
6464823
6465408
6465611
6465832
6466015
6466065
6466520
6466582
6466758
6467679
6467808
6467839
6468013
6468202
6468357
6469055
6469257
6469753
6469779
6469896
6470966
6471039
6471080
6471086
6471374
6472067
6473569
6473699
6474057
6474536
6474891
6475068
6475453
6475756
6475833
6476535
6477597
6477791
6478074
6478207
6478488
6478886
6479805
6480056
6480832
6480938
6481642
6482182
6482578
6483271
6485489
6489628
6490080
6491388
6493734
6494691
6495749
6496282
6496285
6496761
6497166
6497260
6498011
6499243
6499980
6500199
6500591
6501144
6501410
6501832
6503193
6504466
6504618
6504948
6505309
6505821
6506699
6508475
6508965
6509868
6510743
6511621
6511963
6514171
6515006
6515631
6516114
6516896
6519106
6519235
6520357
6520672
6522527
6526270
6526647
6527304
6528554
6528843
6529163
6529674
6529785
6530820
6531848
6532389
6532465
6532650
6533449
6533558
6534505
6534802
6535022
6537012
6538194
6538237
6538585
6538699
6539555
6539937
6539944
6540511
6545349
6545390
6548641
6549763
6550493
6550512
6551160
6553968
6556227
6556597
6556678
6557457
6557936
6558443
6559273
6560391
6560638
6560953
6562196
6562311
6564736
6565065
6565813
6567015
6567360
6567767
6568168
6568217
6569854
6571210
6571332
6572108
6572186
6572256
6572465
6572623
6572983
6573509
6573951
6574971
6575525
6576492
6577005
6577009
6577994
6578074
6578429
6578439
6579559
6579654
6579959
6581245
6581592
6582620
6583082
6584734
6585442
6587347
6588523
6589679
6592908
6592916
6593929
6594589
6594712
6594895
6595571
6595972
6596396
6596599
6597086
6597268
6597331
6597783
6598703
6598764
6598846
6599854
6600631
6600945
6602126
6602836
6603650
6603740
6603863
6605001
6606091
6607787
6608046
6608270
6608402
6608417
6609422
6609694
6609885
6610166
6610580
6611184
6611491
6612106
6613596
6614115
6614546
6614628
6615132
6616149
6616391
6616659
6617354
6618042
6618412
6618701
6619365
6620564
6620570
6622570
6622740
6623125
6623188
6623559
6624997
6625616
6626541
6626629
6626788
6627939
6628429
6628438
6629320
6629489
6629690
6629899
6629950
6631862
6631875
6631891
6632925
6633587
6634545
6634827
6635379
6635808
6635980
6636807
6638383
6640043
6642135
6642199
6642287
6642370
6642453
6644174
6644645
6645054
6645699
6645973
6646508
6647964
6648593
6648999
6649555
6651030
6651033
6651390
6651601
6652509
6654711
6655049
6655056
6655215
6655606
6656001
6658785
6659016
6659177
6659399
6659798
6659928
6660428
6662051
6662155
6663019
6663235
6663474
6664131
6664302
6665878
6665900
6666842
6667822
6669073
6669201
6670251
6670356
6670850
6671788
6672167
6673078
6673289
6674499
6674631
6676797
6677082
6678388
6678566
6678890
6679742
6680855
6681217
6681699
6682232
6682306
6682428
6683510
6683713
6684281
6684802
6684979
6685115
6685470
6686154
6686345
6686680
6686743
6686828
6686992
6687440
6687941
6688022
6688338
6688472
6689303
6689417
6689767
6691074
6691851
6692901
6694253
6694591
6694829
6694921