107
829
942
2719
2840
3282
4852
5143
5878
8651
11703
11822
12843
15897
21109
21691
25275
25688
26768
29055
29732
30604
30770
31083
32597
39343
40848
43384
43404
44101
44152
49162
51706
54026
54624
55562
58101
61353
62712
64210
67719
70304
71480
74211
74277
74476
74543
74842
75106
75657
76021
78188
79363
81748
85516
86902
88514
89320
93091
94154
95574
99248
100847
106670
107913
110340
113162
115663
115901
117475
118339
118366
119539
120092
120535
121676
122676
124172
124360
128790
129138
131144
131659
132530
133035
133122
133708
134269
134556
137934
138391
140406
140588
140670
145082
145587
146167
147087
147776
148643
149677
155802
156350
156396
156476
156758
157151
160187
160571
161156
161980
164075
165017
167017
167502
167579
168438
168502
168780
169997
172612
173178
173772
176270
177870
181474
182663
186946
189131
192501
192553
192750
194852
195327
198070
199396
199803
200072
206096
210288
211850
212082
213633
215149
217112
220873
224187
224958
225354
226862
227677
228217
230581
232654
232699
232825
238237
238938
238973
240073
240952
241153
243899
244199
245509
248725
249338
249723
252053
253641
254003
254241
256225
257205
259565
259784
262355
263419
263420
263632
266669
271234
274103
275034
276520
276738
276819
277352
277513
278769
287865
290885
296092
296190
298480
298566
299406
300082
303539
305781
309241
311278
311398
311822
314407
317403
318042
319525
319892
323588
323987
324576
327187
331993
333568
335963
336896
337856
338683
341906
342919
343197
344470
345498
347994
352518
358079
358597
359248
363069
364625
365416
368331
372670
373412
374724
376615
377923
378146
378470
379595
379688
380116
380485
380540
382259
382586
389609
390259
391919
392962
393941
394795
396260
396512
397415
398161
398535
398560
402326
402997
405697
406733
406813
408591
410905
411214
415800
417296
420324
423962
427810
428442
428669
430220
430381
431901
432881
432887
434103
434505
435175
436801
436818
436915
438838
439452
440925
445569
446251
448926
449022
451001
452009
452038
453588
454110
454160
454652
455081
455908
456593
459194
460366
460397
460445
460704
461387
462766
463622
468229
469011
469795
470867
471302
473159
476519
479596
479774
481454
487228
487275
488215
493132
494323
495313
498424
499470
508593
509347
510374
512618
515788
517889
519677
520196
521992
523585
523986
525798
527184
529389
530232
530649
534488
535186
535964
537049
537864
542401
544839
546056
548316
549413
550083
552547
555002
555185
555895
556727
560091
561391
570381
571015
572368
574063
574582
576355
577381
578008
580273
583247
587653
589076
589170
591845
592562
592593
593356
594117
595131
596450
598264
600311
602506
604316
606877
608241
609592
610892
611097
611105
612324
614239
615046
615556
617397
617645
618261
618999
619842
620154
620807
622773
624092
624185
624307
624592
625802
627535
627849
628279
629805
630353
630683
631115
631174
631175
632205
636363
636929
637241
637647
640684
642645
644008
644663
644717
644971
647976
652176
652938
654452
658240
658483
659611
665768
666447
667330
670250
670271
670470
671452
672562
673470
674778
675240
675278
677703
677749
679975
680072
681686
685805
686409
686858
687205
688921
689998
690164
690693
691327
691371
692244
692949
694698
695576
697076
697466
699415
700625
701033
701334
709010
711808
712233
713039
715996
718033
719285
719790
720202
722146
723411
723859
727167
727243
729201
731651
731696
732669
735286
735296
736234
737018
737915
741094
744210
745350
746808
747347
751107
751208
751638
751933
753148
753816
757910
758217
760437
762187
763519
763996
765438
765913
767365
769288
770660
770808
771562
773452
773644
774701
775075
775233
779633
781218
782018
783397
783457
784618
784753
784819
784920
785638
786546
786984
787425
787442
788492
789524
789854
792471
795544
795843
795947
796061
797024
798993
799580
800720
801633
801825
809243
810028
812736
814813
815658
816151
822223
825390
825734
828889
831292
831335
831682
833742
833909
835748
835896
837194
837557
839281
839442
840757
841047
843105
843337
844268
1126940
1128938
1130946
1131786
1132144
1134450
1135130
1135512
1136074
1136739
1138772
1139434
1139869
1140131
1142950
1145279
1146557
1147921
1150078
1150903
1151409
1152991
1153512
1155582
1155977
1159731
1159950
1163314
1163462
1164396
1165437
1167407
1167455
1168076
1169526
1174162
1174279
1175079
1175407
1176001
1176421
1177004
1177123
1177274
1177988
1181425
1186826
1188678
1190901
1197481
1198307
1199236
1199793
1200219
1201127
1202045
1202782
1203424
1204448
1207182
1209809
1211301
1212292
1213512
1213600
1214390
1215623
1216644
1221360
1221624
1221824
1222090
1222335
1224087
1225830
1225873
1227568
1227623
1228568
1228577
1235055
1235136
1235910
1237325
1238149
1246432
1251600
1252922
1254792
1259708
1260364
1263641
1263661
1264805
1264826
1266046
1270921
1272221
1274405
1276342
1277253
1277896
1278692
1278791
1279709
1280400
1282289
1287976
1290016
1290375
1290821
1291095
1292092
1293656
1293847
1294140
1296846
1301115
1302814
1306792
1308130
1310372
1310388
1311545
1313805
1314324
1316828
1317192
1320976
1321854
1323372
1326893
1327708
1328483
1329002
1330289
1331829
1332983
1333947
1335665
1336214
1336841
1339323
1343523
1344773
1345783
1349769
1350076
1350815
1350930
1351369
1352542
1353839
1353964
1356240
1357130
1357550
1357768
1358397
1360980
1362130
1362839
1372541
1374140
1375562
1377518
1377756
1378411
1378433
1379408
1379474
1380719
1381817
1383266
1384282
1390516
1390540
1392365
1392545
1392950
1397407
1397833
1398125
1399272
1399739
1401420
1402308
1404621
1407834
1408460
1409047
1410956
1412595
1413442
1416219
1418439
1418708
1420101
1421443
1422398
1423200
1424961
1425121
1425199
1425302
1427489
1427578
1427867
1428792
1429218
1429536
1430006
1436741
1437862
1437914
1440191
1442695
1444899
1447350
1449249
1449688
1452262
1452747
1454607
1454861
1459361
1459936
1460222
1463203
1464458
1464786
1466442
1466708
1470082
1470681
1472312
1472997
1476518
1477830
1478529
1483815
1486086
1489482
1489527
1489998
1490285
1490329
1491101
1491224
1492764
1493787
1497379
1498669
1502069
1504022
1508373
1509975
1510766
1513255
1514299
1515826
1518501
1522085
1522378
1525550
1526284
1528516
1529915
1530733
1531305
1532191
1533625
1536666
1555043
1555778
1559083
1565112
1565269
1566044
1568117
1569283
1570504
1577540
1580279
1580317
1581142
1583667
1584151
1586541
1586581
1586613
1588752
1589832
1590513
1590767
1592512
1594528
1595109
1595723
1596495
1596803
1597894
1601721
1601965
1604544
1604598
1606656
1607295
1608615
1608864
1609882
1610648
1611754
1611908
1614461
1619508
1620742
1622520
1622524
1625941
1627372
1627885
1630932
1632307
1634442
1636245
1640359
1640750
1642226
1644525
1647900
1649143
1649617
1649711
1652544
1653454
1656320
1658469
1658761
1663536
1664733
1665062
1665443
1665549
1666695
1667182
1667360
1667777
1668979
1669397
1669679
1669844
1669991
1671857
1673327
1673588
1674386
1674463
1675200
1675340
1679154
1680121
1681353
1682442
1684030
847508
848093
849539
849883
850335
850424
851975
852025
852934
853303
853424
854260
854456
854704
858798
861642
862110
862768
864382
866070
866633
866879
867831
867898
868879
870735
871125
872459
872606
872985
874322
875785
878070
879323
881088
881248
883678
884429
885007
887461
891412
891637
891639
892728
892807
894970
895023
895629
895801
896323
897271
897484
902014
902153
903037
903337
903426
903830
904097
904477
905692
908057
909562
910679
913575
913985
914313
916919
918193
919046
919385
919934
922780
925842
926751
928154
929959
931949
933036
935990
937441
938026
939197
940029
941935
942213
942767
944735
946414
948861
951058
951465
952160
952635
953996
957284
957296
958467
960406
962285
963322
965162
967828
970572
970865
971369
983202
983878
984230
990273
999697
1000861
1000913
1001868
1002246
1003909
1009531
1010255
1011215
1013126
1013419
1016771
1017518
1023779
1028789
1029107
1030521
1033102
1033372
1034697
1034701
1039305
1040169
1041061
1044543
1045637
1045799
1047505
1047737
1049188
1050912
1051174
1051212
1051929
1052320
1053459
1055003
1055205
1055219
1055919
1058980
1060026
1060486
1061003
1065971
1068352
1074322
1075037
1075677
1076311
1076930
1078573
1078787
1081420
1083451
1083671
1085795
1085810
1086638
1086730
1087252
1091086
1091618
1094179
1096094
1100578
1100762
1101072
1104504
1106868
1107417
1109216
1110086
1113119
1114234
1114840
1115824
1117418
1120426
1121183
1123360
1124232
1124473
1124716
1125412
1685638
1687112
1691158
1693169
1696384
1698512
1699265
1700759
1701026
1702265
1702570
1703533
1708704
1711288
1712017
1715951
1716937
1718241
1723812
1724537
1725170
1728156
1728237
1729894
1730895
1731743
1734451
1734976
1736331
1743985
1744091
1745642
1746006
1746136
1746412
1749612
1749681
1751702
1752108
1754821
1758173
1758971
1759833
1760144
1767946
1768683
1771323
1771427
1771651
1772442
1772796
1773946
1775059
1775168
1779064
1779216
1779284
1779492
1780151
1781682
1782505
1783266
1783482
1784226
1788146
1791723
1801237
1809598
1811748
1812234
1813078
1814250
1818500
1818636
1818949
1819577
1820821
1826182
1828885
1830505
1837130
1839610
1840272
1840716
1841127
1842783
1844749
1848886
1852862
1853611
1854032
1855144
1857268
1861361
1861744
1861784
1862496
1863452
1865834
1866096
1868057
1869600
1870550
1871179
1871698
1871980
1874767
1876680
1878620
1879170
1879603
1881087
1883979
1884723
1886431
1886721
1887008
1888136
1890601
1891802
1894330
1896988
1897011
1898103
1900254
1900787
1901946
1905140
1908256
1911084
1913178
1913778
1914280
1916793
1917826
1917965
1920600
1930656
1933364
1933386
1937240
1938184
1944760
1945555
1945594
1947572
1948008
1949040
1949789
1951651
1952893
1953292
1955187
1955721
1960302
1962309
1963116
1964235
1964819
1965017
1966012
1966198
1966404
1966697
1968086
1971126
1974708
1975381
1976499
1977895
1978831
1978976
1979338
1979590
1980566
1983819
1986180
1987432
1989465
1989663
1992319
1992724
1993356
1993389
1994389
1996401
1998195
1999084
2001167
2002423
2005841
2006267
2006322
2006750
2006766
2008479
2010731
2012106
2013161
2013784
2015231
2015583
2016002
2017040
2021315
2022323
2022675
2027110
2029379
2030003
2032962
2033436
2036268
2039316
2039341
2039677
2039845
2041448
2042070
2043452
2044940
2046437
2048597
2050503
2051022
2052694
2055508
2055526
2056299
2058115
2058403
2060508
2060891
2062660
2063153
2065511
2065659
2067711
2068029
2068164
2068351
2069309
2069432
2072247
2072921
2073160
2074643
2075066
2076420
2076719
2076972
2078175
2078369
2080618
2080704
2081526
2082034
2084007
2084294
2085273
2085820
2088957
2089006
2090772
2092765
2092868
2094366
2094911
2095866
2096517
2096709
2098131
2098282
2100242
2102288
2102310
2102469
2102657
2104686
2108369
2109661
2112781
2113006
2114063
2114941
2115071
2115487
2115614
2116639
2117969
2120804
2121724
2122605
2123462
2123808
2125871
2127116
2128037
2129443
2132478
2133205
2133240
2134919
2137119
2137195
2137245
2139013
2140878
2142112
2145767
2146804
2147480
2148284
2149861
2150376
2151388
2151704
2152424
2154386
2155701
2156215
2156272
2156787
2158847
2158980
2160337
2160734
2161462
2163555
2163941
2164845
2165534
2165555
2168607
2170930
2171082
2171922
2172762
2172981
2176014
2176823
2180061
2181918
2183036
2183767
2185813
2189399
2189932
2190673
2191102
2193437
2194675
2196034
2196819
2201095
2201096
2201946
2203769
2207440
2208108
2209763
2212559
2214396
2215517
2215724
2218634
2221064
2221986
2225358
2225438
2226390
2227098
2231196
2233847
2236563
2236815
2245603
2248002
2249622
2250390
2251583
2253642
2256821
2258322
2258896
2259299
2260106
2262934
2263380
2268588
2269493
2269606
2270282
2272856
2274417
2277939
2284289
2287745
2290484
2292280
2293370
2296626
2297460
2300066
2301312
2304424
2305283
2306460
2307337
2308833
2309404
2309968
2313098
2313166
2314587
2316365
2318136
2318604
2318630
2318653
2320742
2322272
2325647
2325706
2326509
2327333
2328418
2328784
2330286
2331399
2333389
2334481
2335888
2338017
2343573
2344641
2345450
2347207
2350462
2351584
2351995
2352145
2352415
2353106
2354643
2356391
2360198
2367064
2367482
2370238
2370559
2371066
2372514
2372880
2375214
2376237
2379992
2383496
2386168
2386817
2387519
2388348
2389178
2389237
2389316
2390614
2391296
2391401
2392237
2393379
2394274
2394529
2395314
2396300
2396772
2404493
2406036
2406864
2410577
2410580
2412118
2412150
2413543
2415443
2415926
2416329
2417073
2417461
2417745
2417814
2419813
2421368
2421669
2422789
2422897
2423132
2423904
2424404
2424505
2425643
2426398
2426687
2426966
2428861
2429630
2432457
2434897
2435360
2435530
2437289
2438269
2438707
2438889
2439163
2439419
2443793
2443989
2444123
2444837
2445590
2446370
2446402
2451955
2456112
2457207
2457474
2458644
2459048
2462180
2464129
2464923
2465334
2467186
2468025
2469747
2473086
2473468
2473574
2474008
2475110
2475976
2476015
2476250
2476938
2477165
2480839
2481703
2481948
2483046
2484338
2484771
2485158
2487608
2488466
2492341
2495922
2500149
2501198
2502358
2505432
2505457
2514293
2514655
2516477
2517224
2518312
2519880
2524499
2525510
2526029
2526437
2526568
2526890
2530403
2532176
2533361
2534042
2535092
2537903
2539307
2540643
2544188
2545627
2547698
2548533
2549089
2551123
2552011
2554397
2556156
2557426
2560947
2560982
2563901
2564599
2565631
2567675
2571198
2572259
2573269
2573829
2573935
2574815
2575150
2575727
2577071
2578609
2580763
2582283
2582628
2582688
2583138
2585628
2587850
2591376
2591504
2592817
2596720
2597201
2598748
2599396
2603159
2603403
2603746
2603820
2604964
2605219
2605294
2606617
2607919
2607958
2609171
2611635
2612286
2612921
2618237
2618531
2619170
2621798
2627329
2629784
2629786
2633302
2639074
2640529
2642533
2643498
2648505
2649310
2651491
2651776
2653984
2662368
2663367
2666356
2666725
2667009
2668232
2668725
2669215
2669467
2671356
2672999
2673285
2673544
2677153
2680093
2680642
2680796
2681878
2684321
2684738
2685052
2685841
2687117
2688225
2690630
2690845
2691970
2695319
2698414
2699455
2700018
2701848
2705302
2706317
2710185
2716077
2716537
2717100
2717965
2718206
2720547
2721341
2725798
2729689
2731205
2731480
2732852
2734536
2735125
2735222
2735254
2735267
2736299
2737262
2737267
2738370
2741674
2741889
2742573
2744138
2744755
2744933
2750070
2753243
2753480
2754959
2755724
2758006
2759539
2765394
2767198
2770447
2774132
2776832
2777889
2781962
2782496
2782989
2783761
2783928
2784836
2785733
2786280
2786427
2786432
2787175
2787582
2788484
2790963
2793045
2794775
2795526
2798672
2799695
2800395
2801353
2801577
2802312
2803615
2804684
2805382
2807256
2807935
2808655
2809603
2813055
2813279
2814822
2814915
2816117
2816253
2818519
2819379
2820773
2820870
2823350
2825064
2826088
2826350
2828471
2828565
2828728
2829350
2830410
2833475
2834568
2835959
2836609
2838378
2839721
2840332
2840365
2841808
2842436
2842667
2843928
2845080
2846479
2847363
2848983
2854451
2857980
2858596
2860432
2860831
2860989
2861336
2862445
2864064
2864573
2864858
2865635
2869280
2870510
2870833
2873716
2875447
2875677
2876064
2878319
2879225
2881338
2881733
2882494
2886650
2889303
2892084
2892303
2899076
2900550
2901270
2901441
2901846
2905215
2906542
2909652
2911794
2911796
2912832
2912921
2913922
2916415
2917103
2919319
2923145
2923986
2925484
2925853
2926227
2927862
2929358
2929723
2931003
2931832
2932373
2935166
2935197
2935966
2936007
2939479
2939795
2941208
2941813
2944150
2946360
2946904
2948489
2949251
2952486
2952785
2953891
2955114
2955749
2956668
2957520
2960082
2961184
2962042
2963464
2964316
2964334
2965859
2966586
2967356
2968185
2969655
2969667
2969763
2970427
2971242
2971992
2972055
2972900
2973376
2973699
2974782
2975815
2976327
2977628
2980402
2982049
2982850
2991035
2993424
2994855
2995271
2996755
2998036
3000240
3002816
3002948
3004842
3005396
3008953
3010285
3010916
3011519
3011891
3012013
3012363
3012927
3014527
3014648
3015673
3016249
3016497
3017894
3018032
3018568
3018619
3020140
3021400
3022137
3022821
3024283
3026216
3026308
3026540
3026918
3029723
3030866
3031190
3031354
3033343
3037325
3037512
3039672
3041846
3042354
3045458
3045647
3049924
3050078
3052580
3054753
3055023
3056246
3058463
3059398
3059497
3060173
3060391
3065014
3066998
3071176
3071798
3072706
3073374
3079221
3079308
3080561
3080567
3080646
3081697
3082340
3082618
3083179
3084858
3086637
3089974
3090790
3096963
3097455
3098791
3100465
3101783
3104209
3105374
3109391
3112130
3113235
3113506
3113953
3117852
3117925
3119207
3121338
3122217
3122258
3122429
3123237
3123640
3123925
3124089
3124322
3125434
3125917
3126349
3128009
3128504
3128532
3129239
3129503
3131930
3132454
3135033
3137097
3139389
3140094
3140238
3140291
3140638
3140883
3141257
3147031
3148889
3149722
3150349
3152604
3154177
3154368
3154569
3154710
3159378
3159739
3163388
3164034
3164382
3165845
3172053
3174475
3177811
3180494
3182729
3183427
3187085
3189317
3190792
3191538
3192486
3193974
3194018
3195306
3197433
3197960
3197984
3198916
3199355
3199520
3203866
3203978
3205908
3208899
3209432
3211922
3213130
3213374
3216567
3217456
3217783
3220593
3220898
3222383
3223552
3224067
3224395
3224956
3227292
3229516
3230106
3231212
3231501
3232828
3233120
3235070
3238096
3238120
3238338
3239021
3244830
3245453
3245467
3246578
3246611
3247182
3248885
3249069
3251836
3252353
3252870
3254777
3256154
3256324
3257690
3257873
3258506
3261020
3261669
3262631
3266325
3269318
3270650
3273182
3275483
3278020
3278155
3278451
3279448
3279461
3279786
3280499
3282080
3282325
3283381
3285424
3286835
3287217
3290242
3291352
3291441
3291808
3292016
3296408
3296590
3296591
3298656
3299744
3301311
3302318
3302994
3307842
3309475
3310038
3310315
3311004
3311160
3312796
3313784
3314215
3314770
3315144
3315655
3315814
3317164
3318452
3319237
3319812
3320965
3323257
3324508
3324819
3324961
3325886
3327653
3328707
3331786
3337994
3338901
3342359
3348050
3348293
3349604
3349606
3351602
3351778
3353642
3354594
3356876
3358416
3359100
3360396
3360552
3362563
3362702
3362742
3364864
3365458
3365701
3367670
3368079
3369609
3369929
3371492
3372933
3373104
3373579
3373968
3375321
3377207
3377237
3379427
3381163
3381412
3384521
3385569
3387479
3388380
3389342
3392786
3393638
3393774
3394347
3398480
3400236
3400593
3401078
3401731
3401796
3402836
3406759
3407104
3408738
3410925
3412917
3413736
3414854
3415696
3417042
3417383
3417973
3419672
3419783
3423361
3423422
3424397
3425918
3428732
3429616
3432614
3433587
3434403
3436168
3436474
3436838
3438077
3438100
3438894
3440394
3441325
3441472
3442111
3443269
3443446
3445017
3446288
3447669
3450474
3455068
3458725
3459035
3460321
3460972
3463030
3464810
3468386
3468592
3469007
3469576
3470526
3471520
3472320
3472845
3473039
3475847
3476718
3478646
3481804
3482280
3482332
3482956
3486895
3488331
3488706
3490286
3491110
3491197
3494675
3496954
3497874
3500135
3503194
3503573
3506801
3506977
3507992
3510174
3510921
3523382
3523930
3524774
3525195
3525726
3527136
3527403
3528527
3529175
3530616
3531693
3533538
3534167
3535573
3536528
3537934
3538115
3538213
3544406
3544620
3544713
3545489
3545763
3546883
3547016
3548230
3550551
3550654
3552071
3552429
3552485
3552876
3553143
3554756
3555281
3556904
3557348
3558030
3559533
3559817
3559819
3560766
3563800
3565840
3568232
3568807
3569444
3569663
3572060
3572556
3574788
3575769
3576019
3577867
3580370
3584552
3585245
3589289
3589825
3591822
3593638
3595294
3595881
3596147
3599037
3600349
3601471
3601799
3604584
3605568
3606291
3606593
3606885
3608487
3614416
3614545
3616240
3618578
3619505
3619625
3620324
3620778
3621232
3622038
3622924
3630567
3631168
3634469
3635601
3635736
3636116
3636463
3636717
3636952
3641469
3641879
3648937
3649972
3650832
3651137
3651363
3654619
3655417
3657863
3658332
3659420
3659838
3660522
3661023
3662032
3662520
3666509
3667697
3669006
3671229
3672408
3673512
3673840
3675151
3675690
3677216
3678413
3680267
3680466
3681292
3682237
3688726
3689750
3689994
3690142
3690494
3691916
3692862
3693016
3695165
3696349
3699806
3701107
3701951
3705439
3706828
3707083
3709822
3710427
3710651
3711912
3714560
3719634
3719790
3722051
3724379
3725588
3726392
3727756
3728594
3729898
3730745
3730813
3732132
3733394
3733640
3738031
3738928
3739596
3744750
3750271
3754947
3755125
3756093
3758057
3758164
3759380
3761537
3762191
3763136
3764754
3765463
3771210
3771738
3771832
3772456
3772756
3773192
3774075
3775361
3775455
3776973
3777086
3777530
3778124
3778941
3780517
3781182
3781600
3782037
3782892
3783722
3785204
3786609
3789032
3789596
3789697
3790045
3790368
3791508
3792993
3793357
3794858
3795225
3795786
3796105
3799696
3803092
3803210
3805467
3810730
3814637
3814984
3817643
3818192
3819123
3822498
3824071
3826051
3826623
3826829
3828061
3828612
3828852
3830581
3835029
3835070
3835108
3836065
3836769
3837898
3838518
3838745
3842222
3843578
3843722
3844533
3845289
3845409
3849387
3851538
3854668
3856426
3857487
3860319
3860630
3861241
3861510
3862282
3864223
3868767
3869646
3871150
3871826
3873203
3874884
3875202
3875514
3877264
3878042
3879986
3880517
3882724
3890825
3891084
3893829
3894203
3897382
3897551
3898375
3901086
3903220
3904325
3905049
3905248
3905599
3908181
3908198
3909232
3909911
3910247
3910383
3910861
3911884
3916239
3916711
3917027
3917106
3917834
3917891
3919252
3920237
3920544
3920876
3922084
3922694
3925095
3926043
3926927
3927190
3931586
3932073
3932903
3934675
3934828
3939536
3939854
3940094
3940890
3943540
3944850
3945487
3949685
3950422
3950461
3954593
3955245
3956720
3961002
3965215
3969573
3972233
3976756
3979261
3984359
3984682
3985846
3986548
3986573
3989214
3989413
3991190
3992409
3994242
4003546
4004387
4006629
4007449
4007756
4008285
4009899
4011114
4012130
4012713
4013114
4014460
4014602
4016335
4016909
4017320
4018844
4019021
4020473
4022229
4022823
4024027
4024042
4025002
4026126
4026317
4029680
4030674
4031694
4032001
4032767
4034074
4036802
4038043
4040099
4043063
4043609
4044514
4045581
4047800
4048973
4051036
4051816
4054219
4054702
4054778
4055001
4056614
4058161
4059522
4061910
4062847
4064374
4068652
4071212
4071571
4071650
4075335
4076950
4077101
4078382
4081360
4082731
4083548
4085200
4085797
4087904
4088305
4090389
4092087
4092663
4096357
4099380
4102499
4105089
4106974
4107883
4109733
4111687
4113561
4113644
4115961
4116915
4117117
4117812
4119896
4121061
4121138
4122183
4122819
4123419
4125207
4125760
4126585
4128269
4129045
4129565
4131580
4132362
4132373
4135998
4136177
4136410
4137045
4137916
4138421
4139453
4139584
4140845
4141391
4143424
4144394
4144424
4147090
4148661
4149176
4151982
4153991
4155659
4156772
4156948
4158197
4159213
4159658
4161312
4161697
4162767
4162966
4163683
4163705
4164362
4165026
4166594
4171164
4171925
4174728
4175446
4175794
4176333
4178134
4179403
4182176
4184963
4190146
4190274
4190481
4190963
4191759
4191767
4193316
4195216
4197146
4198254
4198675
4199125
4203133
4206369
4212126
4212581
4213308
4214720
4215981
4216927
4219155
4222398
4225944
4227548
4228022
4228369
4228732
4229027
4229453
4234313
4235440
4236041
4236552
4237076
4237386
4238625
4239760
4240058
4240528
4240644
4242534
4245345
4246805
4246870
4246883
4248299
4248896
4249038
4249293
4249919
4250830
4252059
4253011
4254383
4255915
4257839
4259693
4263118
4267203
4267481
4267874
4268179
4268395
4268917
4270135
4271670
4271709
4272658
4272664
4273757
4275100
4276248
4277680
4277906
4281843
4283111
4284310
4285653
4285890
4286221
4287752
4298276
4299696
4299749
4301788
4302835
4303016
4303948
4306106
4306886
4307451
4309725
4312538
4313588
4313888
4314192
4315687
4316664
4316736
4317291
4317461
4321630
4322248
4322886
4324474
4325107
4327554
4327723
4329913
4330545
4333112
4340732
4342275
4343519
4344100
4344144
4346681
4347775
4348161
4348849
4350065
4352037
4353052
4356185
4356436
4357620
4359963
4360570
4361031
4361222
4362791
4366920
4367415
4368034
4368161
4369069
4372382
4372394
4373039
4374014
4375671
4377602
4378465
4379695
4380689
4382404
4383188
4383985
4388497
4388986
4389441
4390093
4390725
4399035
4400888
4401024
4401577
4401724
4403486
4408067
4408817
4412382
4414714
4415034
4416045
4416366
4416797
4417562
4419389
4424275
4424449
4424526
4424810
4425248
4426793
4427534
4430702
4432250
4432348
4436347
4438661
4439058
4440145
4440240
4447057
4451368
4451894
4453796
4455279
4456216
4461980
4463226
4463865
4464178
4465932
4465984
4466684
4468461
4470860
4472070
4472236
4472532
4474264
4476563
4478997
4479287
4479655
4480219
4480913
4482544
4484960
4485405
4485598
4487758
4488816
4491743
4491896
4492705
4493545
4493651
4499343
4499622
4499814
4501217
4503886
4504643
4506509
4506833
4511361
4513186
4513405
4513800
4516366
4520072
4521963
4522218
4524025
4524528
4526473
4528622
4529069
4533026
4534314
4534349
4535276
4535354
4536819
4537778
4538260
4539870
4541166
4542559
4545403
4549404
4551050
4553896
4554130
4554488
4554997
4556647
4557621
4557703
4557737
4560075
4560468
4561620
4563805
4566518
4572579
4574389
4575461
4576592
4578143
4579032
4581100
4582392
4583129
4587050
4588324
4590017
4590074
4592605
4593084
4595522
4596137
4597685
4598363
4599371
4603496
4607585
4612250
4612567
4612825
4614562
4616559
4618968
4626676
4628165
4629090
4634467
4636140
4636487
4637268
4637992
4638649
4641728
4642707
4646788
4647230
4649023
4649044
4649481
4650750
4650796
4653191
4653268
4654121
4657889
4659208
4660564
4666474
4667138
4667531
4667730
4669219
4670011
4671458
4671582
4672179
4673284
4674817
4675543
4680974
4688491
4690042
4691168
4692611
4694927
4700882
4701355
4702290
4703425
4705516
4706718
4707038
4707119
4707137
4707219
4707511
4708025
4712060
4712083
4712390
4712897
4713501
4718682
4719767
4720694
4722681
4724154
4725383
4725893
4726136
4726182
4733106
4733715
4734054
4734634
4736574
4738148
4738358
4738570
4739170
4740512
4743910
4744264
4747301
4748435
4750460
4751997
4754358
4755190
4756201
4756376
4759757
4761415
4766497
4768643
4770464
4771979
4772170
4777975
4779062
4779459
4779601
4780556
4782068
4786969
4793671
4794663
4795945
4796090
4796946
4800090
4806023
4811356
4815668
4818513
4818677
4819460
4821201
4821696
4823108
4826074
4826641
4827938
4828910
4829090
4830482
4831808
4834109
4836245
4836377
4836553
4840330
4841235
4842103
4843313
4845490
4846854
4849082
4849843
4850579
4852998
4853489
4854758
4856876
4857567
4857737
4857825
4862970
4864521
4865501
4867826
4868468
4869098
4874389
4876533
4880195
4881666
4882752
4887096
4888292
4888823
4891151
4892698
4893634
4893766
4894036
4896222
4896658
4897815
4900665
4901008
4905643
4906079
4910633
4910737
4911476
4912698
4912944
4913057
4914900
4914985
4915502
4915806
4918558
4919388
4921889
4922222
4922680
4923612
4925505
4927398
4928013
4929661
4935082
4935282
4936937
4937486
4937600
4938935
4942964
4943131
4944443
4945752
4957278
4959264
4959664
4959813
4960720
4961820
4964675
4965923
4966804
4970397
4971742
4972139
4973389
4975363
4975658
4975904
4979875
4981332
4982308
4983911
4985007
4986152
4986766
4988499
4988973
4991088
4996039
4997223
4998916
5003017
5003889
5005147
5006843
5007422
5009666
5017322
5017551
5019050
5020803
5021660
5022546
5023359
5023836
5025526
5025868
5026991
5029267
5030400
5036309
5036912
5038550
5042110
5042514
5042515
5044283
5045562
5045688
5045908
5046765
5047218
5048461
5048885
5052922
5054508
5056354
5056860
5057177
5059253
5059846
5060403
5060912
5062545
5063038
5063863
5064025
5064452
5064520
5064585
5064618
5064692
5065056
5066683
5069237
5069710
5073082
5074252
5077403
5081130
5082253
5087145
5087196
5087406
5093575
5094650
5095034
5097105
5100394
5100880
5101929
5101985
5102325
5102483
5104494
5107532
5111382
5115202
5120400
5122578
5122821
5123167
5123543
5123566
5123789
5123894
5124791
5125551
5126890
5127121
5128149
5128155
5133296
5133433
5134328
5135264
5135548
5135660
5137376
5140584
5147595
5151807
5152526
5152725
5153035
5155014
5155466
5158213
5158296
5161544
5163165
5163318
5164055
5164647
5165426
5166709
5167936
5170239
5172094
5175974
5176794
5176893
5178249
5181428
5181523
5183226
5186102
5187635
5187957
5191042
5193223
5193659
5193844
5196493
5197364
5197421
5198741
5199263
5205740
5206074
5206098
5206197
5208117
5208726
5209728
5212262
5216226
5219656
5219843
5222481
5223094
5225741
5227612
5229338
5229826
5231316
5236799
5239851
5242290
5244776
5247185
5250031
5250296
5252248
5254687
5258753
5259129
5265841
5267921
5268552
5270331
5270476
5271304
5272102
5273775
5274777
5275004
5276952
5282052
5282203
5284270
5290464
5291159
5292206
5293070
5293089
5295215
5296159
5298697
5299877
5300943
5301359
5302573
5302796
5304853
5307293
5308528
5312622
5313950
5314185
5314433
5315488
5319219
5321318
5323219
5324529
5324754
5326739
5327086
5327522
5327709
5328568
5329985
5330607
5331694
5332742
5333783
5334476
5334902
5335610
5336537
5336671
5336996
5337123
5340622
5343429
5347627
5356652
5357900
5366898
5366929
5368780
5370087
5370389
5371103
5372446
5374622
5375589
5376426
5376820
5377371
5378220
5379385
5382558
5383239
5384028
5385691
5387057
5391466
5392071
5394451
5398381
5398614
5399332
5399846
5404167
5405458
5406775
5407112
5411138
5414170
5414454
5417267
5417321
5421689
5422861
5423575
5424005
5425362
5426188
5426204
5427494
5428197
5429145
5429910
5432066
5433499
5435510
5436124
5439010
5439121
5440562
5440634
5442614
5445531
5449843
5450509
5451328
5453704
5455310
5456773
5459280
5460637
5461152
5461225
5463291
5464181
5464655
5465338
5470283
5471292
5471323
5471722
5472053
5473749
5474076
5477294
5482176
5483211
5484682
5487156
5487995
5488464
5491302
5495841
5496933
5497295
5497308
5497677
5503842
5510301
5515916
5518135
5521141
5521591
5522240
5523214
5525981
5525996
5528487
5530716
5531000
5534937
5538099
5538115
5538588
5540305
5540597
5540802
5543664
5544839
5544988
5545931
5546065
5549622
5550062
5550096
5553496
5559932
5560771
5561579
5565379
5566071
5571015
5572521
5574760
5577736
5578169
5578439
5578451
5582347
5585454
5585880
5586920
5588083
5590310
5590994
5591313
5593372
5596005
5596358
5596605
5596768
5597414
5600351
5602077
5602170
5607965
5609570
5611958
5613070
5614679
5620789
5621035
5621577
5626610
5627138
5627515
5628052
5629572
5631271
5632085
5636333
5638802
5639039
5640808
5641009
5641148
5643429
5645512
5647366
5652296
5653534
5654633
5657979
5658479
5661925
5663109
5664026
5664913
5665367
5666539
5667662
5668104
5670917
5671343
5671860
5672353
5672578
5676298
5678317
5680323
5680392
5681605
5685196
5686510
5688648
5690297
5690539
5691950
5693595
5693880
5694760
5701557
5702123
5705479
5705989
5710661
5712872
5713004
5715482
5715814
5715988
5716533
5718082
5718421
5718872
5720196
5720345
5722142
5726799
5729704
5732737
5732978
5734559
5737920
5738596
5740407
5740926
5748306
5748951
5750111
5752218
5752525
5754044
5754502
5761847
5762137
5762862
5765170
5765473
5767218
5767905
5774202
5774512
5775307
5775573
5775821
5777888
5779131
5784798
5785279
5785331
5785854
5786412
5787380
5788946
5789555
5789566
5790588
5791866
5792567
5794438
5795397
5799650
5800310
5801178
5803954
5804275
5805324
5808079
5808553
5810311
5810733
5810803
5810840
5810998
5813279
5814463
5820982
5821825
5826016
5827642
5827839
5828634
5830178
5831528
5832634
5832897
5832947
5836122
5839811
5841371
5845020
5847563
5850767
5851029
5853402
5853691
5853734
5854180
5854573
5855996
5857237
5861640
5862140
5862378
5863637
5865618
5866056
5866387
5869069
5870694
5872056
5873024
5875049
5878163
5879648
5883314
5884014
5887925
5891620
5892506
5893974
5894065
5895723
5897543
5897733
5898700
5900819
5903886
5904340
5904578
5905424
5905774
5907193
5907350
5909563
5911191
5913475
5913596
5915355
5917843
5918070
5918829
5919859
5920386
5921785
5921989
5922377
5923955
5927472
5928854
5930428
5930493
5931453
5935033
5936363
5937662
5940651
5940785
5943987
5944040
5945243
5946702
5950056
5950291
5950679
5951409
5952378
5952737
5953695
5955448
5955457
5955962
5956715
5957613
5961769
5962017
5962671
5964160
5968293
5981590
5982700
5983660
5986182
5986202
5987600
5988114
5988152
5990249
5991006
5991888
5995292
5998753
5999426
5999454
5999942
6000118
6000276
6001537
6001551
6002620
6006424
6009489
6009869
6011725
6013488
6014244
6014972
6016037
6017538
6018460
6018517
6021046
6024873
6025455
6025705
6027869
6036453
6036872
6038294
6038685
6038885
6042854
6046020
6047855
6049761
6050155
6052947
6052960
6054742
6057020
6057450
6060449
6060928
6064127
6066614
6067448
6068902
6069842
6070513
6070666
6070798
6070917
6070958
6073904
6074875
6075202
6076391
6078301
6080301
6085212
6086308
6088249
6088709
6088725
6090445
6091721
6093330
6095169
6095628
6096810
6098512
6098837
6099370
6099475
6099899
6100282
6101280
6101693
6105247
6106379
6108687
6112335
6112783
6114587
6117157
6117201
6121076
6121908
6123365
6132386
6132656
6133392
6134677
6136093
6136994
6138782
6139865
6141108
6143234
6146817
6146884
6149771
6149958
6151692
6151825
6153911
6155452
6157512
6163409
6163758
6164288
6166849
6167810
6168569
6169574
6170925
6171126
6173325
6174807
6174940
6182719
6184153
6184833
6185264
6186923
6187150
6188019
6188028
6188254
6188430
6188978
6190663
6190825
6190871
6192895
6195611
6196708
6198319
6202303
6204440
6206065
6207261
6209388
6211356
6213427
6214245
6215358
6216004
6219652
6222314
6223861
6226753
6227068
6230307
6231905
6232173
6232833
6238088
6238550
6242674
6243911
6246408
6249023
6249780
6252375
6252705
6256757
6262280
6266723
6267916
6268147
6268813
6269625
6270123
6271725
6274994
6277077
6277526
6277615
6277798
6278219
6279218
6281182
6282264
6284391
6285799
6286249
6286372
6286428
6286920
6287564
6288112
6289965
6290711
6296158
6297065
6297892
6300416
6306089
6308797
6309135
6310406
6312328
6312874
6313971
6315639
6317006
6317130
6318597
6321269
6323000
6324046
6324399
6327516
6327661
6328857
6332035
6334483
6334776
6336001
6338868
6339036
6339133
6341371
6341893
6342270
6342864
6343655
6344450
6344736
6347275
6347312
6347515
6347563
6349341
6349885
6351057
6352076
6353409
6353541
6354279
6354296
6356253
6356387
6357079
6357561
6358475
6359278
6361136
6362416
6363737
6363999
6365197
6368680
6369642
6370483
6370611
6371534
6371741
6372923
6375401
6375810
6378733
6379120
6380036
6380691
6382955
6383844
6385002
6385802
6386922
6388366
6391347
6392534
6395251
6395349
6395401
6395502
6395701
6395742
6396044
6396179
6397432
6399369
6399566
6400294
6403291
6405997
6406915
6407720
6408749
6409919
6410576
6411020
6411766
6412553
6412732
6413036
6413098
6413935
6414230
6415668
6415870
6418452
6418769
6419054
6421046
6421295
6422002
6423295
6426574
6428436
6429785
6432261
6434252
6435080
6436160
6440840
6441543
6443517
6444379
6446380
6446633
6449434
6449436
6449751
6449868
6452565
6452619
6453939
6454178
6454682
6454741
6455154
6455244
6465351
6468329
6468972
6469227
6471011
6471464
6474017
6476164
6478971
6480550
6481581
6482118
6482696
6485918
6487231
6488096
6489905
6491045
6492384
6492694
6492771
6494506
6494550
6494907
6495761
6498320
6500618
6502317
6502786
6504261
6505013
6506079
6507348
6509303
6512472
6514395
6514673
6517332
6518296
6521456
6522431
6523565
6525236
6528408
6529076
6530820
6532203
6532650
6532742
6532919
6533399
6534585
6535514
6535762
6536411
6541708
6542351
6542745
6543667
6544063
6544091
6544930
6545948
6548842
6551170
6553027
6555573
6556119
6559251
6559593
6559599
6559646
6561003
6561995
6563003
6564241
6567708
6569564
6574276
6578729
6579699
6581202
6582086
6584386
6584414
6586258
6586659
6586954
6591570
6593648
6593674
6593855
6594007
6594064
6597832
6598179
6599143
6601037
6601101
6602850
6602927
6604428
6605964
6606263
6610797
6611666
6614596
6615056
6616008
6618201
6618716
6619071
6620305
6623671
6625834
6625976
6627127
6627528
6633740
6634195
6634666
6635539
6636486
6637400
6637916
6639023
6639431
6639855
6640271
6640681
6642028
6643268
6643848
6644061
6644154
6645003
6646935
6647602
6649219
6653490
6658098
6664305
6664916
6666310
6669251
6670205
6670451
6670616
6673489
6674759
6676621
6676996
6679810
6682386
6683479
6683993
6684883
6686985
6687030
6687108
6688097
6688521
6689038
6689473
6690143
6691885
6692698
6694245
6695448
6695816