1382
2463
11504
13628
13845
16157
17578
17778
19076
21732
24441
32309
32952
33343
33459
36821
37142
40004
41413
41594
43299
43743
49141
49173
49706
53181
55553
57256
58805
60207
63390
65905
67964
70074
70828
77254
79968
80901
82082
87824
90829
95870
97599
97664
97738
102171
102592
102795
102868
103346
105821
105959
110226
117475
117645
121967
122372
124025
129763
132563
133765
134273
134489
135637
136702
139979
141068
144249
145439
146522
146770
149535
151736
157657
158154
160257
160335
163455
164569
164605
175462
175614
178905
185464
185839
187583
190997
191134
191921
194405
197953
201471
205631
205724
207362
207815
208767
212412
218631
221517
222400
226318
236710
241216
242793
244180
244805
245473
248908
256883
260226
260364
261751
263752
264145
271950
275515
277344
278318
282773
283266
283489
289234
290307
290891
296960
299858
302246
302396
303004
304669
306015
311093
313289
314478
316215
318507
319956
321325
331365
331603
334728
336117
339052
342617
344082
345358
348588
349054
351605
351774
352319
353404
355989
361463
361763
364895
365552
366026
366931
374372
376919
377885
378141
378743
384133
387671
388459
394782
395623
396296
396335
400421
400522
401330
402853
404555
404694
407683
409965
410389
415808
416022
425995
429569
431287
435906
436561
439042
440981
442200
442243
442679
445928
447233
447892
450745
456745
459714
461154
461766
463515
470125
470583
471079
472237
473992
474445
477284
478508
479021
479462
481235
486727
488266
495180
496507
497294
498858
499493
500332
501568
504972
505584
507842
508214
514190
515036
515495
516243
516700
516848
516936
520949
526284
527709
529802
531526
533555
534253
534911
538172
552886
556124
562366
565921
567104
567163
568140
576966
581930
582924
585038
588851
599925
600287
601997
603893
607254
610051
612211
614482
620108
626724
630619
631258
633623
633760
636420
636825
637654
639709
645005
650272
655363
657456
657510
663963
665868
665923
669701
670007
671020
672349
672695
678397
682231
683752
691095
692328
694560
701303
703074
704241
717946
720362
721679
723379
724909
725089
730455
731933
732701
733925
735933
740304
742319
746346
748775
748835
749711
750408
760644
762097
762655
763580
765427
770310
770377
776669
777010
779864
782004
782705
784250
784352
786435
791066
791422
801138
801977
806392
809384
810259
810573
816850
817820
818585
818904
820333
820740
824034
830335
830726
832165
832933
835462
836776
842409
1126828
1127623
1129279
1129546
1142580
1144242
1144733
1146557
1148193
1150858
1160937
1161569
1163954
1164673
1165935
1168420
1169253
1174100
1177974
1180559
1181250
1181521
1183072
1184147
1187351
1194856
1195772
1196152
1197966
1201072
1202657
1202749
1208809
1210976
1213211
1214793
1214994
1216271
1218592
1218909
1218918
1219125
1224799
1225283
1226479
1229208
1230046
1230334
1233446
1235675
1236325
1239920
1240048
1247915
1251828
1256076
1260231
1265397
1265788
1267688
1271404
1272613
1272763
1274031
1274352
1274432
1274829
1278971
1280547
1282308
1282826
1286074
1291342
1292616
1295046
1297186
1301000
1301745
1302256
1302837
1302984
1308773
1308927
1310818
1311979
1319453
1320882
1321030
1324428
1325453
1331659
1332199
1332596
1332665
1336946
1337236
1337348
1338230
1344060
1350266
1350739
1353759
1355766
1358735
1359002
1360950
1364425
1364998
1367130
1369507
1370596
1374389
1374910
1377961
1378035
1380031
1383354
1387359
1388866
1389416
1393819
1394039
1394268
1394908
1398679
1403976
1405346
1405781
1407808
1410646
1412720
1413092
1415438
1420287
1421001
1423361
1424644
1426047
1426054
1428689
1432723
1432901
1435095
1435332
1437196
1438354
1441743
1443209
1444899
1445896
1446560
1447073
1447832
1462700
1462961
1463510
1464209
1465759
1466792
1470172
1473047
1476245
1478377
1483884
1486032
1486809
1493775
1494075
1494708
1495106
1500370
1501921
1503873
1504186
1508283
1509109
1511246
1512889
1513731
1518487
1519138
1519430
1523584
1523664
1526271
1527125
1529022
1535047
1537140
1537677
1539399
1543883
1544847
1547550
1549811
1550481
1554305
1556386
1557343
1558559
1560999
1566100
1566983
1567295
1571480
1571704
1574020
1576274
1577054
1577358
1580516
1583741
1584772
1589411
1589848
1592439
1593318
1593838
1595458
1601175
1601682
1605496
1606733
1609979
1612972
1613653
1614355
1615607
1616845
1618762
1619371
1622900
1625145
1626020
1626330
1628073
1631478
1633751
1634197
1634869
1641615
1642521
1644525
1649238
1651600
1652734
1652859
1654606
1657178
1657473
1657954
1661370
1665590
1667186
1667429
1667478
1668369
1670115
1670310
1670823
1678115
1679299
1681837
1681988
1682801
1683111
1683543
1684240
849517
854537
859908
861807
862327
863932
864930
866485
868113
869805
871443
871711
872590
874832
874879
875675
877959
879922
880731
882623
883500
883800
889298
891719
892446
893422
895073
895801
896290
907452
908711
915058
919318
920099
920261
921429
924707
924940
930663
931437
933316
935422
937866
940942
942370
945282
946395
946846
949280
949690
952629
953226
957143
961069
961807
966196
967402
969966
973290
975411
976777
977510
978574
980049
980227
980844
981627
985779
988478
988853
993958
994334
994620
995661
996067
996890
997646
997952
1004622
1004968
1005513
1014000
1015654
1017818
1020313
1021314
1022406
1022486
1023571
1027555
1030846
1033982
1038594
1038675
1039757
1041917
1044168
1048067
1049207
1053643
1054315
1055440
1062335
1068742
1071838
1077410
1079077
1080368
1082305
1083022
1083968
1085253
1086273
1086449
1086705
1090097
1090337
1093106
1093429
1107633
1108614
1108900
1109116
1115203
1115424
1118418
1123663
1123976
1125143
1686906
1691670
1695459
1696835
1698034
1699273
1699294
1704217
1705496
1709065
1710388
1717695
1719081
1726136
1726592
1727343
1729612
1733366
1739870
1740601
1741127
1744343
1744717
1749645
1758900
1763323
1768804
1772816
1777235
1783240
1783578
1784272
1788007
1788528
1791794
1793784
1794190
1795563
1796890
1801536
1802823
1808034
1808149
1808760
1810581
1810703
1812263
1816945
1818846
1820722
1823330
1823512
1824050
1829568
1832603
1834585
1839053
1840941
1845529
1846548
1850976
1855521
1857141
1859216
1860000
1860570
1862106
1866852
1867993
1872295
1874871
1878610
1881237
1882026
1887555
1889425
1891791
1898992
1904164
1912059
1912845
1914550
1917043
1919734
1921300
1928537
1931611
1931644
1932539
1935254
1936980
1939345
1945409
1946351
1947239
1948413
1951126
1954949
1957769
1961365
1964235
1964567
1966640
1972374
1973589
1979875
1983992
1988621
1989184
1991893
1996050
2000410
2001059
2001575
2001710
2003852
2004618
2004621
2007556
2007627
2008367
2012183
2015236
2016031
2017465
2018408
2021773
2023263
2023461
2029028
2033021
2035179
2035208
2036283
2038896
2040199
2043338
2044303
2044656
2045063
2046074
2046383
2047454
2048712
2055355
2055556
2058291
2060203
2062014
2063427
2064555
2074666
2077204
2077563
2078151
2078917
2078943
2084973
2092502
2093463
2095743
2101256
2102861
2106333
2108875
2112452
2114772
2117427
2119868
2121378
2122018
2124810
2127103
2128444
2136697
2140042
2141015
2144357
2147273
2148544
2148996
2150202
2157350
2157754
2160702
2163416
2163688
2164288
2165057
2169434
2169650
2173012
2178329
2180990
2183362
2184768
2189103
2192839
2198478
2200131
2201039
2201266
2201891
2208948
2219453
2220223
2222122
2224392
2225578
2229139
2234055
2235908
2237535
2238289
2238783
2242328
2242994
2243813
2247683
2249426
2251633
2255486
2256406
2259182
2259492
2260364
2261083
2266252
2267954
2270936
2271787
2275695
2276586
2284651
2286095
2288614
2291232
2293005
2293179
2294599
2302330
2304198
2305996
2306621
2307896
2311217
2311480
2312123
2314973
2315517
2317879
2318109
2318484
2321760
2321909
2329663
2330063
2330087
2331399
2333168
2334873
2336126
2337567
2340588
2345983
2346786
2349885
2350389
2354386
2357870
2359480
2364264
2366467
2366757
2367986
2372140
2372674
2373471
2377751
2381259
2382785
2389890
2390368
2391898
2392383
2399740
2400198
2402053
2408995
2410692
2411060
2413697
2414824
2418566
2419838
2420324
2421240
2422501
2423063
2423456
2423799
2424595
2424814
2425130
2426244
2428397
2429256
2430162
2432146
2435092
2437390
2440186
2440405
2440597
2442143
2444410
2459169
2459708
2459931
2460370
2460802
2461907
2463985
2464344
2468280
2468706
2469334
2469679
2474115
2478733
2480387
2485726
2486524
2488954
2491464
2491616
2492240
2492262
2496661
2500415
2501952
2501961
2504930
2507357
2509380
2512019
2512878
2515349
2516599
2518372
2523286
2523340
2524445
2525304
2526887
2529311
2530128
2538038
2543617
2544108
2544374
2545821
2547465
2548747
2550819
2554442
2556543
2557913
2560443
2562572
2564845
2565683
2567053
2568355
2571026
2571558
2572625
2573016
2575804
2576497
2578118
2580499
2586122
2586565
2589449
2589501
2590165
2593175
2595930
2596704
2598772
2599691
2599720
2600526
2602312
2603022
2604276
2611952
2615417
2617337
2617879
2619121
2619163
2621361
2621599
2621666
2621980
2632781
2635027
2639192
2640695
2641964
2643608
2646676
2648008
2648225
2648583
2653451
2655569
2659121
2661093
2661547
2661645
2661991
2666055
2674380
2679414
2679689
2681017
2681496
2682066
2684505
2688060
2690730
2690939
2692990
2695146
2695377
2701622
2701893
2702295
2703607
2707292
2714473
2718449
2726309
2730844
2732299
2733390
2733540
2735705
2737622
2738443
2738947
2741979
2744942
2749308
2751349
2752009
2758473
2760102
2762592
2762940
2763865
2764607
2771468
2772028
2772247
2775031
2779443
2785021
2790965
2791747
2794454
2794630
2798137
2802201
2803240
2804080
2805750
2806595
2808938
2814518
2814894
2816682
2817807
2824342
2824360
2825192
2825827
2826920
2831438
2833790
2837744
2845931
2847779
2849670
2851351
2853832
2854812
2859439
2860441
2861146
2867268
2868245
2868939
2870767
2872999
2873937
2877346
2878364
2878381
2878541
2878742
2880424
2882005
2883119
2886231
2889591
2890390
2893069
2894398
2894724
2895376
2896065
2897453
2900086
2900761
2901846
2903721
2904628
2905334
2906214
2907759
2909373
2909454
2911619
2912466
2914762
2915116
2915616
2915758
2918397
2919405
2919701
2921585
2926290
2929187
2933260
2935356
2935596
2935601
2940048
2944150
2946009
2949946
2950533
2952128
2952598
2961369
2961422
2965367
2966343
2974940
2976721
2977402
2978907
2979612
2983722
2986003
2988165
2993479
2999165
3001633
3002950
3008015
3008096
3008764
3010146
3011726
3011853
3012872
3015338
3015556
3015579
3016962
3020775
3025165
3028939
3031959
3034279
3040448
3040525
3042544
3051392
3051898
3052242
3052292
3052952
3054841
3059250
3063575
3065439
3071546
3077670
3081371
3083213
3085891
3086203
3086256
3087681
3088075
3088850
3089049
3092320
3100242
3102122
3102945
3104964
3107319
3111455
3114284
3115406
3115853
3116027
3116223
3121861
3122469
3123158
3124977
3128576
3130422
3136353
3138716
3144163
3146724
3148758
3150263
3150303
3151735
3152039
3154956
3155929
3159511
3163793
3165224
3166426
3168247
3172957
3174436
3179790
3179901
3180660
3184727
3185181
3188904
3190790
3191138
3191145
3191532
3193045
3194275
3195895
3196185
3200881
3201540
3203944
3207666
3207786
3209151
3210318
3211336
3213905
3216484
3216607
3217518
3223230
3225733
3232431
3232827
3241009
3242803
3243833
3245526
3248092
3250564
3251508
3253075
3258612
3261100
3262758
3265582
3267785
3267838
3273400
3275963
3281403
3281458
3282080
3286128
3289332
3293361
3293530
3295027
3295963
3298316
3298865
3300176
3300302
3301138
3302471
3303087
3308280
3310449
3310565
3311239
3312606
3313928
3318153
3318606
3323253
3323726
3324143
3325115
3330036
3330677
3337155
3338460
3344169
3347495
3349794
3352520
3356062
3356852
3358107
3358444
3361922
3362543
3368099
3370810
3373419
3373704
3374913
3375323
3377869
3387394
3390412
3390558
3391710
3391792
3391928
3392675
3393619
3395994
3396012
3405521
3406859
3412434
3413854
3415029
3415258
3417910
3418919
3420201
3425576
3429620
3429899
3430216
3430464
3431207
3432554
3432804
3432850
3433495
3443260
3466779
3467340
3473578
3479989
3484773
3496001
3498565
3499580
3501482
3503135
3504119
3508409
3509896
3510414
3513113
3514490
3516431
3518459
3519522
3519627
3521311
3522283
3522920
3525224
3528055
3532008
3533561
3538049
3539455
3542712
3546690
3555422
3555661
3556131
3559651
3561945
3561991
3562802
3563020
3568506
3571713
3572342
3573233
3573275
3573604
3574312
3579018
3588153
3589059
3595231
3596804
3598540
3599510
3600871
3602442
3606112
3606164
3606683
3607524
3608344
3612790
3613203
3614440
3618550
3621009
3623222
3630409
3633624
3634748
3636238
3639717
3639980
3640768
3643001
3643742
3652055
3652135
3653649
3653695
3654606
3657395
3657720
3660762
3660897
3667226
3668543
3670815
3673530
3673922
3674037
3680600
3681104
3685486
3687719
3687964
3689063
3690338
3692658
3698412
3699307
3702285
3704859
3705985
3710624
3711532
3714045
3724693
3724754
3725851
3726295
3730175
3734128
3734473
3737253
3740376
3745216
3747302
3750028
3750925
3755195
3755883
3762626
3764081
3766019
3768750
3769580
3773356
3777702
3777779
3778053
3781214
3782354
3785462
3785654
3791746
3802589
3804210
3804945
3807648
3809337
3809601
3811462
3812222
3821891
3822016
3825956
3826189
3826270
3826626
3827250
3831731
3832520
3836705
3839920
3840658
3857235
3858237
3858423
3861537
3872754
3874218
3878564
3879377
3879446
3887209
3891301
3891957
3896489
3899190
3907597
3907997
3910337
3912970
3913702
3915161
3920883
3922677
3923042
3923473
3924242
3926581
3932194
3935186
3936259
3939339
3944785
3950610
3951560
3953792
3957035
3960271
3961191
3961985
3963361
3964243
3965729
3968335
3975946
3977667
3978173
3978327
3978345
3979610
3979711
3979951
3980069
3980442
3983969
3984782
3985627
3990790
3992476
3994414
3996736
3997112
4013443
4017242
4017940
4018155
4018775
4018832
4021592
4022193
4025105
4025858
4027084
4033789
4034143
4037285
4039827
4040887
4042484
4044794
4047634
4049557
4051084
4053465
4053603
4055351
4056049
4057722
4063097
4072006
4072973
4073374
4076585
4077570
4078847
4083154
4084568
4084632
4085819
4098221
4099850
4105857
4108362
4108446
4110419
4110832
4112345
4116813
4120425
4126924
4130524
4131096
4131139
4132876
4134262
4134392
4138704
4140165
4141731
4147960
4150567
4151337
4151450
4151847
4155397
4159174
4159835
4160164
4160495
4162546
4169129
4169148
4174830
4180468
4181780
4184222
4187831
4189683
4194794
4195256
4196312
4207330
4207485
4209698
4210149
4210929
4211676
4211813
4212255
4212648
4213460
4213558
4214294
4219740
4220190
4222123
4223788
4228978
4233201
4238819
4239046
4240163
4245153
4246372
4246560
4246699
4246843
4251369
4255160
4262520
4268137
4268179
4276247
4281295
4281493
4285843
4290305
4291273
4294702
4294964
4295182
4296486
4308992
4310040
4311488
4312367
4313047
4320105
4320592
4325641
4325855
4326211
4326808
4326882
4327184
4328273
4331489
4331836
4335001
4335901
4337237
4338176
4338847
4339677
4342017
4351122
4357093
4358478
4360471
4361348
4363919
4364098
4369061
4370553
4371639
4381609
4390064
4391248
4391811
4398525
4398824
4402855
4405313
4408128
4411185
4416134
4419210
4420365
4421825
4422085
4424072
4424548
4424821
4426640
4427815
4437754
4440684
4442398
4443243
4447217
4448762
4448910
4453349
4454748
4460869
4460968
4462485
4470449
4472706
4476802
4478963
4481225
4481334
4484746
4488699
4490307
4493897
4494714
4498548
4499697
4499810
4504198
4505073
4507143
4507518
4509506
4509508
4514184
4517031
4517295
4520035
4521494
4527949
4529505
4530138
4533006
4535012
4536616
4538216
4539494
4540413
4541807
4546082
4547843
4548369
4553298
4554191
4555570
4559146
4559155
4559945
4561422
4564188
4564604
4564714
4566303
4566884
4573208
4574393
4577276
4577943
4578241
4578537
4580535
4591553
4594346
4594464
4596180
4598242
4600392
4600507
4601055
4601713
4604138
4606359
4612854
4618538
4623427
4624406
4624908
4626875
4634153
4638035
4639563
4639841
4640471
4640619
4643534
4643632
4644305
4648080
4654974
4655637
4658296
4659283
4663926
4666944
4668192
4672207
4674817
4675189
4676614
4679539
4686528
4686953
4687547
4697622
4700458
4700462
4702223
4704461
4704537
4708680
4709053
4711950
4712820
4713015
4719179
4719554
4721117
4722422
4723049
4726485
4728266
4731696
4733129
4733582
4740637
4740750
4742430
4745050
4749099
4749970
4751662
4754517
4757877
4762500
4765297
4766193
4768515
4768935
4773125
4774119
4775289
4778326
4778567
4780308
4781357
4782472
4783461
4789303
4790080
4790562
4793991
4796156
4805748
4807527
4807850
4807998
4810708
4813702
4814692
4817476
4822772
4826641
4827543
4828129
4834965
4838624
4844554
4845122
4845239
4847511
4848632
4852027
4854725
4856032
4856898
4861575
4861654
4862409
4864361
4869944
4875497
4881434
4885204
4886640
4887946
4889104
4889715
4894188
4903941
4911555
4911935
4917674
4917807
4922665
4923099
4926830
4933131
4940022
4949057
4950447
4951465
4952324
4953318
4953995
4957744
4958277
4958385
4959372
4959373
4963407
4964868
4966506
4967602
4973317
4975832
4979573
4983192
4985215
4986994
4987380
4989647
4994516
4995345
4999989
5000827
5001104
5002356
5006663
5025203
5026993
5027916
5030154
5032049
5037878
5044127
5048262
5051164
5051518
5058860
5059739
5067125
5067346
5069137
5069144
5069323
5071967
5073230
5073701
5074009
5074203
5076213
5076535
5078552
5085375
5085778
5087182
5087759
5088571
5091636
5098331
5100774
5100778
5102250
5102375
5104570
5104876
5108953
5109775
5112385
5120271
5122486
5123508
5125546
5129796
5130024
5131464
5131786
5133386
5133879
5136872
5152345
5158072
5161030
5162075
5163856
5164242
5164602
5166749
5174352
5174611
5177439
5178897
5184986
5185099
5186094
5186319
5190282
5191627
5193200
5194141
5194388
5195815
5196500
5197081
5197848
5204000
5209996
5210300
5219049
5223500
5228283
5236221
5238005
5239254
5240024
5241235
5243721
5245502
5246815
5248729
5248854
5256590
5258492
5258896
5263562
5263753
5265612
5266802
5267907
5269299
5271793
5271881
5275562
5279490
5282548
5287887
5292219
5304787
5304854
5306843
5309088
5310660
5310880
5311596
5313503
5319631
5320309
5321227
5323195
5326646
5331706
5331855
5332226
5335444
5338743
5340622
5359148
5366373
5369043
5369137
5370529
5375071
5375930
5377036
5382726
5383872
5385839
5390342
5390492
5393480
5393530
5393880
5394148
5400331
5406600
5408160
5413452
5413853
5414076
5416151
5419387
5423478
5426994
5434630
5434705
5436537
5437964
5439687
5439867
5441476
5444813
5447246
5447375
5448786
5454855
5456796
5460868
5463350
5465267
5465433
5466196
5467290
5469119
5469994
5475773
5476787
5477434
5479204
5480919
5484046
5495498
5495982
5496021
5496751
5497171
5497295
5498223
5498772
5503340
5505496
5506602
5511755
5514861
5515395
5522189
5522760
5523019
5526856
5527996
5530723
5531170
5544807
5546091
5549599
5552748
5554187
5559208
5559435
5566131
5566144
5570445
5570532
5572626
5573918
5576490
5585380
5585480
5586933
5589977
5592543
5592925
5593444
5598287
5599469
5600335
5601937
5603503
5606143
5608636
5608814
5611424
5613963
5614665
5617090
5617611
5619937
5620411
5622835
5623839
5623880
5625751
5625822
5627410
5630671
5634853
5638629
5639153
5639294
5642964
5646672
5650847
5654215
5661978
5665293
5669011
5672176
5674124
5680515
5681483
5682826
5682940
5686905
5695036
5695627
5696705
5697194
5700413
5702572
5703127
5703813
5705025
5707677
5708757
5710437
5719235
5720853
5728776
5732902
5733576
5736543
5746624
5748463
5752190
5756067
5756557
5757196
5759740
5760444
5767218
5767569
5770827
5779319
5780689
5782748
5782835
5783270
5783277
5783325
5784500
5786108
5786180
5797789
5800189
5804480
5805934
5809521
5811637
5813063
5818945
5822535
5828655
5844516
5844607
5847981
5848131
5850538
5852743
5856583
5858772
5858896
5859719
5864991
5865345
5867099
5868664
5869033
5869357
5869645
5879316
5880278
5880311
5882837
5886060
5890123
5892197
5893602
5894263
5907760
5910106
5912935
5914195
5916916
5916950
5918244
5919530
5921686
5921793
5922344
5922455
5925300
5926539
5930617
5940952
5940966
5941147
5942118
5949972
5951028
5954286
5956235
5956945
5962233
5966129
5970379
5973517
5979671
5979966
5980490
5983483
5986267
5999971
6001257
6003510
6005373
6008449
6017610
6019449
6020282
6024971
6030648
6042652
6045290
6047005
6047333
6049662
6059018
6059572
6060942
6068220
6070290
6070924
6071042
6076280
6077418
6078594
6078654
6084870
6086681
6088248
6090206
6092034
6092657
6095928
6096233
6097151
6100654
6103758
6107167
6108299
6108953
6109685
6111220
6124323
6124785
6127031
6129998
6132842
6133258
6139083
6139996
6144089
6146661
6151109
6151620
6151817
6152171
6154697
6158962
6161273
6167150
6168779
6175625
6177950
6179285
6180267
6180309
6183211
6188028
6188711
6193159
6193783
6198953
6202504
6202650
6204585
6205119
6212243
6212586
6212762
6217654
6220641
6223041
6223775
6227812
6228015
6230091
6231064
6232127
6232145
6240255
6242113
6245005
6247460
6252637
6254535
6255417
6256652
6269443
6269648
6269937
6270294
6270859
6272474
6274555
6278387
6279262
6283012
6287960
6288520
6289964
6290442
6291345
6296498
6297147
6297596
6299274
6299606
6306022
6311455
6312296
6312636
6314912
6318466
6320681
6328457
6330412
6332912
6333865
6335225
6338907
6340063
6340965
6341003
6343156
6343622
6345416
6346647
6352601
6354578
6355459
6357784
6358386
6359446
6362129
6366817
6367511
6369345
6371477
6378741
6379610
6382977
6387414
6392100
6392931
6395860
6396303
6403033
6403604
6405027
6406314
6407695
6411914
6416214
6417247
6418807
6427226
6430505
6440154
6443109
6443411
6447637
6447957
6448988
6450867
6456814
6460419
6461547
6462268
6464935
6465547
6468813
6469868
6470225
6474897
6475689
6477174
6480293
6481277
6484925
6486848
6487658
6496812
6497013
6498475
6498703
6502073
6502427
6508772
6510784
6512209
6520525
6520621
6523610
6523676
6528613
6530299
6533449
6537418
6542789
6548280
6548575
6558319
6558807
6561467
6564875
6565324
6566079
6567470
6568581
6573489
6573660
6574199
6575482
6579467
6579831
6580864
6585935
6586151
6587535
6590065
6590785
6591103
6593124
6594865
6600161
6601141
6602488
6604040
6609734
6618825
6624676
6624906
6625239
6625822
6626478
6627127
6630089
6630716
6634266
6635914
6636442
6639849
6646151
6648344
6648757
6651204
6652070
6653151
6655477
6657592
6662636
6666998
6668536
6668594
6670604
6671490
6672345
6672944
6675328
6678602
6679337
6682039
6682893
6686503
6689261
6689661
6691584
6695090